,x,y,WdDnsty,Predicted,CV_Fold
0,-47.5709386305,-22.3459690795,0.702690839767456,0.5699022013494137,0
1,169.2540526965,-18.8876358845,0.539292693138123,0.5775490692137566,0
2,-52.3959384375,-12.7959694615,0.665852546691895,0.5525074757483325,0
3,-50.5792718435,-26.6376355745,0.550652146339417,0.5776687351215085,0
4,6.73739253049999,48.5290280855,0.626251637935638,0.6056930011298105,0
5,1.78739272850001,48.1623614335,0.601132452487946,0.5960283968033191,0
6,4.12905930150001,50.1456946875,0.601568341255188,0.5823108291921762,0
7,-88.9459369755,32.2290287375,0.456881403923035,0.5522338308627951,0
8,3.60405932250001,48.9290280695,0.468805193901062,0.6099076695606537,0
9,-86.3126037475,40.0040284265,0.46756699681282,0.5374653177485367,0
10,-86.6376037345,45.9790281875,0.419341564178467,0.5034165076526433,0
11,26.4540584085,58.4373610225,0.468865424394608,0.48768689843029644,0
12,11.5790590035,58.9290276695,0.492971032857895,0.47625606883204513,0
13,12.2373923105,44.5373615785,0.598457992076874,0.5684018136554917,0
14,-71.3542710125,46.6373614945,0.501360356807709,0.4943047528406774,0
15,-85.7876037685,43.5123616195,0.622015953063965,0.5139671531144753,0
16,-84.6959371455,45.3123615475,0.526885032653809,0.5042499400263458,0
17,-82.3959372375,47.6040281225,0.425732642412186,0.46142158198710986,0
18,-62.7959380215,46.4040281705,0.493421524763107,0.4729885818049367,0
19,-94.6126034155,36.8540285525,0.612515270709991,0.5895050700020334,0
20,-63.5959379895,45.0040282265,0.458329290151596,0.48972484867095634,0
21,-62.3959380375,45.4040282105,0.498731672763824,0.4728489304328772,0
22,-84.2459371635,40.3373617465,0.586657106876373,0.5272355248475963,0
23,151.9123867235,-28.6209688285,0.782772183418274,0.6620214158726242,0
24,175.4123857835,-38.6876350925,0.582299113273621,0.6035423178916852,0
25,-76.3292708135,42.6623616535,0.657806754112244,0.529023476827549,0
26,-87.3376037065,37.4706951945,0.463540524244308,0.5897208947738586,0
27,-89.2709369625,36.4706952345,0.733346045017242,0.5812771947389211,0
28,-85.4709371145,36.4706952345,0.537249386310577,0.5544340455422835,0
29,128.3540543325,37.3040285345,0.495666414499283,0.5521300707684623,0
30,-76.9959374535,44.2040282585,0.57251513004303,0.4816531855410294,0
31,-86.8709370585,35.9540285885,0.624506890773773,0.57583323029941,0
32,-85.8792704315,38.6123618155,0.562779188156128,0.5573047559497397,0
33,-84.8626038055,32.6790287195,0.535565972328186,0.5521599418362176,0
34,-86.2376037505,34.5290286455,0.559047162532806,0.549329222984602,0
35,-76.1042708225,39.9706950945,0.410029262304306,0.5520876043467868,0
36,-88.2542703365,37.5540285245,0.571678221225739,0.5633978523889176,0
37,8.30405913449999,53.2040278985,0.562628328800201,0.5640682866566417,0
38,-120.3709357185,47.6373614545,0.436650097370148,0.4535340919944356,0
39,-80.9959372935,28.4373622225,0.399249196052551,0.5340546353214497,0
40,-122.8209356205,44.2706949225,0.490730434656143,0.5128143237245689,0
41,-117.9709358145,44.6373615745,0.44707852602005,0.4547526609956252,0
42,-106.8792695915,43.9290282695,0.443318277597427,0.45282312162542293,0
43,-113.4292693295,37.5206951925,0.711313307285309,0.48845707483530926,0
44,-107.9792695475,37.5873618565,0.416327297687531,0.42877384639039745,0
45,-104.7709363425,32.1040287425,0.514459013938904,0.5854912414895705,0
46,-120.5709357105,42.2790283355,0.415628373622894,0.4709002054944894,0
47,-106.8876029245,38.1956951655,0.442695915699005,0.43161835951554045,0
48,10.7957257015,45.8456948595,0.614164888858795,0.496232648705236,0
49,11.7540589965,46.1456948475,0.470132261514664,0.48540052045493265,0
50,-86.2459370835,31.4123621035,0.470116406679153,0.5632149037962028,0
51,-92.5126034995,30.7956954615,0.546361029148102,0.5498232209563677,0
52,-77.3126041075,34.9373619625,0.563404262065887,0.5362650336887769,0
53,-83.0792705435,29.6873621725,0.7774658203125,0.5192158580173558,0
54,13.1040589425,47.6040281225,0.425062477588654,0.49379444849707704,0
55,-82.1126039155,27.5206955925,0.650901556015015,0.530825589634989,0
56,-103.3709363985,52.4956945935,0.388208329677582,0.4272511352198627,0
57,-67.8709378185,48.2790280955,0.349681854248047,0.4757509369348921,0
58,-67.2709378425,48.8956947375,0.421226233243942,0.4859516393861608,0
59,-99.1126032355,34.5623619775,0.701229393482208,0.643227238982676,0
60,-97.5292699655,44.8623615655,0.577260613441467,0.5074699150707033,0
61,-119.9626024015,45.0623615575,0.450314611196518,0.4672958904246611,0
62,-95.1542700605,44.6123615755,0.514998495578766,0.5123776802500601,0
63,-117.4292691695,45.4456948755,0.424602657556534,0.47605700848934884,0
64,-96.9959366535,48.2123614315,0.565928399562836,0.5037502811434387,0
65,-92.6292701615,44.1540282605,0.464510709047318,0.5316284711008437,0
66,-86.7709370625,40.8206950605,0.531166613101959,0.5273153455883408,0
67,-120.5459357115,36.3123619075,0.693952739238739,0.5938048805548104,0
68,-122.0542689845,37.8040285145,0.640315771102905,0.6256699107253852,0
69,11.4373923425,42.9040283105,0.771180391311646,0.6276552937497566,0
70,-4.54594035150001,40.9123617235,0.584012627601624,0.5661797691964641,0
71,-5.2709403225,36.5206952325,0.75422728061676,0.6271389154315699,0
72,-75.4126041835,48.3040280945,0.454578250646591,0.446639120092173,0
73,-70.3542710525,45.9456948555,0.605308532714844,0.5332723934697855,0
74,-121.1959356855,57.2040277385,0.399971961975098,0.42409683547461857,0
75,-122.5959356295,56.4040277705,0.422986775636673,0.4370104614384795,0
76,-116.7209358645,47.0123614795,0.446166098117828,0.46245682912967095,0
77,-116.5959358695,47.8123614475,0.437306046485901,0.4583140655501194,0
78,-76.9209374565,50.0706946905,0.432570189237595,0.4491289204162438,0
79,-89.7959369415,51.0040279865,0.455943524837494,0.44668304981758555,0
80,-94.5959367495,53.6040278825,0.431366741657257,0.4510727561999038,0
81,-106.3626029455,54.4706945145,0.421144425868988,0.42513504164611976,0
82,-69.1626044335,49.9290280295,0.468121737241745,0.45277982106921144,0
83,-92.5959368295,53.2040278985,0.468668222427368,0.4468141007724713,0
84,32.1623915135,58.9623610015,0.505566656589508,0.5142105441937306,0
85,-91.9959368535,52.2040279385,0.454361647367477,0.44803601199335596,0
86,-66.7542711965,48.1790280995,0.663002371788025,0.4749030237473908,0
87,14.9540588685,37.8206951805,0.480744034051895,0.5832780440223316,0
88,-89.4542702885,46.7623614895,0.392515927553177,0.49847872003167354,0
89,-7.10427358250001,43.2040282985,0.556367635726929,0.5761673012178018,0
90,-0.962607161499989,44.3706949185,0.50644713640213,0.5480439838020582,0
91,6.9457258555,44.7540282365,0.471047341823578,0.45361638979803504,0
92,-111.3376027465,35.2873619485,0.57064163684845,0.5554153015367218,0
93,-106.0709362905,36.6790285595,0.440121561288834,0.4539292407052017,0
94,-101.7959364615,55.8040277945,0.458860605955124,0.4433485082456261,0
95,-4.65427368050001,37.1790285395,0.606798827648163,0.6128780927536313,0
96,-2.9292737495,38.4456951555,0.586789786815643,0.6117378692494214,0
97,-6.1292736215,36.3206952405,0.586789786815643,0.6027800724421587,0
98,36.2040580185,35.1456952875,0.767705202102661,0.5718580792804809,0
99,35.4623913815,33.4540286885,0.767705202102661,0.6139958754008641,0
100,-103.9876030405,32.8040287145,0.724089205265045,0.6435609766398257,0
101,32.6040581625,57.3623610655,0.477901041507721,0.488589136884839,0
102,-133.1959352055,59.4040276505,0.527999997138977,0.42351066750432076,0
103,-111.9959360535,57.8040277145,0.458860605955124,0.44116135003416834,0
104,19.8623920055,42.3623616655,0.660582900047302,0.5344643530758014,0
105,127.1790543795,37.8873618445,0.550833404064178,0.5463517298266356,0
106,-120.6376023745,40.0456950915,0.447803676128387,0.48183648206720686,0
107,-88.4959369935,31.1706954465,0.559924244880676,0.5330697016634066,0
108,-82.0042705865,31.0290287855,0.514448404312134,0.5043994836360559,0
109,10.9790590275,62.3540275325,0.584233999252319,0.4838429016975448,0
110,-111.5959360695,57.0706944105,0.418066442012787,0.4353240412157535,0
111,-108.2626028695,46.5623614975,0.452382743358612,0.4666216266312137,0
112,-109.3376028265,45.5873615365,0.448891758918762,0.48244107588341206,0
113,-103.0126030795,53.3623612255,0.407965987920761,0.42611508507009555,0
114,-99.8209365405,38.8123618075,0.403236269950867,0.5339244461113548,0
115,-98.2626032695,39.6790284395,0.564872920513153,0.5458139928693914,0
116,-102.5626030975,43.3123616275,0.442143887281418,0.47168126772656016,0
117,-102.7626030895,48.0790281035,0.529620468616486,0.49036413226492864,0
118,-100.9959364935,43.1873616325,0.525669932365417,0.47582890411901263,0
119,-98.2792699355,42.5123616595,0.602775633335114,0.5039780237654174,0
120,-98.5876032565,36.4540285685,0.644668877124786,0.6080964357686505,0
121,-117.2459358435,58.4456943555,0.413232743740082,0.42837537369605944,0
122,-98.0209366125,38.7956951415,0.531724035739899,0.5623346835754743,0
123,-109.6042694825,48.1540281005,0.455148190259933,0.4460469540858874,0
124,-94.2292700975,40.5790284035,0.546115040779114,0.5536877252196983,0
125,-91.3292702135,38.6290284815,0.598514199256897,0.554109524879294,0
126,-92.3209368405,38.3706951585,0.513723254203796,0.5719763108558723,0
127,-109.8376028065,46.2290281775,0.455700188875198,0.4734009275974092,0
128,7.46239250150001,59.4373609825,0.508073806762695,0.4731843383630883,0
129,-116.8792691915,34.3373619865,0.772112011909485,0.5837517237839241,0
130,-108.4876028605,38.2373618305,0.511347591876984,0.5274040222040769,0
131,-113.6876026525,36.7956952215,0.510863363742828,0.5802835890832959,0
132,-100.6292698415,29.2456955235,0.759218811988831,0.7047932049395419,0
133,-110.2792694555,36.3706952385,0.553230285644531,0.5204124566089582,0
134,-112.7709360225,35.7290285975,0.538078308105469,0.5537984929086357,0
135,-114.6126026155,39.5540284445,0.66412490606308,0.51610485559187,0
136,76.5373897385,11.6040295625,0.712903559207916,0.5623785538871866,0
137,-79.8626040055,9.1623629935,0.563436627388,0.5675218384638062,0
138,-55.7792716355,5.2623631495,0.62140291929245,0.6413884629944338,0
139,-76.5709374705,47.8956947775,0.457056641578674,0.45187710950824805,0
140,-84.2292704975,34.6623619735,0.53226763010025,0.5507736475273761,0
141,-86.0126037595,45.1040282225,0.717531323432922,0.5065723436953348,0
142,-110.6876027725,44.1206949285,0.425996333360672,0.4292210916056751,0
143,-115.5209359125,47.9790281075,0.448185086250305,0.43743040999925503,0
144,-122.1292689815,44.8623615655,0.432163745164871,0.4472474365183151,0
145,-79.3876040245,33.4790286875,0.575524568557739,0.5432599109865565,0
146,-107.0876029165,41.1290283815,0.407748520374298,0.4188132482337131,0
147,-125.5959355095,53.2040278985,0.423505634069443,0.43552486007105995,0
148,-130.5626019775,55.0206944925,0.425248324871063,0.45816744395494025,0
149,-85.7876037685,30.3040288145,0.487768769264221,0.5192185545061871,0
150,29.9373916025,60.2706942825,0.435169130563736,0.49066763469492297,0
151,-95.7959367015,55.0040278265,0.434069216251373,0.44545159905497417,0
152,-123.5959355895,61.8040275545,0.417730808258057,0.4357595068207377,0
153,-66.3459378795,52.7623612495,0.462668538093567,0.45948499285347,0
154,29.0373916385,61.1206942485,0.436583429574966,0.48543888587019673,0
155,34.1207247685,63.5206941525,0.485212206840515,0.48425353465151005,0
156,-120.5959357095,62.0040275465,0.454334080219269,0.433916030618242,0
157,32.4373915025,66.4456940355,0.486410349607468,0.4901958531183779,0
158,30.9707248945,65.5956940695,0.458692133426666,0.4890735856350198,0
159,-85.9959370935,48.2040280985,0.492385625839233,0.4598417176500956,0
160,147.7290535575,-23.2793023755,0.600658893585205,0.6876915615583922,0
161,145.4707203145,62.6373608545,0.398408591747284,0.45702983144444526,0
162,-123.1959356055,52.2040279385,0.427060097455978,0.4548141351464526,0
163,-97.4042699705,27.6040289225,0.724089205265045,0.6565873534818216,0
164,-107.1376029145,47.6040281225,0.466602772474289,0.4712678801055323,0
165,-102.1709364465,37.4623618615,0.408438384532928,0.5523371542270642,0
166,-102.9209364165,32.2623620695,0.724089205265045,0.6559691761919605,0
167,-102.4042697705,35.5790286035,0.724089205265045,0.6144864593806618,0
168,169.0873860365,-44.6959681855,0.749000012874603,0.5797665304707228,0
169,-115.6542692405,40.0623617575,0.509938538074493,0.5088650159190429,0
170,-119.5792690835,39.8623617655,0.509938538074493,0.5185033446102381,0
171,-113.1626026735,41.4373617025,0.509938538074493,0.5060785428925453,0
172,-111.2709360825,31.7706954225,0.786611199378967,0.6848899734820353,0
173,-112.4959360335,32.4540287285,0.786611199378967,0.7135668099978547,0
174,-107.6126028955,42.3290283335,0.443424880504608,0.4477629009693987,0
175,-111.9542693885,41.5123616995,0.702261924743652,0.49331963553346264,0
176,-107.4709362345,32.1290287415,0.724089205265045,0.7012332556793048,0
177,-122.7959356215,62.6040275225,0.458860605955124,0.4420373301737643,0
178,150.4207201165,66.9373606825,0.458860605955124,0.44296400582422,0
179,-74.2292708975,52.5706945905,0.458860605955124,0.4551384952921304,0
180,33.4707247945,68.7373606105,0.601725876331329,0.5042633950404972,0
181,-132.0042685865,56.7623610895,0.449999988079071,0.4619346118042531,0
182,-118.2626024695,34.2206953245,0.666599988937378,0.6401715104203495,0
183,-108.0792695435,36.8373618865,0.509938538074493,0.532713291773359,0
184,-51.4792718075,-26.6376355745,0.542491018772125,0.5794549709929853,1
185,-49.4126052235,-28.5293021655,0.50714099407196,0.5885216286197447,1
186,-0.720940504499993,49.0206947325,0.472585439682007,0.600369425179109,1
187,16.8123921275,49.3456947195,0.421036213636398,0.47734419496252983,1
188,29.3873916245,58.3956943575,0.423760861158371,0.4903594368124894,1
189,-85.0876037965,46.7456948235,0.420026510953903,0.47969756608535374,1
190,-89.4959369535,43.3123616275,0.573193371295929,0.5431370704054483,1
191,-95.7126033715,34.5040286465,0.617291748523712,0.576124322511845,1
192,7.92072581650001,49.0373613985,0.554216206073761,0.5995432345454873,1
193,3.00405934649999,49.5290280455,0.598527133464813,0.5552789192229556,1
194,-88.7709369825,42.7206949845,0.530032217502594,0.5412182051877678,1
195,1.8040593945,46.5456948315,0.595196783542633,0.5978798651170194,1
196,0.595726109499992,49.3706947185,0.667121410369873,0.5899418219628508,1
197,5.16239259349999,47.6456947875,0.64269095659256,0.6171623649163154,1
198,-79.4376040225,36.9706952145,0.509658575057983,0.5541019434969771,1
199,-93.0292701455,47.9040281105,0.486776560544968,0.4489004054645039,1
200,-84.5959371495,47.4040281305,0.423681259155273,0.472780949437429,1
201,-85.1792704595,44.5040282465,0.433038651943207,0.5272069113310298,1
202,-89.4126036235,35.1706952865,0.552021205425262,0.5776333115258753,1
203,-88.6209369885,45.8790281915,0.417896777391434,0.512507026804836,1
204,-77.6209374285,42.0373616785,0.525446951389313,0.5426056742092655,1
205,19.2207253645,51.3456946395,0.480919659137726,0.5395790278014236,1
206,3.2123926715,46.7790281555,0.593830287456512,0.5471289780069988,1
207,14.3707255585,41.9623616815,0.616205096244812,0.6563024097048697,1
208,4.32905929349999,48.0956947695,0.613822996616364,0.6036919426511275,1
209,-92.0126035195,32.2790287355,0.631451845169067,0.5489651619965714,1
210,29.1373916345,57.2456944035,0.492588520050049,0.4969787875603067,1
211,-92.0792701835,37.4540285285,0.65635472536087,0.5554192790461742,1
212,-81.5959372695,42.6040283225,0.460741072893143,0.5205890176090062,1
213,-72.0542709845,43.6373616145,0.487921506166458,0.5282731539632595,1
214,-90.8209369005,32.7623620495,0.611055254936218,0.5486032467138732,1
215,18.2207254045,49.2123613915,0.48131787776947,0.5129508413876738,1
216,-90.8376035665,32.0206954125,0.636714398860931,0.5509818961312352,1
217,-78.5292707255,39.5873617765,0.573983728885651,0.5402626271885261,1
218,-68.7209377845,44.9290282295,0.483690440654755,0.5259119248603725,1
219,10.3790590515,55.5373611385,0.521129727363586,0.5715234423346086,1
220,-85.8459370995,39.3790284515,0.440399885177612,0.5441752838344974,1
221,-91.4459368755,43.9540282685,0.498756110668182,0.5449712718022867,1
222,-90.8459368995,34.1790286595,0.501211225986481,0.5511856758834542,1
223,-86.6709370665,36.9373618825,0.63442999124527,0.5923695128873262,1
224,-81.2459372835,38.1123618355,0.536031901836395,0.5588287963979198,1
225,128.0957210095,42.3373616665,0.468107461929321,0.4662096334515267,1
226,-80.3709373185,37.6290285215,0.487231492996216,0.53729494496757,1
227,-81.9626039215,33.2623620295,0.512517511844635,0.5488877450271044,1
228,9.20405909850001,54.1040278625,0.549832880496979,0.5626487618591426,1
229,9.9373924025,56.2623611095,0.406536191701889,0.5180595094697633,1
230,8.44572579550001,56.7040277585,0.471295952796936,0.54967988430557,1
231,12.5040589665,51.6040279625,0.497566193342209,0.5638381075405917,1
232,12.2040589785,49.3040280545,0.461798965930939,0.5232772437154872,1
233,-87.8959370175,44.8540282325,0.505461812019348,0.5071038675693129,1
234,-85.5792704435,40.5290284055,0.613261163234711,0.5364513293241568,1
235,-85.0626037975,35.0040286265,0.467666953802109,0.5622191158702894,1
236,-114.4542692885,47.9623614415,0.456783890724182,0.46510838348893846,1
237,-114.0792693035,49.9706946945,0.459575086832047,0.4431669305584819,1
238,-105.2459363235,40.6540284005,0.444682598114014,0.48699685424224054,1
239,-106.2209362845,39.1623617935,0.428057193756104,0.41864915947652565,1
240,-121.8876023245,42.7706949825,0.405114263296127,0.45867610228946687,1
241,9.44572575550001,46.5040281665,0.463036239147186,0.4717399637161547,1
242,-120.8126023675,44.5540282445,0.441003620624542,0.455600694159999,1
243,-84.4209371565,31.3623621055,0.627712607383728,0.5424562779216751,1
244,-122.7209356245,46.7290281575,0.432339787483215,0.5477643657546641,1
245,-78.2459374035,34.8623619655,0.555685877799988,0.5306145569961573,1
246,-94.8126034075,32.9373620425,0.544258236885071,0.5812235094501252,1
247,-94.9709367345,32.0290287455,0.55633419752121,0.5910536152480714,1
248,-73.9292709095,49.2706947225,0.448911190032959,0.4516081442574793,1
249,37.6790579595,-3.3209698405,0.549713551998138,0.6510085700765607,1
250,-91.7792701955,42.0706950105,0.571957767009735,0.5336180470371449,1
251,-96.7376033305,41.7456950235,0.593772113323212,0.5362542855565658,1
252,170.6540526405,-45.8876348045,0.602143168449402,0.6250092348915883,1
253,-99.4292698895,40.6790283995,0.43239226937294,0.5017522021128316,1
254,-89.2459369635,41.3123617075,0.599869251251221,0.5339197161961027,1
255,-97.1709366465,40.9373617225,0.48708313703537,0.5337419725087742,1
256,36.1290580215,7.3373630665,0.704596102237701,0.5900042858518717,1
257,10.5873923765,43.4040282905,0.738415956497192,0.6080563298444669,1
258,4.51239261949999,44.5456949115,0.593169331550598,0.6056837210924219,1
259,-122.6126022955,38.7706951425,0.648614466190338,0.6260297203990146,1
260,15.0540588645,40.2623617495,0.634281814098358,0.6204026430251048,1
261,1.02072609249998,41.3040283745,0.519430816173553,0.6175508873045819,1
262,0.570726110500004,41.9623616815,0.609124183654785,0.615432114527422,1
263,6.56239253749999,43.6540282805,0.504562139511108,0.5904089342295137,1
264,8.9873924405,42.5040283265,0.618034899234772,0.5989085042326951,1
265,-72.6042709625,-38.6626350935,0.493933767080307,0.5651490810776794,1
266,-73.2876042685,10.5290296055,0.464486718177795,0.6059877004290984,1
267,148.5290535255,-35.0626352375,0.62027496099472,0.6334526381856025,1
268,-75.9959374935,47.1706948065,0.636046350002289,0.48870560310923983,1
269,-128.1959354055,57.0040277465,0.341758787631989,0.44749405831519656,1
270,-126.3959354775,56.2040277785,0.340912818908691,0.43493184813444236,1
271,-124.3959355575,53.2040278985,0.462657004594803,0.42981812431931865,1
272,-117.9959358135,53.6040278825,0.413975834846497,0.4315129230548181,1
273,-121.7709356625,45.7956948615,0.45927682518959,0.49022719457948943,1
274,-76.7792707955,49.1873613925,0.431897103786469,0.44153456054265783,1
275,-88.5959369895,51.4040279705,0.460965722799301,0.4519863750217086,1
276,-70.6542710405,49.8373613665,0.447905242443085,0.4657046088705106,1
277,-81.7959372615,49.4040280505,0.407303005456924,0.43472244776902286,1
278,-8.05427354450001,41.4123617035,0.60115259885788,0.5337529044384852,1
279,1.53739273849999,45.1956948855,0.60115259885788,0.5926384455793418,1
280,-2.09594044950001,48.4373614225,0.453659296035767,0.582120913817104,1
281,-3.42094039650001,43.1790282995,0.497124999761581,0.5944346211973799,1
282,12.0040589865,48.0040281065,0.425372093915939,0.544597045045358,1
283,5.7707259025,46.0956948495,0.624452471733093,0.603061491076146,1
284,0.745726103500004,47.9706947745,0.624452471733093,0.5940208844728716,1
285,1.37072607849998,48.8290280735,0.701584756374359,0.5937508335223312,1
286,-124.1376022345,40.4456950755,0.45969420671463,0.5717336675733811,1
287,-94.1792700995,43.7456949435,0.458057820796967,0.5285320909231238,1
288,-111.1292694215,47.9040281105,0.408438384532928,0.4840858594439666,1
289,-1.01260715949999,39.4623617815,0.606798827648163,0.6241674091989508,1
290,-15.6209399085,27.8706955785,0.610000014305115,0.6458150201252366,1
291,-3.90427371050001,39.4956951135,0.50644713640213,0.5957943367400623,1
292,-106.5876029365,55.6456944675,0.419999986886978,0.4226736726767904,1
293,126.5957210695,36.9123618835,0.531929969787598,0.5510569256087433,1
294,94.5707223505,28.1206955685,0.553742229938507,0.5265813460407017,1
295,-105.5042696465,32.6956953855,0.529397487640381,0.5574793779057642,1
296,-120.6709357065,39.0956951295,0.4252849817276,0.5374871969148972,1
297,-115.9959358935,50.4040280105,0.451584190130234,0.45188265333332134,1
298,-97.0876033165,28.5290288855,0.546274602413177,0.6540823732737663,1
299,16.5290588055,8.0790297035,0.619538307189941,0.6515997410914806,1
300,-103.4292697295,36.8623618855,0.569781422615051,0.5081175327410643,1
301,-106.5959362695,53.0040279065,0.394288152456284,0.43223916902973364,1
302,-100.6209365085,40.9290283895,0.533430635929108,0.48514298209276696,1
303,-111.1292694215,48.8373614065,0.433966010808945,0.4449502016942009,1
304,-100.5376031785,35.8623619255,0.585606932640076,0.5853544193311557,1
305,-98.6792699195,29.6123621755,0.665114879608154,0.6751454824826766,1
306,172.4373859025,-42.7459682635,0.720174729824066,0.5999915379612468,1
307,-108.7126028515,34.3123619875,0.569363474845886,0.5447322063576089,1
308,-115.5209359125,34.9956952935,0.494814276695251,0.6167064013247961,1
309,-61.4126047435,6.1123631155,0.757889866828918,0.610859277990537,1
310,-79.5292706855,42.3373616665,0.483210176229477,0.5406400748158653,1
311,152.2373867105,-31.6543020405,0.760829508304596,0.6564199164679886,1
312,-83.3959371975,48.4040280905,0.41890549659729,0.4262216538954456,1
313,175.5290524455,-36.7376351705,0.640231490135193,0.5758202813508269,1
314,-69.0709377705,45.8540281925,0.598588347434998,0.5235726013421842,1
315,-74.3042708945,41.1456950475,0.529821395874023,0.5313602363930527,1
316,10.5623923775,46.6123614955,0.439611852169037,0.47226791644084065,1
317,-123.2459356035,40.9040283905,0.577142715454102,0.4646063701279447,1
318,-123.8792689115,41.4540283685,0.487541764974594,0.5358132860141679,1
319,-121.8709356585,44.0206949325,0.446746379137039,0.4524971325293782,1
320,-104.9459363355,38.8540284725,0.439834713935852,0.4594426454299607,1
321,-123.5959355895,49.6040280425,0.421002209186554,0.4413327455561442,1
322,-127.8292687535,53.0706945705,0.403895258903503,0.48112905932877215,1
323,150.0207201325,61.4206942365,0.515123128890991,0.4476834139836666,1
324,-123.7959355815,57.8040277145,0.405647099018097,0.43741955267042737,1
325,34.2540580965,60.2040276185,0.504155039787292,0.4720473741952152,1
326,-123.1959356055,60.8040275945,0.396076649427414,0.4308631966883759,1
327,-100.7626031695,51.7956946215,0.425474166870117,0.42652881104866885,1
328,-80.7959373015,25.2706956825,0.686696231365204,0.5892307918061295,1
329,15.8790588315,41.7790283555,0.673325061798096,0.6205284438888209,1
330,-114.4626026215,37.3790285315,0.500356197357178,0.5354128912451063,1
331,-0.020940532499992,44.0540282645,0.50644713640213,0.5533242990450755,1
332,146.0957202895,-34.5876352565,0.714345395565033,0.6887491968540174,1
333,-103.5959363895,42.7956949815,0.440121561288834,0.4808463222898797,1
334,-104.1959363655,39.3956951175,0.440121561288834,0.4944078822675718,1
335,-107.0292695855,48.3790280915,0.408438384532928,0.4618709345334632,1
336,173.5123858595,-42.3126349475,0.47570925951004,0.5869229579183268,1
337,-101.4376031425,35.7206952645,0.724089205265045,0.6387628941841982,1
338,7.97905914750001,60.6790275995,0.591212034225464,0.49750306580271725,1
339,-149.5709345505,60.2540276165,0.449999988079071,0.4732180426870077,1
340,-117.2876025085,40.1623617535,0.509938538074493,0.5021700325877057,1
341,-113.1792693395,38.6040284825,0.509938538074493,0.5092213250734531,1
342,-102.6459364275,30.9540287885,0.724089205265045,0.6871303829697002,1
343,-118.5959357895,60.2040276185,0.458860605955124,0.4360297227073654,1
344,143.7790537155,-34.3459685995,0.714345395565033,0.6819426073078385,1
345,-107.5459362315,36.2123619115,0.565371692180634,0.5228816653879242,1
346,-119.6459357475,41.7040283585,0.512682497501373,0.49625869432254544,1
347,-53.6876050525,-26.9543022285,0.54560112953186,0.5834642111968837,2
348,-54.8376050065,5.4123631435,0.651885747909546,0.6074349452028954,2
349,-90.1042702625,44.1456949275,0.498309165239334,0.5208022673878213,2
350,-96.1626033535,32.0790287435,0.632477343082428,0.6421055772413105,2
351,-85.0959371295,31.8040287545,0.511938452720642,0.5560704863463529,2
352,5.6123925755,48.2956947615,0.658542096614838,0.6038823874875633,2
353,17.1957254455,48.3123614275,0.645988345146179,0.540702172996741,2
354,18.7123920515,43.3040282945,0.575315535068512,0.4935996612334762,2
355,-85.3959371175,37.3373618665,0.697795033454895,0.5578635912405977,2
356,-91.2959368815,46.6040281625,0.48331281542778,0.477052200670169,2
357,24.4873918205,58.8956943375,0.515654504299164,0.493907422059956,2
358,-92.9709368145,45.1623615535,0.521002888679504,0.4976469833314772,2
359,15.7957255015,50.7790279955,0.456201523542404,0.48838586577838167,2
360,-71.4292710095,44.2623615895,0.381632804870605,0.525932384810689,2
361,22.6123918955,54.9540278285,0.466620832681656,0.4960505912046977,2
362,-94.7709367425,34.7206953045,0.507235050201416,0.5673649635790918,2
363,-73.2459376035,43.0290283055,0.530538260936737,0.5682620930454757,2
364,-86.1959370855,44.2123615915,0.553798615932465,0.5171446380490765,2
365,174.5040524865,-39.2043017385,0.598918795585632,0.6091649405803504,2
366,-84.5126038195,36.5456952315,0.484857231378555,0.5475690072850496,2
367,-88.4709369945,34.9040286305,0.565789699554443,0.5725469596160273,2
368,-78.6376040545,42.8623616455,0.569916188716888,0.5346389838165407,2
369,-72.3292709735,45.3706948785,0.522810220718384,0.5595772189043593,2
370,-86.8292703935,38.0790285035,0.608123064041138,0.5708262847174923,2
371,-91.0792702235,36.7790285555,0.547098159790039,0.5624880403717506,2
372,-92.0876035165,45.9706948545,0.42807149887085,0.482133710771495,2
373,-80.5542706445,38.8623618055,0.579223036766052,0.5499632664922043,2
374,-90.6126035755,30.5040288065,0.576593637466431,0.5510578348857986,2
375,152.0040533865,-24.6709689865,0.769280433654785,0.6622246820967378,2
376,-95.3792700515,46.9540281485,0.399270176887512,0.4830471138396801,2
377,-87.5459370315,33.0290287055,0.554819881916046,0.5383379825921579,2
378,-90.5876035765,35.0206952925,0.687203109264374,0.5507339608238616,2
379,-89.9792702675,32.3123620675,0.520906209945679,0.5590513188554436,2
380,13.0040589465,54.4040278505,0.488404482603073,0.5658475377027492,2
381,-82.8709372185,32.0123620795,0.501713037490845,0.5375483774585763,2
382,-86.7292703975,30.4373621425,0.426072180271149,0.5385333395989982,2
383,-109.4876028205,33.9706953345,0.424822628498077,0.4587339623145048,2
384,-124.3292688935,42.0956950095,0.43867564201355,0.5444216522997949,2
385,-108.3876028645,32.6040287225,0.612528562545776,0.5958421089199444,2
386,-80.6459373075,33.1206953685,0.489423871040344,0.5243873030554854,2
387,-76.1126041555,39.1956951255,0.548924267292023,0.5515120775429894,2
388,-111.5626027375,44.7040282385,0.437725871801376,0.4252338261734735,2
389,6.8207258605,46.2790281755,0.47804468870163,0.5058449598638733,2
390,-81.9959372535,26.7790289555,0.477446645498276,0.5691077784090113,2
391,-54.5959383495,49.2040280585,0.461963504552841,0.47571341606614126,2
392,-93.9959367735,50.8040279945,0.484801054000854,0.4390068203010996,2
393,-77.8292707535,49.5206947125,0.418347537517548,0.4439672678237222,2
394,-101.0876031565,52.5956945895,0.42076912522316,0.428942899828583,2
395,-93.5626034575,42.1373616745,0.503118693828583,0.540754330235983,2
396,-90.5709369105,42.0790283435,0.463718742132187,0.5421253951419495,2
397,23.5123918595,69.9290272295,0.568554818630219,0.5061387153468413,2
398,-117.5959358295,33.7456953435,0.650129854679108,0.6426904219074813,2
399,-69.1376044345,46.7456948235,0.536748588085175,0.5028128086760449,2
400,-119.1959357655,49.2040280585,0.470022678375244,0.43557398737083,2
401,-118.2626024695,57.2206944045,0.414894968271255,0.43073160442100844,2
402,-124.5959355495,55.4040278105,0.421210378408432,0.4181480250935263,2
403,-118.6626024535,54.5623611775,0.423752695322037,0.43709223611326026,2
404,-114.9709359345,51.3623613055,0.427040338516235,0.43429326474408375,2
405,-129.9959353335,58.6040276825,0.509579062461853,0.4292294931676014,2
406,-79.1959373655,49.4706947145,0.456559360027313,0.4433101977543839,2
407,-60.1959381255,53.8040278745,0.456945180892944,0.45675554033260346,2
408,-123.5959355895,59.8040276345,0.467698276042938,0.4358437349622816,2
409,-59.2709381625,51.3956946375,0.462194204330444,0.4493340092362833,2
410,-64.3376046265,50.4206946765,0.448633134365082,0.4557910982206475,2
411,-83.5959371895,49.6040280425,0.365125119686127,0.42832882483571805,2
412,-114.7959359415,58.2040276985,0.399531304836273,0.42584590617079704,2
413,-66.5959378695,47.4040281305,0.508915662765503,0.4867762890593318,2
414,-66.1126045555,52.0206946125,0.458773702383041,0.459715861510299,2
415,-91.5876035365,45.2206948845,0.392515927553177,0.514277980794848,2
416,177.8040523545,-38.6793017595,0.71399998664856,0.6188904668308064,2
417,-77.9959374135,44.0040282665,0.307142853736877,0.5317275860809411,2
418,5.81239256749998,59.7623609695,0.477901041507721,0.47171248522511955,2
419,13.6957255855,68.2123606315,0.591212034225464,0.5054275875886667,2
420,-81.1792706195,29.3040288545,0.488000005483627,0.5551391831083861,2
421,-92.9626034815,43.4373616225,0.629999995231628,0.5134218814874171,2
422,-2.14594044750001,37.8873618445,0.606798827648163,0.6050311386633542,2
423,-1.1709404865,40.8040283945,0.614486873149872,0.5734389185963004,2
424,-7.80427355450001,38.9956951335,0.642181217670441,0.6471789094914722,2
425,-6.6042736025,37.0873618765,0.586789786815643,0.6336060967713524,2
426,-8.7626068495,40.2623617495,0.50644713640213,0.5864914304705058,2
427,-92.9959368135,49.2040280585,0.458860605955124,0.45925520485888094,2
428,-80.5959373095,49.2040280585,0.458860605955124,0.4411235646225237,2
429,-98.7959365815,57.2040277385,0.458860605955124,0.44920568277930883,2
430,-69.1959377655,-12.4959694735,0.538740277290344,0.5830856911071897,2
431,6.86239252549998,47.7540281165,0.520334005355835,0.5539076026995702,2
432,36.0123913595,58.5540276845,0.461842238903046,0.4990591903642604,2
433,-81.3709372785,32.4623620615,0.496280044317245,0.5310640282389189,2
434,-121.8042689945,40.5540284045,0.460868626832962,0.5025562877737931,2
435,30.2207249245,62.3706941985,0.446204423904419,0.47170791101872844,2
436,12.5540589645,64.6373607745,0.467583477497101,0.4868006470572349,2
437,-103.6792697195,41.7123616915,0.44558709859848,0.48527032614096405,2
438,-99.3126032275,30.6290288015,0.668002545833588,0.6723727647659159,2
439,-98.7709365825,33.4790286875,0.73572438955307,0.6925390396938202,2
440,-97.4542699685,45.9373615225,0.604839205741882,0.5040454783352897,2
441,-100.1459365275,37.4706951945,0.408800065517426,0.565006145658561,2
442,-100.1292698615,30.4040288105,0.719676077365875,0.6547896802265256,2
443,150.1707201265,-31.8126353675,0.658675134181976,0.6443270328477211,2
444,-101.8626031255,44.8623615655,0.437042862176895,0.47888568566315104,2
445,-98.3292699335,44.3873615845,0.441990166902542,0.5206542024618481,2
446,-103.9376030425,47.9706947745,0.409490197896957,0.5016254769591422,2
447,-100.6709365065,44.0790282635,0.467205822467804,0.4899634976045299,2
448,-90.1209369285,38.9623618015,0.50613921880722,0.5528306518320995,2
449,-98.0959366095,34.9290286295,0.523501574993134,0.6676405275688689,2
450,-95.0876033965,36.1956952455,0.633624672889709,0.5890939652825554,2
451,-93.5459367915,39.6540284405,0.597030758857727,0.5525760122072038,2
452,2.4457260355,41.9373616825,0.71862667798996,0.6023027499757694,2
453,-109.4042694905,36.0456952515,0.56936913728714,0.5302116512317029,2
454,-107.8876028845,34.5873619765,0.494300931692123,0.5309185686204436,2
455,-108.9792695075,40.9040283905,0.73034256696701,0.48741779898950166,2
456,-110.4626027815,31.4206954365,0.728516519069672,0.6247135354944485,2
457,-61.6876047325,8.1123630355,0.710212051868439,0.6324334922338105,2
458,152.0790533835,-30.7626354095,0.788538217544556,0.6436535526343413,2
459,149.9207201365,-36.5793018435,0.727930903434753,0.6571019149871512,2
460,-71.6876043325,-40.0876350365,0.564669072628021,0.5326390779646577,2
461,-115.5542692445,46.6706948265,0.417405724525452,0.48935902071964194,2
462,-111.0042694265,47.0456948115,0.458242326974869,0.43501259704886636,2
463,-145.3959347175,60.5373609385,0.411090433597565,0.4832580392969224,2
464,-123.3959355975,54.6040278425,0.423407018184662,0.4193894877507342,2
465,-123.9042689105,42.7956949815,0.458278357982635,0.5104016998545668,2
466,-114.2792692955,46.0290281855,0.395243287086487,0.4370591689166168,2
467,-58.0292715455,51.6456946275,0.449969291687012,0.45925930401147635,2
468,-129.7959353415,66.8040273545,0.447478771209717,0.44585863418679356,2
469,-62.3959380375,53.2040278985,0.456125974655151,0.45490674818764315,2
470,-93.1959368055,51.6040279625,0.441526025533676,0.4492240660436906,2
471,-110.5959361095,58.6040276825,0.46540179848671,0.4419304019056776,2
472,-68.0542711445,49.7706947025,0.426590502262115,0.45317152166172936,2
473,150.2457201235,62.5123608595,0.460070252418518,0.4434211321775883,2
474,145.0707203305,63.8040274745,0.451738327741623,0.4396814285064121,2
475,-99.1876032325,52.9123612435,0.433134943246841,0.4482843447899724,2
476,-115.5959359095,62.0040275465,0.410941451787949,0.44491832214384597,2
477,33.3457247995,62.3873608645,0.501681685447693,0.48416168493602535,2
478,-117.1959358455,60.0040276265,0.377963781356812,0.43026382820657705,2
479,142.4873871005,63.3956941575,0.461858779191971,0.4325534717506908,2
480,149.2373868305,-25.6376356145,0.763307571411133,0.6647655285627772,2
481,-87.8209370205,42.5290283255,0.441788077354431,0.5211484200175455,2
482,21.5207252725,69.4456939155,0.421739548444748,0.5112372941735276,2
483,-114.0292693055,38.1040285025,0.495692789554596,0.5267795215939873,2
484,16.7873921285,50.2040280185,0.420257836580276,0.47473291902992387,2
485,6.40405921050001,50.4040280105,0.439465820789337,0.5084988413434506,2
486,5.97072589449999,58.6623610135,0.5,0.49926772675878806,2
487,-97.8042699545,26.7956956215,0.724089205265045,0.6699730924067194,2
488,-102.4209364365,46.7290281575,0.581285715103149,0.5057129064307505,2
489,-101.0709364905,34.7623619695,0.724089205265045,0.6713372686728951,2
490,-101.9209364565,31.4956954335,0.724089205265045,0.671756169110006,2
491,-101.6376031345,32.6790287195,0.724089205265045,0.6866246110253414,2
492,18.8457253795,68.6540272805,0.591212034225464,0.513169549675169,2
493,-109.7709361425,40.1956950855,0.418509840965271,0.4978366267651949,2
494,-108.1042695425,40.5706950705,0.509938538074493,0.5126058161569409,2
495,-120.5376023785,43.1373616345,0.512682497501373,0.5050531134510732,2
496,-99.2542698965,27.9373622425,0.724089205265045,0.7288269433708505,2
497,-100.1626031935,28.6540288805,0.724089205265045,0.719213858019167,2
498,-125.7959355015,55.0040278265,0.43238040804863,0.4238098664274031,2
499,30.7790582355,59.1206943285,0.477901041507721,0.49283196577835237,2
500,-150.3792678515,60.9290275895,0.458860605955124,0.4743744709714982,2
501,-117.5709358305,36.9040285505,0.676557004451752,0.5141627016690443,2
502,-113.1626026735,39.9623617615,0.509938538074493,0.5133363168791564,2
503,-113.5292693255,43.4206949565,0.443424880504608,0.4939907278168505,2
504,-89.4959369535,16.5040293665,0.619814217090607,0.5613805459183376,3
505,-53.2792717355,-26.2793022555,0.592341959476471,0.5739796845788893,3
506,-84.0209371725,10.4206962765,0.497721463441849,0.5648202223597902,3
507,-91.7459368635,16.0040293865,0.68026202917099,0.6048526209246612,3
508,-75.9709374945,44.1373615945,0.552504301071167,0.5302150253528275,3
509,-2.8042737545,47.7956947815,0.566510021686554,0.56413310389417,3
510,8.20405913849999,47.0373614785,0.59611576795578,0.566932863237625,3
511,15.1873921925,44.4873615805,0.658253967761993,0.5597004691438833,3
512,4.41239262350001,46.9373614825,0.601265013217926,0.6017797822249273,3
513,-0.454273848500009,47.9290281095,0.690080165863037,0.5855124135902736,3
514,16.0373921585,48.8373614065,0.675779521465302,0.5416733046798644,3
515,-81.3959372775,44.0040282665,0.542925417423248,0.4899273527296646,3
516,-81.1959372855,44.8040282345,0.338334530591965,0.5044642751107768,3
517,-81.5292706055,37.2623618695,0.581655442714691,0.540912510915334,3
518,-82.1376039145,35.4373619425,0.522297441959381,0.5475150376581553,3
519,-71.8626043255,42.6373616545,0.424201905727386,0.5486959306486229,3
520,11.6123923355,54.7790278355,0.659419238567352,0.5390224567210709,3
521,-3.36260706550001,48.4206947565,0.627412080764771,0.5833821331204901,3
522,5.4290592495,49.5040280465,0.661186039447784,0.6101104349621124,3
523,-64.7959379415,45.4040282105,0.40529128909111,0.5082789357836868,3
524,-61.3959380775,45.2040282185,0.445196837186813,0.4977829274133373,3
525,-87.6709370265,35.3123619475,0.570370197296143,0.547053130648785,3
526,-88.5459369915,35.6290286015,0.597741365432739,0.5751665304950246,3
527,-92.3792701715,36.7290285575,0.584586322307587,0.5750540511094284,3
528,-86.1959370855,42.8206949805,0.447612285614014,0.529064007985496,3
529,-80.3959373175,42.8040283145,0.524569869041443,0.5117701844274894,3
530,-87.7626036895,36.0456952515,0.564470827579498,0.5661223041750876,3
531,9.48739242049999,44.4123615835,0.651974856853485,0.564018343728331,3
532,-90.0292702655,33.7790286755,0.509202003479004,0.5653813199836508,3
533,-67.9126044835,46.2206948445,0.599993109703064,0.5196698959321449,3
534,-85.6709371065,33.9206953365,0.608430027961731,0.5439151978978745,3
535,-86.7709370625,32.2040287385,0.641280651092529,0.5545347010483465,3
536,-83.3126038675,35.2206952845,0.529810428619385,0.541188788859672,3
537,-84.8792704715,39.2123617915,0.685270249843597,0.5515067603720554,3
538,-81.7959372615,47.0040281465,0.472714453935623,0.4507075702224232,3
539,-72.6376042945,41.4456950355,0.488052010536194,0.5294701372329782,3
540,-83.5709371905,39.0290284655,0.545347273349762,0.5441387531850882,3
541,-84.2459371635,41.6123616955,0.50099903345108,0.5099694558330788,3
542,-83.4709371945,36.3623619055,0.464947074651718,0.5731911107823613,3
543,-82.7042705585,35.9873619205,0.497369229793549,0.5516567836960876,3
544,-89.3626036255,37.6873618525,0.541012167930603,0.5730438728285648,3
545,118.1123880755,29.2456955235,0.50991278886795,0.5502475244538506,3
546,7.7040591585,52.1040279425,0.522083699703217,0.5502898895546873,3
547,8.7040591185,48.2040280985,0.463220447301865,0.5151463751243015,3
548,9.60405908249999,48.9040280705,0.512756049633026,0.5226195892732776,3
549,-120.2876023885,48.6040280825,0.442779511213303,0.4390046255784259,3
550,-82.6292705615,29.0456955315,0.512660443782806,0.5736236831466671,3
551,-120.2376023905,37.9456951755,0.573378682136536,0.604822737225457,3
552,-105.0626029975,37.7290285175,0.549866259098053,0.514946065696628,3
553,-111.4209360765,34.2206953245,0.501547455787659,0.651694995742892,3
554,-114.9959359335,47.2790281355,0.470869392156601,0.44634063299654214,3
555,-109.2959361615,46.8540281525,0.452796012163162,0.4498350750830649,3
556,-116.6792691995,46.1456948475,0.441145747900009,0.4588665542775417,3
557,-104.4959363535,37.0956952095,0.458929717540741,0.5077581486108033,3
558,-78.8292707135,35.4373619425,0.535619497299194,0.5549951603496367,3
559,-110.6542694405,39.8873617645,0.458620518445969,0.43775928398362746,3
560,-124.0792689035,46.8040281545,0.424974620342255,0.5281439154017786,3
561,-106.7792695955,35.7706952625,0.4456827044487,0.5115323653091888,3
562,-107.4042695705,33.5290286855,0.695696830749512,0.527591049119213,3
563,-75.3042708545,38.4206951565,0.561130225658417,0.5378070827529375,3
564,-80.1542706605,34.6373619745,0.530334293842316,0.5429565491155304,3
565,-87.5792703635,30.8623621255,0.500432908535004,0.5384783678804523,3
566,-93.8292701135,33.1873620325,0.605569422245026,0.5386850197243327,3
567,-55.9959382935,49.8040280345,0.447340786457062,0.46980629949132574,3
568,173.0290525455,-43.7543015565,0.605672359466553,0.6307263616139407,3
569,-114.5959359495,52.4040279305,0.40554866194725,0.4426984798397719,3
570,-96.5292700055,44.0290282655,0.571634948253632,0.5158000691692146,3
571,-89.8626036055,40.5623617375,0.544403910636902,0.5439575197952234,3
572,-89.8792702715,39.6706951065,0.494432985782623,0.5309322230277415,3
573,10.0707257305,61.2706942425,0.447352021932602,0.48544510640991617,3
574,-2.03760711850001,38.6040284825,0.55344569683075,0.6100633301642814,3
575,0.045726131500004,40.8123617275,0.60694408416748,0.6053895367717297,3
576,9.31239242749999,39.8123617675,0.588580369949341,0.5938043977904284,3
577,-6.21260695149999,42.3040283345,0.504315853118896,0.5694173328730328,3
578,13.0373922785,41.3373617065,0.687757015228271,0.5641894334897478,3
579,28.0040583465,58.5290276855,0.487811267375946,0.5008830007471469,3
580,-78.3959373975,45.4040282105,0.637197315692902,0.5140196073740946,3
581,-83.3959371975,46.6040281625,0.428550630807877,0.48369173450904734,3
582,-115.1959359255,49.8040280345,0.377845793962479,0.42469853749943626,3
583,-128.3959353975,54.4040278505,0.440178066492081,0.4526912169743041,3
584,-127.5959354295,52.0040279465,0.428543865680695,0.4724471702847546,3
585,-102.1126031155,54.5040278465,0.458964854478836,0.42690835938987576,3
586,-62.3376047065,51.5206946325,0.451743841171265,0.45745668359967584,3
587,-120.7959357015,58.2040276985,0.491956472396851,0.41818743699346983,3
588,-65.0459379315,51.7373612905,0.455717623233795,0.45860434594258176,3
589,-91.3959368775,49.8040280345,0.454075783491135,0.4446942417018086,3
590,-101.2376031505,56.9290277495,0.442261040210724,0.44145041467816,3
591,-117.5292691655,59.1873609925,0.423532396554947,0.41414546758490023,3
592,-129.7959353415,57.8040277145,0.47708398103714,0.43375258433454206,3
593,-108.4959361935,55.7123611315,0.420229196548462,0.4178282097256568,3
594,12.2040589785,53.4040278905,0.494297593832016,0.5350709650718891,3
595,-0.1792738595,42.4623616615,0.477901041507721,0.5365097559865191,3
596,14.8373922065,52.8456945795,0.477901041507721,0.5347874303443527,3
597,15.5790588435,52.2790279355,0.60115259885788,0.5411118065047655,3
598,10.2207257245,45.0206948925,0.450500011444092,0.5512341740319946,3
599,-0.095940529500012,45.3456948795,0.50644713640213,0.5980183789585657,3
600,-89.9292702695,31.4123621035,0.594256103038788,0.545370497258167,3
601,-120.9209356965,43.8123616075,0.440121561288834,0.4474232815384751,3
602,-106.1209362885,40.2873617485,0.427060097455978,0.4176246556521517,3
603,-80.5626039775,27.7706955825,0.488000005483627,0.5666518858141975,3
604,-112.3209360405,47.0790281435,0.45969420671463,0.44637732134594654,3
605,-96.0126033595,48.5123614195,0.355714291334152,0.45176272382923505,3
606,15.5707255105,68.8540272725,0.591212034225464,0.49430845693720077,3
607,-5.63760697449999,38.1623618335,0.714345395565033,0.6284425384171077,3
608,12.9290589495,37.6790285195,0.606798827648163,0.6456025259423928,3
609,3.4957259935,43.7540282765,0.614486873149872,0.6070283856673119,3
610,-5.1959403255,40.1790284195,0.771317541599274,0.5626560547409211,3
611,-114.5959359495,34.9540286285,0.602500021457672,0.6850484862913244,3
612,13.3707255985,42.2206950045,0.660357773303986,0.4732442311387394,3
613,-114.2042692985,45.0290282255,0.45969420671463,0.42895523014329706,3
614,-80.7959373015,50.0040280265,0.458860605955124,0.44349151710405743,3
615,-86.9959370535,51.6040279625,0.458860605955124,0.4494316188266882,3
616,17.2457254435,53.3873612245,0.478616446256638,0.5053473096546075,3
617,129.1373876345,36.3540285725,0.462629586458206,0.5513775109160988,3
618,18.5623920575,53.5206945525,0.474636942148209,0.5046035838488143,3
619,-70.2542710565,41.6706950265,0.487201035022736,0.5372812806302687,3
620,12.3790589715,60.2456942835,0.504594206809998,0.47690018855945726,3
621,14.0957255695,65.5206940725,0.47093540430069,0.4794668694299858,3
622,10.9290590295,64.4456941155,0.472655177116394,0.48863605632149615,3
623,-95.8876033645,29.1290288615,0.553166389465332,0.5674800748033656,3
624,-107.1626029135,46.8456948195,0.445556581020355,0.4732683695802521,3
625,-99.1709365665,45.7206948645,0.429570347070694,0.5112810564331819,3
626,-99.6209365485,29.4956955135,0.627641975879669,0.6878735861457707,3
627,-98.9292699095,39.1623617935,0.612460792064667,0.517058494567664,3
628,-99.0376032385,31.8456954195,0.708704173564911,0.6959249432293112,3
629,-97.2792699755,31.9623620815,0.656347870826721,0.6841811621655528,3
630,-103.9626030415,34.8790286315,0.570587635040283,0.6030524329233219,3
631,-95.9459366955,39.5456951115,0.767967343330383,0.5535331223995573,3
632,8.3540591325,62.6790275195,0.592473447322845,0.4910690827323258,3
633,-114.2709359625,42.2373616705,0.677496492862701,0.498300690798485,3
634,-114.2292692975,40.3040284145,0.499163597822189,0.5056336818364218,3
635,-101.7459364635,30.5956954695,0.525021255016327,0.6912973278306782,3
636,-90.9959368935,48.6040280825,0.410793364048004,0.44948808053008094,3
637,150.3957201175,-34.8543019125,0.776575207710266,0.6539245347651135,3
638,-73.7459375835,44.5373615785,0.518870532512665,0.5325121060559672,3
639,152.8790533515,-26.5376355785,0.690427005290985,0.6586744594953192,3
640,-92.1709368465,31.5040287665,0.603840351104736,0.5417963886373328,3
641,-116.1792692195,52.4456945955,0.424424260854721,0.4324700108726074,3
642,-147.6126012955,59.9623609615,0.447677940130234,0.4713905728175689,3
643,-127.9959354135,65.4040274105,0.429250866174698,0.44726094544893497,3
644,-125.7959355015,66.0040273865,0.425710082054138,0.44543096772769686,3
645,-124.5959355495,64.8040274345,0.509092032909393,0.43835796664581306,3
646,-118.9959357735,65.6040274025,0.42190033197403,0.4605537723395722,3
647,33.0207248125,65.2790274155,0.474411576986313,0.4903418554792942,3
648,30.8957248975,63.5790274835,0.441006392240524,0.4801588641783098,3
649,36.9207246565,61.6790275595,0.426056802272797,0.48090108182229446,3
650,34.4790580875,65.8206940605,0.508064985275269,0.4956057412875596,3
651,-97.0209366525,56.0706944505,0.444745779037476,0.4425528292416128,3
652,147.0457202515,-24.8959689775,0.634865581989288,0.6827438957972001,3
653,147.9373868825,-26.3293022535,0.6779505610466,0.703575407397257,3
654,147.4540535685,-25.7376356105,0.609448730945587,0.6889487592250672,3
655,150.7957201015,-27.4376355425,0.665853083133698,0.692061993737718,3
656,145.1290536615,61.8206942205,0.404402554035187,0.45086314130083144,3
657,149.4373868225,63.1373608345,0.400262832641602,0.4505286532427883,3
658,-117.0709358505,36.0123619195,0.558202505111694,0.5417511586275331,3
659,-119.8959357375,40.8373617265,0.512059271335602,0.5039089854737631,3
660,-111.9376027225,36.1873619125,0.433734118938446,0.5019518489353682,3
661,23.6123918555,52.6956945855,0.605614125728607,0.5237983876367694,3
662,-82.0792705835,28.4373622225,0.488000005483627,0.5722462415606359,3
663,-100.0959365295,33.4040286905,0.570442020893097,0.7012680537443952,3
664,-100.0792698635,45.3290282135,0.557193994522095,0.5028012508714669,3
665,-99.4459365555,35.5290286055,0.531750023365021,0.645912785567153,3
666,-106.4209362765,45.6373615345,0.440121561288834,0.4612445350653042,3
667,-104.0792697035,43.5206949525,0.440121561288834,0.45956160753240716,3
668,-105.4042696505,47.2706948025,0.581285715103149,0.468266223784098,3
669,-100.2792698555,35.1373619545,0.724089205265045,0.6566230258501865,3
670,-65.7292712375,-17.6709692665,0.714794754981995,0.6002345391456516,3
671,-116.8959358575,38.5956951495,0.48439833521843,0.5269415480305149,3
672,-117.7042691585,40.8706950585,0.509938538074493,0.5046621484271452,3
673,-106.4959362735,42.1873616725,0.443424880504608,0.4899104958300649,3
674,-113.2542693365,32.9706953745,0.602500021457672,0.7253217494836693,3
675,-104.4626030215,33.6623620135,0.724089205265045,0.6780314304780797,3
676,-99.4126032235,27.1123622755,0.724089205265045,0.7163071290321978,3
677,-64.2959379615,-17.3293026135,0.497124999761581,0.5954000037520134,3
678,35.3457247195,59.5873609765,0.477901041507721,0.48028887072585036,3
679,-77.8376040865,51.7206946245,0.458860605955124,0.45280258032507886,3
680,-152.2376011105,57.6123610555,0.390979200601578,0.4963371980194306,3
681,-118.6126024555,41.0956950495,0.509938538074493,0.5056453541248509,3
682,-91.7459368635,14.7540294365,0.561337947845459,0.5757775030479224,4
683,124.7040544785,11.0290295855,0.575586378574371,0.5690514706275714,4
684,-49.5876052165,-27.8126355275,0.525097906589508,0.5840165263496377,4
685,1.31239274749998,42.4373616625,0.515544235706329,0.46458525716961047,4
686,-1.8209404605,49.5623613775,0.65765506029129,0.5798552439223713,4
687,14.7207255445,53.8623612055,0.472835540771484,0.535171913654505,4
688,-73.1626042735,47.7040281185,0.49705782532692,0.48109260815138927,4
689,11.1623923535,57.3206944005,0.438358634710312,0.5478809219370995,4
690,-94.2959367615,45.6706948665,0.438789069652557,0.48926339606298863,4
691,-87.3292703735,40.0706950905,0.58989942073822,0.5437248262382787,4
692,13.7790589155,49.0956947295,0.553824245929718,0.47528004423389475,4
693,21.3373919465,54.7040278385,0.569925308227539,0.5119341045706363,4
694,-79.5792706835,40.7790283955,0.533556342124939,0.5253923557457977,4
695,-84.1209371685,43.4040282905,0.530377209186554,0.5044683868875626,4
696,-71.3876043445,41.9706950145,0.420742869377136,0.5318794650546583,4
697,-81.8292705935,36.4373619025,0.560952663421631,0.5510476131422983,4
698,4.9707259345,45.3956948775,0.659913659095764,0.5877313761321031,4
699,-83.3792705315,32.8873620445,0.570625066757202,0.5414412666042827,4
700,-77.7459374235,43.2540282965,0.653738260269165,0.5184607350328854,4
701,-71.1792710195,45.5123615395,0.485142767429352,0.5249790337958281,4
702,-87.8876036845,46.5373614985,0.635951340198517,0.47147450066684565,4
703,126.3123877475,33.3040286945,0.558728694915771,0.5610022788378268,4
704,-83.2792705355,41.5290283655,0.473167538642883,0.5207995358919855,4
705,-79.9709373345,39.4706951145,0.511410117149353,0.5294422775464889,4
706,-75.2792708555,41.9456950155,0.396482080221176,0.5287533917989636,4
707,-75.2459375235,43.3373616265,0.700439512729645,0.539233354984671,4
708,126.8707210585,35.5790286035,0.494513779878616,0.564149681050878,4
709,-82.5709372305,42.7623616495,0.496721625328064,0.5045584555906597,4
710,-87.9626036815,36.7790285555,0.593423962593079,0.5696910597971009,4
711,-72.7792709555,46.6123614955,0.579726099967957,0.5191974319037441,4
712,-76.8209374605,40.4373617425,0.552722156047821,0.5274290867301641,4
713,-85.0042704665,33.4456953555,0.692482233047485,0.5490226718997453,4
714,128.1373876745,38.0623618375,0.6131951212883,0.5259222962188993,4
715,-87.1876037125,33.7540286765,0.538509488105774,0.5517610229893909,4
716,-87.6042703625,34.5456953115,0.627480387687683,0.5624430343388045,4
717,-111.5459360715,42.2706950025,0.346868813037872,0.4225674743429556,4
718,-112.4792693675,35.0123619595,0.536924839019775,0.5891693230679201,4
719,24.9623918015,45.6290282015,0.42141780257225,0.46344221855908485,4
720,-79.1876040325,34.5790286435,0.49831548333168,0.5326230427545182,4
721,-118.7959357815,51.8040279545,0.451849520206451,0.4442357065071419,4
722,9.6373924145,45.7623615295,0.560782909393311,0.5733486888316662,4
723,-106.3209362805,37.4123618635,0.419617176055908,0.43466935117182903,4
724,-119.3292690935,56.5706944305,0.420420289039612,0.42367598494858977,4
725,-113.1376026745,46.2123615115,0.4456547498703,0.43129664646167326,4
726,-124.9959355335,49.6040280425,0.434312582015991,0.5270364546532849,4
727,-123.2792689355,39.4873617805,0.492388546466827,0.5461808062781415,4
728,-105.7542696365,38.4790284875,0.459905505180359,0.43535019186523743,4
729,-121.7126023315,48.2540280965,0.445815354585648,0.5275279176268749,4
730,-83.8876038445,32.1290287415,0.512048363685608,0.5660803236761832,4
731,-78.3292707335,34.0290286655,0.513664722442627,0.5360563807011645,4
732,-95.3626033855,30.1123621555,0.588310241699219,0.5393121548144014,4
733,-87.5959370295,49.2040280585,0.467501074075699,0.4524469090231102,4
734,9.38739242450001,60.4873609405,0.545511722564697,0.4832103448793687,4
735,11.2373923505,63.7206941445,0.598123788833618,0.4850176830728061,4
736,-104.6209363485,53.6540278805,0.397588282823563,0.42347793821044183,4
737,-94.9126034035,42.2873616685,0.575696527957916,0.5269717307658226,4
738,-92.2792701755,42.7290283175,0.602297604084015,0.5340699503637479,4
739,141.5957204695,-34.1709686065,0.71444708108902,0.6668529608626456,4
740,-116.6209358685,33.1456953675,0.52398282289505,0.5988517304701347,4
741,16.8790587915,40.7456950635,0.716645896434784,0.6144790694622361,4
742,-120.3542690525,35.3456952795,0.746076881885529,0.6405706821153339,4
743,-79.5959373495,46.6040281625,0.33622533082962,0.5219231826024052,4
744,-87.6376036945,31.8623620855,0.584900557994843,0.5443499747860339,4
745,-74.8209375405,46.2123615115,0.559204638004303,0.5348804394697749,4
746,-115.3959359175,54.8790278315,0.433683931827545,0.43938554835117544,4
747,-88.9959369735,49.0040280665,0.472525149583817,0.46132778121193085,4
748,-75.9292708295,50.8540279925,0.449030876159668,0.4525795179107544,4
749,-63.6376046545,51.1956946455,0.458362996578217,0.4536037433684238,4
750,-56.9959382535,50.8040279945,0.446754783391953,0.45081680686347875,4
751,-84.5959371495,50.0040280265,0.356622606515884,0.44250167902386645,4
752,-114.1959359655,57.2040277385,0.410386502742767,0.43261354348902764,4
753,-73.5626042575,50.7373613305,0.458577215671539,0.457928639460026,4
754,8.08739247649999,44.1706949265,0.664204120635986,0.5927425975994358,4
755,-92.5876034965,46.8623614855,0.392515927553177,0.48222630182852644,4
756,10.5040590465,52.9040279105,0.472454607486725,0.5634110679927179,4
757,9.13739243449999,45.1206948885,0.450500011444092,0.54700405003716,4
758,14.6040588825,51.7040279585,0.49876993894577,0.5647823584712515,4
759,-114.5709359505,43.6206949485,0.34064906835556,0.42006207039837573,4
760,-120.7959357015,52.6040279225,0.34064906835556,0.437184794757422,4
761,-117.9292691495,47.9040281105,0.45969420671463,0.4874414900838662,4
762,-112.7959360215,44.4456949155,0.45969420671463,0.4249091656964844,4
763,-97.3959366375,51.7290279575,0.458860605955124,0.4500004830514658,4
764,12.8540589525,66.0956940495,0.420257836580276,0.5059310752782084,4
765,-101.6876031325,34.1790286595,0.660000026226044,0.6298772965963049,4
766,142.6957204255,-34.6126352555,0.714345395565033,0.6724598047484484,4
767,-8.60427352249999,37.5956951895,0.703000009059906,0.6463300768504117,4
768,13.8957255775,37.5123618595,0.703000009059906,0.6218964005501616,4
769,-2.89594041750001,36.9040285505,0.606798827648163,0.586226122234577,4
770,14.7290588775,37.1123618755,0.606798827648163,0.6239866958395427,4
771,-4.6209403485,41.7123616915,0.586789786815643,0.5937987735530798,4
772,-4.12094036850002,38.1290285015,0.750505745410919,0.6381337920037888,4
773,-5.0209403325,38.9373618025,0.50644713640213,0.6106911099184008,4
774,-8.5876068565,38.3706951585,0.50644713640213,0.6121511184925615,4
775,-8.85427351250001,39.4290284495,0.50644713640213,0.6196902245186724,4
776,-74.6292708815,50.3873613445,0.458860605955124,0.45603954700015625,4
777,-131.9959352535,58.2040276985,0.34064906835556,0.4558243916267201,4
778,-109.5959361495,57.4040277305,0.419999986886978,0.4430491613537849,4
779,-72.9209376165,42.2956950015,0.624792814254761,0.5261688135249958,4
780,-120.7959357015,50.4040280105,0.45837277173996,0.4541217440029224,4
781,-84.3792704915,30.1956954855,0.588037014007568,0.5484528250363934,4
782,-92.9709368145,33.0623620375,0.578285336494446,0.5280849483917455,4
783,-93.9209367765,31.1123621155,0.527815163135529,0.558615764190679,4
784,9.08739243650001,58.9290276695,0.490069478750229,0.47675093789224754,4
785,7.84572581949999,58.5456943515,0.516896784305573,0.48007938454471916,4
786,10.2790590555,62.9956941735,0.427825272083282,0.47510480649342246,4
787,-100.0459365315,47.6456947875,0.430019468069077,0.5051759758224396,4
788,-102.5542697645,48.8123614075,0.401198536157608,0.49155109374690115,4
789,-97.5292699655,37.8540285125,0.436099171638489,0.5614750470602766,4
790,-98.8376032465,52.0873612765,0.473907321691513,0.4388954133110288,4
791,-97.3376033065,29.5373621785,0.700153648853302,0.6545987066670033,4
792,-95.7626033695,38.3790284915,0.567885458469391,0.5849869417953241,4
793,-95.6876033725,35.3540286125,0.614726841449738,0.6012389762999932,4
794,14.4623922215,66.4373607025,0.455448359251022,0.5105338687862663,4
795,-105.1126029955,35.1540286205,0.570399880409241,0.6060606210198822,4
796,-115.5959359095,37.6623618535,0.492042690515518,0.5290228453603519,4
797,-114.3542692925,38.7706951425,0.498783469200134,0.5167118518307745,4
798,-106.0626029575,41.0123617195,0.427164733409882,0.4372058022969143,4
799,-59.9042714705,-2.4043032105,0.702275931835175,0.5764473266837381,4
800,153.1790533395,-29.6209687885,0.732776403427124,0.6816052860658512,4
801,25.2623917895,47.1123614755,0.422151207923889,0.46396815540662667,4
802,19.9040586705,49.1873613925,0.451505303382874,0.4581245529845033,4
803,31.0707248905,68.1873606325,0.43574982881546,0.4911820252705366,4
804,-79.4542706885,50.5123613395,0.405709832906723,0.45067725240292433,4
805,148.0373868785,-25.1126356355,0.647540330886841,0.6663217229163312,4
806,141.1207204885,62.6873608525,0.404553115367889,0.4583688814251074,4
807,15.9623921615,39.9623617615,0.746850430965424,0.601082211772853,4
808,-95.0459367315,29.3540288525,0.343823492527008,0.586605584285497,4
809,-106.0042696265,44.4706949145,0.466602772474289,0.4800137246580654,4
810,-102.3626031055,44.1706949265,0.466602772474289,0.4711576140233086,4
811,-103.0042697465,34.9706952945,0.57064163684845,0.614716156152523,4
812,-101.2292698175,32.0456954115,0.509645760059357,0.6659309717744125,4
813,-105.5209363125,45.1956948855,0.440121561288834,0.47619724385211554,4
814,-102.0376031185,39.9790284275,0.408438384532928,0.47684756378226256,4
815,-100.9876031605,33.3873620245,0.724089205265045,0.686042251384163,4
816,-101.1126031555,31.1123621155,0.724089205265045,0.6756018041046407,4
817,-98.3959365975,35.6040286025,0.767705202102661,0.5945247589520849,4
818,-117.7959358215,38.8956951375,0.48439833521843,0.5141762871278343,4
819,-112.2959360415,40.3623617455,0.509938538074493,0.5069427564101621,4
820,-109.2959361615,32.4790287275,0.602500021457672,0.7240755450778643,4
821,-103.8959363775,32.0456954115,0.724089205265045,0.7034347863077293,4
822,8.48739246049999,46.0290281855,0.660357773303986,0.5109073152931574,4
823,-81.3626039455,31.6040287625,0.503111124038696,0.5467840829372849,4
824,28.8123916475,59.1206943285,0.477901041507721,0.494864136499987,4
825,22.9040585505,68.8790272715,0.591212034225464,0.5116113489542322,4
826,-71.0126043595,51.1290279815,0.458860605955124,0.45826159233691055,4
827,-81.2792706155,26.2206956445,0.488000005483627,0.5733145323206948,4
828,-110.3376027865,35.2456952835,0.57064163684845,0.5513673500122819,4
829,-66.7876045285,18.2623626295,0.569360852241516,0.598697237167467,5
830,14.6957255455,49.6040280425,0.427211165428162,0.5014297998326216,5
831,127.3790543715,36.4790285675,0.720497667789459,0.5342749025504356,5
832,-1.14594048750001,42.6456949875,0.788617730140686,0.5750633044296233,5
833,176.2790524155,-39.4543017285,0.766676604747772,0.5970733909707879,5
834,-94.9459367355,48.8206947405,0.378515601158142,0.4656007489798564,5
835,1.42072607649999,43.9290282695,0.568130195140839,0.6281204343510545,5
836,10.6790590395,44.1873615925,0.420539200305939,0.500156656500401,5
837,18.2707254025,48.4956947535,0.685129046440125,0.5401902390318387,5
838,6.5373925385,49.2623613895,0.680925130844116,0.596875119405834,5
839,-76.1959374855,45.2040282185,0.342059165239334,0.5053511271442123,5
840,18.5373920585,47.7706947825,0.645065724849701,0.5419012962483839,5
841,5.82072590050001,51.6206946285,0.593855202198029,0.5265262801340281,5
842,-69.8042710745,45.3040282145,0.629447162151337,0.5035284922735739,5
843,-82.9459372155,40.5290284055,0.551286816596985,0.5239585809923957,5
844,30.4540582485,56.5290277655,0.458786487579346,0.5187696323945584,5
845,-92.1376035145,36.0040285865,0.570103526115417,0.5648428567821846,5
846,-70.8042710345,42.6123616555,0.664472699165344,0.5010215135802082,5
847,-78.4959373935,36.9206952165,0.56688004732132,0.5407318563898467,5
848,-78.4376040625,38.7790284755,0.56591385602951,0.5392776664004159,5
849,-82.6792705595,37.1373618745,0.519976794719696,0.5377779173338199,5
850,-89.9459369355,42.6706949865,0.635167062282562,0.5454711833995247,5
851,-79.3626040255,37.6873618525,0.558420777320862,0.5303807402174651,5
852,-73.8709375785,45.6873615325,0.444195508956909,0.5009384164840521,5
853,-84.4626038215,37.5290285255,0.58563220500946,0.5549189290498024,5
854,-66.5959378695,46.4040281705,0.774324417114258,0.48621507365245387,5
855,4.87072593849999,48.8373614065,0.639973223209381,0.5919558050405,5
856,18.7373920505,52.7956945815,0.568834364414215,0.5254746423838738,5
857,-90.3376035865,38.1123618355,0.554900109767914,0.5648631086592262,5
858,-84.8292704735,38.3956951575,0.544514536857605,0.556075680169944,5
859,-84.4959371535,35.7206952645,0.564665794372559,0.5426837213889549,5
860,-90.5626035775,36.1123619155,0.552026927471161,0.58467507597429,5
861,17.3540587725,51.6790279595,0.575555741786957,0.5252945127169533,5
862,2.2790593755,42.7123616515,0.573411822319031,0.4970711624888471,5
863,7.50405916649999,49.8040280345,0.669436573982239,0.5868021033352319,5
864,-88.8626036455,33.2206953645,0.533679485321045,0.5507424303773395,5
865,11.6040590025,51.1040279825,0.616141378879547,0.5774776031384039,5
866,-113.7876026485,48.6290280815,0.347800850868225,0.4310127646022793,5
867,-95.7542700365,30.8373621265,0.646245181560516,0.6076472292271959,5
868,-81.9709372545,30.0290288255,0.489054501056671,0.5436510406919359,5
869,-123.7459355835,44.8456948995,0.416240841150284,0.5187558308810112,5
870,-82.2459372435,32.5123620595,0.525101184844971,0.5238844048739894,5
871,-113.1126026755,45.4540282085,0.427080631256104,0.436453013908676,5
872,-80.2292706575,33.8206953405,0.493611663579941,0.5271858219883624,5
873,-76.2209374845,38.4706951545,0.538741946220398,0.5317949241229024,5
874,-78.2876040685,48.7373614105,0.452339619398117,0.4390662694485771,5
875,-88.7959369815,39.9206950965,0.582196593284607,0.5300934849487836,5
876,-95.4376033825,42.9706949745,0.563924729824066,0.5308254707100539,5
877,-89.1792702995,38.5290284855,0.483260333538055,0.5293699196975536,5
878,-88.4376036625,39.0790284635,0.621121406555176,0.5220120604368615,5
879,-96.1709366865,40.7540283965,0.62010532617569,0.5402977828275277,5
880,-95.9292700295,42.2873616685,0.48389920592308,0.5447056702645598,5
881,117.0457214515,42.9956949735,0.414797693490982,0.4828139123018406,5
882,-1.9959404535,37.1040285425,0.619988143444061,0.6389981071043525,5
883,-6.91260692349999,41.3540283725,0.776463210582733,0.5668734721428852,5
884,-1.51260713950001,41.7040283585,0.778195142745972,0.5807573326568908,5
885,-108.9709361745,37.5123618595,0.51584666967392,0.5119887396907906,5
886,-72.6959376255,48.3790280915,0.441884934902191,0.45725909260296443,5
887,-77.2209374445,46.8123614875,0.58808708190918,0.4821941833493639,5
888,-80.5959373095,46.2040281785,0.387714296579361,0.5013440792934963,5
889,24.0957251695,48.5540280845,0.424073874950409,0.46850258158103236,5
890,-115.9792692275,48.6623614135,0.451189190149307,0.4779137615415569,5
891,-72.2876043085,50.6040280025,0.457072198390961,0.4559408655074181,5
892,-98.3959365975,54.4040278505,0.487416714429855,0.43764616947021695,5
893,-96.1959366855,52.8040279145,0.467426359653473,0.4408482735753416,5
894,-95.5542700445,51.0373613185,0.419775307178497,0.4504536562951909,5
895,19.8373920065,54.4623611815,0.477901041507721,0.5265570180455513,5
896,-93.7792701155,48.4623614215,0.458860605955124,0.46614405011249005,5
897,174.0707191705,-35.1709685665,0.71399998664856,0.5951728348306128,5
898,15.8040588345,49.6540280405,0.420257836580276,0.47893375716058445,5
899,-2.27094044250001,43.2040282985,0.514699578285217,0.5826885713583115,5
900,-8.85427351250001,42.8123616475,0.50644713640213,0.6029061128299927,5
901,-1.4709404745,46.3540281725,0.50644713640213,0.5799069970674935,5
902,-119.8126024075,44.3040282545,0.440121561288834,0.45914557239159376,5
903,-107.2042695785,44.6456949075,0.427060097455978,0.43503470835479885,5
904,-111.0709360905,43.3123616275,0.34064906835556,0.4232181355404735,5
905,-72.0376043185,-51.7209679045,0.515999972820282,0.5505027329823622,5
906,35.9873913605,35.8456952595,0.511049747467041,0.6085552379265627,5
907,-120.3959357175,34.5790286435,0.666599988937378,0.6502621390821518,5
908,-7.1376069145,42.0873616765,0.50644713640213,0.5601788576397788,5
909,-112.4709360345,37.8373618465,0.565371692180634,0.5210968238634978,5
910,-94.7959367415,49.8040280345,0.419999986886978,0.46939156880224153,5
911,-65.3292712535,48.8623614055,0.458860605955124,0.4599261453156012,5
912,-56.7959382615,52.6040279225,0.458860605955124,0.4510423554112014,5
913,9.20405909850001,52.3040279345,0.512117087841034,0.5645995573988294,5
914,92.1873891125,27.4373622625,0.467314720153809,0.5494643353309986,5
915,-105.8209363005,35.6040286025,0.470022082328796,0.5054325443946825,5
916,-151.7292677975,59.9540276285,0.426824271678925,0.4962013932645038,5
917,25.8373917665,69.5290272455,0.502046644687653,0.5078673267536811,5
918,-94.8209367405,39.9873617605,0.534728467464447,0.5621822088061427,5
919,-96.2959366815,35.9040285905,0.738072276115417,0.6152877892490048,5
920,-97.5126032995,30.3123621475,0.698404848575592,0.6774902554965306,5
921,-97.3876033045,43.0040283065,0.562638342380524,0.5322231257376067,5
922,-99.0626032375,43.3290282935,0.493014842271805,0.49861389061759964,5
923,-92.7959368215,40.5540284045,0.601470649242401,0.5564258689877547,5
924,-95.2959367215,33.8540286725,0.566900253295898,0.5899421464343808,5
925,6.52072587250001,60.7040275985,0.528295695781708,0.47977560307817124,5
926,15.9207254965,67.7790273155,0.607037663459778,0.4974022961997812,5
927,-109.8126028075,37.9456951755,0.555004239082336,0.5149229732771583,5
928,-111.6209360685,37.5373618585,0.532942175865173,0.5227168740269261,5
929,-112.1626027135,42.8456949795,0.479910731315613,0.521778521423707,5
930,-108.9876028405,31.7040287585,0.646430015563965,0.6489551991003694,5
931,-113.4626026615,35.1706952865,0.542958617210388,0.6218633018132103,5
932,-110.2042694585,32.5873620565,0.708102226257324,0.6667827877965147,5
933,148.5040535265,-21.1959691255,0.682418823242188,0.6739524120928994,5
934,-50.1292718615,-29.2459688035,0.556757390499115,0.5941513589580262,5
935,-59.7126048115,-0.912636603500005,0.671262383460999,0.585480156414303,5
936,-62.6626046935,-15.3209693605,0.487932682037354,0.6404129587027789,5
937,-91.8709368585,48.1706947665,0.496987491846085,0.4563053244823909,5
938,152.1540533805,-29.3376354665,0.650913059711456,0.6826732948147305,5
939,167.8957194175,-46.8126347675,0.781980574131012,0.582560981321916,5
940,-88.5376036585,48.1373614345,0.454337000846863,0.4688141221348518,5
941,-119.5959357495,50.2040280185,0.439795911312103,0.43511808519782114,5
942,-121.5959356695,53.8040278745,0.367408663034439,0.44383250617233133,5
943,-113.5376026585,47.4706947945,0.423374086618423,0.41832367056580916,5
944,-133.3876018645,55.6540278005,0.428810268640518,0.47242462900597915,5
945,-122.9459356155,40.1706950865,0.484320938587189,0.46721709512717285,5
946,35.9290580295,62.8790275115,0.577081739902496,0.4712659766851161,5
947,-127.1959354455,67.0040273465,0.460232496261597,0.44575697473396375,5
948,146.5873869365,65.2790274155,0.434886485338211,0.44161574400930487,5
949,-55.1959383255,48.0040281065,0.459338158369064,0.46476837654714553,5
950,-115.5959359095,60.8040275945,0.437345296144485,0.4382463870462434,5
951,34.9790580675,61.0456942515,0.484513163566589,0.47981558073414704,5
952,30.9290582295,64.4373607825,0.488343268632889,0.46746745324198236,5
953,98.8123888475,61.2706942425,0.474851012229919,0.4404076021579926,5
954,-135.1542684605,59.1873609925,0.421861439943314,0.47756163331654355,5
955,-72.1042709825,-48.4709680345,0.515999972820282,0.489459015311858,5
956,-1.1709404865,45.1540282205,0.50644713640213,0.5796256535356165,5
957,-110.3209361205,42.3123616675,0.392515927553177,0.43986148513685214,5
958,-104.4459363555,46.9290281495,0.466602772474289,0.4688881281933137,5
959,-102.1126031155,42.6623616535,0.440121561288834,0.46286342193517016,5
960,-105.5292696455,46.2706948425,0.440121561288834,0.4701685496349533,5
961,-104.4709363545,44.9873615605,0.581285715103149,0.4462979278549445,5
962,-103.0292697455,47.3706947985,0.581285715103149,0.4852904867930693,5
963,-97.6376032945,33.0206953725,0.692046761512756,0.6729466388864801,5
964,-102.5376030985,33.5123620195,0.627615988254547,0.6693253916461144,5
965,-100.2292698575,32.6706953865,0.724089205265045,0.6886875280276646,5
966,28.6040583225,70.2623605495,0.591212034225464,0.5149032587556781,5
967,-117.4792691675,41.6456950275,0.392515927553177,0.5101399736932487,5
968,-114.1209359685,41.5123616995,0.509938538074493,0.5215895434313185,5
969,-116.0876025565,39.2540284565,0.509938538074493,0.5104645410979743,5
970,-103.8376030465,29.7373621705,0.724089205265045,0.7142564538601778,5
971,-73.2042709385,-50.2043012985,0.515652656555176,0.47582432134843533,5
972,22.5290585655,49.0873613965,0.660357773303986,0.5011613995333679,5
973,-122.9959356135,51.4040279705,0.427060097455978,0.43737753021282,5
974,-129.5959353495,68.2040272985,0.420473158359528,0.44654647464378505,5
975,-106.4459362755,33.2540286965,0.724089205265045,0.6799631869297621,5
976,-106.2209362845,32.2623620695,0.724089205265045,0.6962071327589823,5
977,-50.9376051625,-27.4459688755,0.538446307182312,0.569047893981165,6
978,95.3373889865,27.8873622445,0.470326244831085,0.5549993838820849,6
979,-83.3459371995,8.41236302349999,0.495253205299377,0.5776068060974464,6
980,107.9207218165,15.8706960585,0.701382458209991,0.5784144912218551,6
981,177.5373856985,-17.6709692665,0.47052389383316,0.5764424294310005,6
982,2.82072602049999,47.7706947825,0.637649834156036,0.5911056470767988,6
983,4.64572594750001,46.2123615115,0.635187566280365,0.60472874466863,6
984,-0.312607187499992,46.0623615175,0.620150744915009,0.5837852882371565,6
985,29.1707249665,56.0956944495,0.586835503578186,0.492651818978475,6
986,6.1207258885,47.0623614775,0.669069111347198,0.589143510569517,6
987,14.9123922035,48.8040280745,0.434919625520706,0.5229841692027527,6
988,-4.35427369250002,48.0290281055,0.540037989616394,0.5974501813701969,6
989,5.97905922749999,52.3873612645,0.525001347064972,0.5435994287152244,6
990,-96.7126033315,30.6956954655,0.592047035694122,0.6274603824964788,6
991,0.570726110500004,47.1456948075,0.506267488002777,0.607976004181282,6
992,14.5790588835,50.6290280015,0.562717616558075,0.5254452126459919,6
993,-79.9709373345,38.2790284955,0.561144351959229,0.5439495656472528,6
994,-74.5042708865,39.5290284455,0.499392479658127,0.5315229923490409,6
995,-93.2709368025,38.0040285065,0.512453734874725,0.5813444289068389,6
996,152.9457200155,-30.5293020855,0.756903409957886,0.6720252254008818,6
997,-83.3876038645,39.8873617645,0.597375571727753,0.5376114725786606,6
998,2.3290593735,43.6290282815,0.607345461845398,0.606412892237403,6
999,-88.4042703305,34.1790286595,0.491520583629608,0.5541430517834528,6
1000,-89.7792702755,45.2623615495,0.702387571334839,0.486688282526816,6
1001,-65.6376045745,48.1373614345,0.445077002048492,0.4966436215742817,6
1002,176.6957190655,-38.6376350945,0.668223321437836,0.5991294976999095,6
1003,-89.0042703065,44.5206949125,0.441302269697189,0.510734769206048,6
1004,-73.9459375755,41.9206950165,0.634738087654114,0.5279120086122132,6
1005,-81.3792706115,39.2373617905,0.530843555927277,0.5377073549128263,6
1006,175.9373857625,-40.1876350325,0.726444900035858,0.6076216301845578,6
1007,-72.4959376335,44.3373615865,0.631612420082092,0.5496740615056817,6
1008,174.9207191365,-37.4709684745,0.653838932514191,0.6226868681560116,6
1009,10.1040590625,49.6040280425,0.626751005649567,0.546205216716449,6
1010,9.60405908249999,50.6040280025,0.50987321138382,0.5203137838284139,6
1011,13.4040589305,53.6040278825,0.588071048259735,0.5279489025804621,6
1012,-93.8292701135,34.8873619645,0.5444495677948,0.5480595651855538,6
1013,-70.2959377215,46.6790281595,0.500363707542419,0.5234113986729073,6
1014,-80.4292706495,40.3956950775,0.423508316278458,0.5389842747895098,6
1015,9.50405908650001,53.3040278945,0.540975987911224,0.5522453144702104,6
1016,-74.0542709045,40.3956950775,0.555248320102692,0.5345607560482303,6
1017,-81.1626039535,34.6040286425,0.548018932342529,0.5389900056984206,6
1018,-79.9876040005,35.4290286095,0.512368023395538,0.5396038661910806,6
1019,-111.0876027565,40.5456950715,0.392101019620895,0.43487240637808144,6
1020,-115.6626025735,53.2706945625,0.439372599124908,0.4312954895704915,6
1021,97.0040555865,28.0956955695,0.532263219356537,0.5512699666481133,6
1022,-115.6709359065,45.0540282245,0.448486119508743,0.4598333230979225,6
1023,-115.7126025715,43.7873616085,0.453802138566971,0.45792953029513783,6
1024,-81.3126039475,27.2790289355,0.448829799890518,0.5809574645978285,6
1025,-112.0959360495,45.5623615375,0.395839720964432,0.42304786981786024,6
1026,-114.8626026055,44.3706949185,0.36076083779335,0.4197439861872666,6
1027,-113.7459359835,44.1790282595,0.458182573318481,0.4272065686479327,6
1028,-84.9959371335,30.7373621305,0.491350412368774,0.5517425107825159,6
1029,6.17072588650001,45.4373615425,0.438689142465591,0.5053459417506597,6
1030,-76.5376041385,36.6873618925,0.498306155204773,0.5326072570725849,6
1031,-119.1542691005,37.0873618765,0.41503494977951,0.5163815246790503,6
1032,21.4207252765,49.3373613865,0.523328065872192,0.527948175180775,6
1033,-107.4709362345,35.3206952805,0.443420231342316,0.49170271147892797,6
1034,-73.0626042775,49.9123613635,0.47589498758316,0.4501241492491753,6
1035,-107.7792695555,55.1123611555,0.403698354959488,0.4207478779461524,6
1036,-97.9626032815,46.8290281535,0.472774147987366,0.519428818731666,6
1037,-98.2876032685,41.1040283825,0.419765323400497,0.5206909943806445,6
1038,-97.4292699695,47.5373614585,0.58891361951828,0.508605634486871,6
1039,-92.7626034895,41.4040283705,0.56425529718399,0.5306834299774323,6
1040,-91.7876035285,39.7206951045,0.505891025066376,0.5528594089329087,6
1041,-90.9126035635,40.0790284235,0.460285604000092,0.5506749379567852,6
1042,-94.2376034305,41.5540283645,0.475386589765549,0.5547730975904288,6
1043,-18.0376064785,27.7373622505,0.69954925775528,0.6256877873612838,6
1044,8.7040591185,40.8206950605,0.642966091632843,0.6261716481881558,6
1045,-3.66260705350001,40.5873617365,0.555502653121948,0.5854630175989473,6
1046,31.5540582045,57.8206943805,0.586452960968018,0.4984374633682569,6
1047,-74.1959375655,48.1123614355,0.446775197982788,0.478116150778125,6
1048,-80.5959373095,48.0040281065,0.424013912677765,0.4497367781972745,6
1049,-77.1959374455,45.0040282265,0.414700210094452,0.5307466273611058,6
1050,-89.7792702755,47.9706947745,0.427660942077637,0.4808890107563365,6
1051,-70.8292710335,44.8373615665,0.543527901172638,0.5234064478686462,6
1052,-83.7626038495,37.0790285435,0.492172867059708,0.5605168679773616,6
1053,-73.7876042485,46.4206948365,0.574600338935852,0.48403504733773844,6
1054,-115.7876025685,45.7790281955,0.423662900924683,0.46438550293571146,6
1055,-123.5959355895,50.4040280105,0.422327518463135,0.43482287871965947,6
1056,-126.3959354775,50.0040280265,0.443657517433167,0.4767278129644473,6
1057,-122.5959356295,57.2040277385,0.458611935377121,0.42618924335707054,6
1058,-129.9959353335,59.8040276345,0.418647617101669,0.4448301172377912,6
1059,-72.0959376495,49.5206947125,0.450765460729599,0.46285423376414525,6
1060,-105.8376029665,53.7123612115,0.445648044347763,0.42091420550799624,6
1061,-111.4042694105,54.8956944975,0.442992001771927,0.41641477364620677,6
1062,-79.0542707045,51.4290279695,0.435409754514694,0.44401739704108545,6
1063,-88.7459369835,15.5040294065,0.398333340883255,0.5866682576690126,6
1064,-7.79594022149999,42.6290283215,0.501690685749054,0.5754737157648635,6
1065,2.7373926905,46.1123615155,0.60115259885788,0.5924934955199587,6
1066,8.10405914250001,51.3040279745,0.444051474332809,0.49671892438694926,6
1067,-110.2959361215,34.4290286495,0.57064163684845,0.5619922252681371,6
1068,-118.5959357895,44.0206949325,0.440121561288834,0.4476829246167333,6
1069,-98.5959365895,56.4040277705,0.458860605955124,0.4468747887914655,6
1070,-95.8376033665,45.2373615505,0.458057820796967,0.5279749674824935,6
1071,-3.1042737425,37.6956951855,0.606798827648163,0.6381108523548296,6
1072,-0.829273833499997,37.5956951895,0.606798827648163,0.6355549390167143,6
1073,-7.5376068985,37.6790285195,0.642181217670441,0.6562672535778621,6
1074,-2.21260711150001,42.2706950025,0.660357773303986,0.5808800982183755,6
1075,-75.3376041865,49.5206947125,0.458860605955124,0.4509103295067713,6
1076,-73.3376042665,51.8623612855,0.458860605955124,0.45676837444534485,6
1077,-69.5042710865,52.5040279265,0.458860605955124,0.458146710311084,6
1078,-10.8959400975,7.6623630535,0.666712939739227,0.5637756357966247,6
1079,-48.6959385855,-27.7209688645,0.599472522735596,0.5817801782014008,6
1080,-61.8626047255,-16.7043026385,0.679835021495819,0.6238212240327025,6
1081,127.9707210145,35.9040285905,0.526226103305817,0.5399769336767558,6
1082,22.4707252345,60.5373609385,0.575571358203888,0.48323653857373733,6
1083,93.5123890595,26.9790289475,0.434134662151337,0.5671441039861607,6
1084,-117.1959358455,51.6040279625,0.452467769384384,0.42690440397030716,6
1085,-103.5042697265,46.5706948305,0.44564014673233,0.46832590474600705,6
1086,-100.7209365045,39.7706951025,0.565334677696228,0.4911385107101289,6
1087,-121.2126023515,38.1540285005,0.42899289727211,0.6553317910641203,6
1088,-98.5376032585,37.3123618675,0.626722395420074,0.5702872950870508,6
1089,-91.7626035295,40.7123617315,0.590400755405426,0.5532955762778358,6
1090,-93.9709367745,38.4790284875,0.583306133747101,0.5791705113614581,6
1091,-99.4876032205,44.5540282445,0.563500761985779,0.51028168414763,6
1092,5.11239259550001,43.9373616025,0.633179426193237,0.6257221444642376,6
1093,-102.7959364215,30.2040288185,0.568522751331329,0.6793184519550597,6
1094,-108.7792695155,39.9123617635,0.514128029346466,0.5099158545285586,6
1095,-115.6126025755,36.3623619055,0.499637991189957,0.5326753062520868,6
1096,-118.1709358065,39.8373617665,0.50249719619751,0.5136533740562682,6
1097,-114.6542692805,36.6623618935,0.736676156520844,0.6617630521436003,6
1098,-108.8626028455,35.3123619475,0.557748258113861,0.5299985849001029,6
1099,-110.7042694385,33.1873620325,0.673090577125549,0.6243253686144795,6
1100,-105.4959363135,34.1623619935,0.570621252059937,0.5727790074953901,6
1101,-39.1292723015,-14.4959693935,0.498574554920197,0.6033522547689747,6
1102,-59.7542714765,-16.8793026315,0.760501205921173,0.5928319123942598,6
1103,151.3707200785,-31.9293020295,0.595029830932617,0.6305446559820074,6
1104,-82.3959372375,45.8040281945,0.340107142925262,0.4690337448752219,6
1105,-80.5959373095,47.2040281385,0.422362059354782,0.4690867898104554,6
1106,152.0707200505,-32.3543020125,0.776006162166595,0.6792248489741333,6
1107,171.2707192825,-42.6626349335,0.580950498580933,0.5653247685883311,6
1108,-91.4709368745,30.0040288265,0.517102181911469,0.5404550538567026,6
1109,-132.9292685495,54.9373611625,0.453956186771393,0.47863523994997487,6
1110,-112.8542693525,48.0290281055,0.43779793381691,0.43126468827258,6
1111,-85.1126037955,29.8623621655,0.479478716850281,0.5417476218929999,6
1112,-123.3626022655,47.5040281265,0.423971831798553,0.46843850376976814,6
1113,-69.3542710925,49.0456947315,0.454632043838501,0.4498954729340951,6
1114,148.3290535335,64.7290274375,0.466043472290039,0.44105842820501756,6
1115,-127.9959354135,59.4040276505,0.423553824424744,0.4284886670605542,6
1116,-74.5792708835,51.2873613085,0.438829034566879,0.45400321213673445,6
1117,31.0207248925,67.0373606785,0.449568599462509,0.479667489212543,6
1118,36.7290579975,66.3206940405,0.575871050357819,0.48989713856191175,6
1119,-62.3959380375,50.570694670500004,0.451925724744797,0.4534095130545553,6
1120,32.2290581775,59.8123609675,0.550806939601898,0.4863232184240396,6
1121,34.6373914145,66.6873606925,0.479423493146896,0.4919465790694212,6
1122,143.8623870455,62.7290275175,0.417750686407089,0.4484712093596082,6
1123,150.5207201125,-26.3293022535,0.673077642917633,0.6822831574717799,6
1124,149.4707201545,-26.6376355745,0.721161782741547,0.6741596322305118,6
1125,146.8540535925,61.9790275475,0.421115726232529,0.44567670819885113,6
1126,-130.5959353095,65.2040274185,0.491051554679871,0.4560741369511528,6
1127,-112.1542693805,31.7123620915,0.780259191989899,0.708680361456493,6
1128,12.3040589745,55.9373611225,0.660357773303986,0.5042186859719054,6
1129,33.6123914555,59.5040276465,0.477901041507721,0.49214736595769504,6
1130,-97.4626033015,26.1373623145,0.724089205265045,0.6706584358910588,6
1131,-97.1376033145,36.2456952435,0.500695586204529,0.6297934768380725,6
1132,-100.2792698555,41.8123616875,0.440121561288834,0.5049734552260453,6
1133,-101.3709364785,46.6123614955,0.408438384532928,0.4933405130720692,6
1134,-102.7459364235,40.8540283925,0.408438384532928,0.47134666278860554,6
1135,-96.6626033335,31.4373621025,0.724089205265045,0.65052336033853,6
1136,-118.2959358015,42.0206950125,0.392515927553177,0.45579426575254833,6
1137,-106.3626029455,34.1123619955,0.57064163684845,0.6157077582156537,6
1138,-118.1542691405,35.5623619375,0.676557004451752,0.5862623407414167,6
1139,-116.6376025345,42.6290283215,0.512682497501373,0.48394599331751664,6
1140,-98.6959365855,28.5956955495,0.724089205265045,0.6965911125417947,6
1141,-103.3042697345,31.4790287675,0.724089205265045,0.7015864340466608,6
1142,-98.6209365885,26.7540289565,0.724089205265045,0.7127325297709386,6
1143,-114.1542693005,34.2623619895,0.724089205265045,0.6767739704800911,6
1144,11.6457256675,43.9373616025,0.660357773303986,0.5701017535928693,6
1145,-110.4376027825,45.3790282115,0.34064906835556,0.4278776427208313,6
1146,-154.0042677065,57.5790277235,0.5,0.4597532473506065,6
1147,28.7623916495,68.1873606325,0.477901041507721,0.49362066156540446,6
1148,-103.3459363995,54.8123611675,0.392515927553177,0.4314254794750986,6
1149,-70.0376043985,51.6706946265,0.458860605955124,0.4572825177123657,6
1150,-139.1959349655,68.2040272985,0.458860605955124,0.45414245811635107,6
1151,-131.9959352535,59.0040276665,0.34064906835556,0.4541349123070455,6
1152,-117.8959358175,37.6706951865,0.48439833521843,0.5373364168805359,6
1153,-108.7792695155,41.6123616955,0.509938538074493,0.5099885728386068,6
1154,-89.9959369335,15.7540293965,0.545814275741577,0.5814123640223007,7
1155,-49.2292718975,-26.0959689295,0.572241544723511,0.5733555331444229,7
1156,-89.7459369435,14.5040294465,0.494894564151764,0.644186979325119,7
1157,9.82905907349999,57.2040277385,0.63153088092804,0.5273360761988333,7
1158,-8.85427351250001,41.9623616815,0.687790513038635,0.5595777263240096,7
1159,4.34572595949999,51.4540279685,0.516757726669312,0.5489065261467135,7
1160,-86.3292704135,41.5290283655,0.454514384269714,0.5391018823016672,7
1161,26.4707250745,57.5706943905,0.477755755186081,0.492665168603651,7
1162,1.55405940450001,47.4623614615,0.607818007469177,0.5790766584263776,7
1163,-94.4626034215,46.5290281655,0.458948999643326,0.4704318405080005,7
1164,-90.8709368985,44.6123615755,0.507154405117035,0.5169849562148972,7
1165,-93.1709368065,45.9790281875,0.395257472991943,0.4926679641177236,7
1166,-83.0459372115,43.5040282865,0.559306383132935,0.5158968102265008,7
1167,-93.5376034585,44.5290282455,0.567662358283997,0.5080364279131092,7
1168,3.6707259865,44.9706948945,0.662879228591919,0.5832390154297532,7
1169,-88.2126036715,43.9623616015,0.488289475440979,0.5065031606987179,7
1170,-96.2876033485,47.5290281255,0.458874225616455,0.493800673301787,7
1171,-82.0876039165,40.0123617595,0.499745070934296,0.5422590494488428,7
1172,-84.1292705015,44.2290282575,0.560189008712769,0.49498908789224233,7
1173,-78.5876040565,42.0706950105,0.468682944774628,0.5340517927360884,7
1174,-91.3126035475,31.2373621105,0.513341724872589,0.5713838661033442,7
1175,-78.0792707435,41.1373617145,0.496816039085388,0.5417654592527149,7
1176,-89.3709369585,34.3540286525,0.521348536014557,0.5503712816905154,7
1177,-83.4376038625,42.2706950025,0.429424583911896,0.5161780197852582,7
1178,-82.5959372295,39.3206951205,0.483478635549545,0.5484973605051803,7
1179,127.7373876905,43.9623616015,0.49465674161911,0.49141879972682084,7
1180,10.7040590385,54.0040278665,0.58301830291748,0.5450349576176143,7
1181,11.4040590105,49.9040280305,0.447185277938843,0.5115294768177362,7
1182,13.0040589465,48.4040280905,0.440829366445541,0.5503034378098282,7
1183,-90.9876035605,37.5206951925,0.557019412517548,0.5553912551379093,7
1184,-76.8792707915,41.5623616975,0.552934765815735,0.5363177035807297,7
1185,-95.3376033865,46.0040281865,0.49309778213501,0.4885033680083636,7
1186,-70.9459376955,43.5123616195,0.501111268997192,0.5410132467125657,7
1187,-111.6459360675,39.7873617685,0.396540611982346,0.46687301699081996,7
1188,-109.1042695025,42.5790283235,0.420333951711655,0.4231001918248999,7
1189,-112.2626027095,38.7040284785,0.627712547779083,0.507629781267627,7
1190,24.4957251535,47.8790281115,0.654257774353027,0.510210126788567,7
1191,-107.1876029125,37.0706952105,0.483721226453781,0.5220094286741292,7
1192,-122.9126022835,42.6373616545,0.490649849176407,0.5409808905461431,7
1193,-81.1542706205,33.8873620045,0.603828251361847,0.5446026177910678,7
1194,-122.7959356215,53.4040278905,0.399234592914581,0.4526365784846275,7
1195,-105.2959363215,39.8873617645,0.453260511159897,0.45567630721996216,7
1196,18.8957253775,49.7873613685,0.462610006332397,0.5281432252179515,7
1197,-118.4376024625,48.5956947495,0.448305934667587,0.4320061600322812,7
1198,-106.3292696135,34.9540286285,0.518217861652374,0.5165341662294127,7
1199,-105.1626029935,36.5956952295,0.443243712186813,0.44468463721731716,7
1200,-94.4376034225,30.3706954785,0.506745338439941,0.5259218038747406,7
1201,-79.9792706675,32.6706953865,0.706220030784607,0.5493341269454121,7
1202,-82.5959372295,50.0040280265,0.466020077466965,0.4373133274555302,7
1203,-107.5126028995,53.9123612035,0.399421632289886,0.4198964350584626,7
1204,-62.3542713725,49.3040280545,0.448467314243317,0.4695869201259237,7
1205,-96.8876033245,48.9706947345,0.469084799289703,0.4613243600198521,7
1206,109.9957217335,48.6290280815,0.502123236656189,0.43247148213219194,7
1207,-95.3376033865,41.1873617125,0.522287845611572,0.5623422188872692,7
1208,-91.0292702255,41.3290283735,0.498820006847382,0.53736118998087,7
1209,-89.3042702945,42.0623616775,0.499920517206192,0.5407119501838167,7
1210,-88.8292703135,40.6373617345,0.452283918857574,0.535069669211655,7
1211,-0.529273845500001,41.7790283555,0.604915201663971,0.6159502303205958,7
1212,-0.395940517500009,40.0540284245,0.53987318277359,0.6367653911856849,7
1213,-2.18760711249999,39.3456951195,0.555031359195709,0.6117408850144073,7
1214,12.3790589715,42.5123616595,0.781536519527435,0.637556638824231,7
1215,-119.6126024155,45.8873615245,0.359819918870926,0.5728423415450663,7
1216,-70.3626043855,47.8206947805,0.434374451637268,0.48398709192370176,7
1217,-67.7042711585,45.1206948885,0.428412735462189,0.5004097203864154,7
1218,-95.9709366945,49.5706947105,0.420537263154984,0.4400547707773173,7
1219,31.2623915495,57.1040277425,0.594945430755615,0.5052750567848147,7
1220,-69.4709377545,47.4290281295,0.717163145542145,0.49045370769313873,7
1221,-73.8542709125,43.6956949455,0.625581681728363,0.532246297234009,7
1222,-77.1626041135,46.0873615165,0.700432419776917,0.5241677257239076,7
1223,-115.2959359215,38.5123618195,0.50842696428299,0.5255741485439525,7
1224,-126.7959354615,51.2040279785,0.429147243499756,0.44164145535931854,7
1225,-121.5959356695,59.0040276665,0.473498582839966,0.4342884171284541,7
1226,-120.1959357255,59.2040276585,0.397832244634628,0.4340991492954349,7
1227,-54.1959383655,48.4040280905,0.458332657814026,0.49048563352867486,7
1228,-114.1959359655,55.5040278065,0.426421314477921,0.4291150908206444,7
1229,-85.7959371015,49.0040280665,0.432000130414963,0.44172062824594854,7
1230,-75.6126041755,51.9706946145,0.458505928516388,0.45428000672890245,7
1231,19.4873920205,43.7540282765,0.477901041507721,0.5438397741805572,7
1232,21.9790585875,44.1290282615,0.655151128768921,0.5340939379855607,7
1233,11.2540590165,44.8206949005,0.450500011444092,0.5834840108922553,7
1234,12.8873922845,50.0123613595,0.420257836580276,0.4958049193257125,7
1235,9.37072575849999,47.3123614675,0.420257836580276,0.509375632122548,7
1236,3.7873926485,45.7456948635,0.467147201299667,0.491467952807857,7
1237,-91.3792702115,47.4456947955,0.507142841815948,0.45779858371632104,7
1238,-105.3209363205,33.4456953555,0.57064163684845,0.6104991486678703,7
1239,-116.3126025475,44.4790282475,0.440121561288834,0.4655365731772841,7
1240,-121.3959356775,56.0040277865,0.392515927553177,0.43308433639755356,7
1241,36.0123913595,34.3873619845,0.511049747467041,0.6465538724239642,7
1242,1.9873927205,41.3040283745,0.606798827648163,0.6265069739765269,7
1243,-2.25427377650001,40.3456950795,0.614486873149872,0.5938352553469464,7
1244,-3.52927372549999,41.6206950285,0.519999980926514,0.6071547180347203,7
1245,-2.12094044849999,41.0706950505,0.519999980926514,0.5842441077525818,7
1246,-5.6626069735,41.2956950415,0.586789786815643,0.596509106597283,7
1247,9.60405908249999,40.6123617355,0.586789786815643,0.640951047049971,7
1248,-6.27927361549999,40.4373617425,0.50644713640213,0.6016254866241556,7
1249,-7.51260689950001,40.7456950635,0.50644713640213,0.5558485579548538,7
1250,-64.9959379335,44.2040282585,0.381666660308838,0.49142620401635784,7
1251,-71.6876043325,51.7540279565,0.458860605955124,0.45832041040014704,7
1252,-78.3626040655,50.2290280175,0.458860605955124,0.4475085329414088,7
1253,91.8040557945,24.3290290535,0.559838652610779,0.5642936315009371,7
1254,-89.0792703035,18.1873626325,0.609467744827271,0.6204421326903699,7
1255,8.82905911349999,59.6790276395,0.437181621789932,0.4833238804924022,7
1256,-98.5626032575,47.7873614485,0.494890064001083,0.479169152296232,7
1257,-113.9209359765,46.7956948215,0.508333086967468,0.4571945997929009,7
1258,-112.0959360495,46.3206948405,0.442128241062164,0.46234966991168924,7
1259,-104.6626030135,35.9206952565,0.568336486816406,0.526929630538557,7
1260,-117.3459358395,54.7373611705,0.40917095541954,0.44218887847795063,7
1261,-98.0876032765,31.3290287735,0.617582082748413,0.6922588544045989,7
1262,-97.2459366435,35.1373619545,0.703365623950958,0.6391566520739563,7
1263,-95.8209367005,36.7206952245,0.544404625892639,0.61791925156116,7
1264,-96.9126033235,38.9623618015,0.60321307182312,0.556731771164163,7
1265,-98.3209366005,30.5706954705,0.645498335361481,0.6763975325296524,7
1266,-96.2459366835,37.7540285165,0.588274359703064,0.5904495055901687,7
1267,-101.2876031485,45.4790282075,0.410660088062286,0.4888842730348962,7
1268,-95.9542700285,32.7790287155,0.622467994689941,0.6414825852118575,7
1269,-101.0709364905,29.8956954975,0.781352996826172,0.6726279990612263,7
1270,-112.7876026885,34.2873619885,0.499297171831131,0.6096985047954919,7
1271,-111.0626027575,32.5040287265,0.785368800163269,0.6694066817465827,7
1272,106.4207218765,14.5956961095,0.705888986587524,0.5850709281059636,7
1273,-79.6376040145,41.5540283645,0.544754385948181,0.5532062376119525,7
1274,170.4957193135,-43.2209682445,0.543927073478699,0.5640970647963682,7
1275,169.2790526955,-46.4293014495,0.751637399196625,0.5496703655242188,7
1276,-75.9042708305,45.9123615235,0.445000618696213,0.5304290473652675,7
1277,-121.5126023395,47.5123614595,0.421595394611359,0.4422238959016264,7
1278,-122.2542689765,41.2456950435,0.462821245193481,0.5387111487738483,7
1279,10.9207256965,60.5206942725,0.425649374723434,0.4715476541352272,7
1280,-60.5792714435,50.6373613345,0.453473746776581,0.45708048999372475,7
1281,32.1457248475,62.9956941735,0.470685601234436,0.478148443174932,7
1282,33.8457247795,61.5123608995,0.439096510410309,0.48096382683607963,7
1283,-125.3959355175,57.6040277225,0.427231252193451,0.424655156664664,7
1284,150.5123867795,60.7456942635,0.515077948570251,0.4461854122570599,7
1285,-116.4292692095,37.9540285085,0.548121094703674,0.5169796846981621,7
1286,-72.1792709795,-47.7459680635,0.515999972820282,0.4745386278712546,7
1287,-151.8209344605,59.2290276575,0.390979200601578,0.4682171660454978,7
1288,29.7873916085,69.4290272495,0.477901041507721,0.5106795408441486,7
1289,-108.3542695325,47.3290281335,0.440121561288834,0.4744404751509763,7
1290,-99.9959365335,34.3040286545,0.724089205265045,0.673056670655579,7
1291,19.7457253435,69.9790272275,0.591212034225464,0.49776642085923556,7
1292,12.0707256505,63.0956941695,0.591212034225464,0.49465587973655983,7
1293,16.7123921315,39.1956951255,0.511049747467041,0.5966858108612841,7
1294,-0.995940493500001,38.5040284865,0.606798827648163,0.6162698089485084,7
1295,-0.112607195500004,38.7373618105,0.606798827648163,0.6336585047765799,7
1296,-119.4376024225,39.0956951295,0.48439833521843,0.509561816370702,7
1297,-113.1876026725,42.2040283385,0.509938538074493,0.4960738921159077,7
1298,-108.5292695255,45.0873615565,0.509938538074493,0.47824241266783446,7
1299,-110.5959361095,37.1373618745,0.509938538074493,0.5246651364864809,7
1300,-118.9292691095,42.6790283195,0.512682497501373,0.5031047493393833,7
1301,-102.9709364145,29.1873621925,0.724089205265045,0.6726698397808472,7
1302,-76.3626041455,34.9206952965,0.579999983310699,0.53598699455793,7
1303,27.9207250165,60.5456942715,0.477901041507721,0.4716065305701301,7
1304,35.5207247125,64.0540274645,0.477901041507721,0.492003487549317,7
1305,-131.9959352535,67.6040273225,0.420473158359528,0.45225762974872036,7
1306,-71.9042709905,-46.8293014335,0.515999972820282,0.4966037721063868,7
1307,138.4123872635,-23.8209690205,0.774933338165283,0.6870397286565144,7
1308,-105.3292696535,31.4040287705,0.724089205265045,0.6851156198431749,7
1309,-50.3959385175,-28.3543021725,0.56812185049057,0.5798259521466947,8
1310,-49.4959385535,-26.9126355635,0.562632977962494,0.5797901835665443,8
1311,-84.4959371535,42.4373616625,0.540188252925873,0.516289804772796,8
1312,-79.3959373575,38.9123618035,0.397169858217239,0.5136217354847387,8
1313,1.4457260755,43.1790282995,0.641534328460693,0.603547393782188,8
1314,-83.6459371875,45.0623615575,0.359190165996552,0.5083521101149046,8
1315,-84.0876038365,33.7206953445,0.494219601154327,0.5550672595575817,8
1316,-96.3959366775,50.4790280075,0.416703194379807,0.460369923767069,8
1317,2.64572602749999,45.3956948775,0.670964956283569,0.5466759475495037,8
1318,-76.6126041355,37.4706951945,0.516597330570221,0.539477642623788,8
1319,1.2790594155,45.9290281895,0.595526397228241,0.5771919071013398,8
1320,-94.5876034165,47.9623614415,0.402986526489258,0.47454258217030937,8
1321,-83.6376038545,38.2956951615,0.515899956226349,0.5751807991738761,8
1322,-0.404273850500005,46.8040281545,0.639384806156158,0.5897191890032069,8
1323,-78.5292707255,38.0373618385,0.533626675605774,0.553508643322988,8
1324,-82.6459372275,33.7290286775,0.481245309114456,0.5599165511701296,8
1325,-77.3292707735,38.1873618325,0.492260783910751,0.548964763403131,8
1326,20.8290586335,48.6706947465,0.639769196510315,0.48840277051606906,8
1327,19.8873920045,48.1873614325,0.689996838569641,0.5444388999863589,8
1328,-0.937607162500001,43.6373616145,0.570543050765991,0.5694220657658057,8
1329,-74.7376042105,42.6873616525,0.728787481784821,0.5412851058004626,8
1330,-84.3876038245,46.2040281785,0.399032652378082,0.4834886725744658,8
1331,-86.0209370925,33.1956953655,0.556415259838104,0.5558321258999961,8
1332,-91.2292702175,42.7373616505,0.545249998569489,0.5315908308208223,8
1333,-67.9709378145,47.0873614765,0.415410786867142,0.5196573445633615,8
1334,-85.5542704445,42.1540283405,0.536636471748352,0.5098406575345442,8
1335,-90.2376035905,37.0540285445,0.659868896007538,0.5670758561441022,8
1336,16.0790588235,53.6706945465,0.550095319747925,0.5067036095800224,8
1337,-77.6376040945,37.4206951965,0.524576485157013,0.5471851055439605,8
1338,126.4290544095,34.8623619655,0.559035956859589,0.562474254085688,8
1339,-85.1959371255,41.4373617025,0.516944587230682,0.5084250756995904,8
1340,-86.8626037255,39.0373617985,0.591241359710693,0.5664250776631725,8
1341,-90.6792702395,43.3373616265,0.730543553829193,0.529449296230514,8
1342,176.0123857595,-37.7293017975,0.563676714897156,0.6158242179411085,8
1343,127.3957210375,34.8956952975,0.577199101448059,0.5450291176038173,8
1344,128.2707210025,34.9623619615,0.639683663845062,0.5481528960557757,8
1345,-69.9959377335,44.4206949165,0.580479621887207,0.5243758884165045,8
1346,-79.0042707065,36.1790285795,0.511193335056305,0.5585116276513431,8
1347,-82.1876039125,34.4623619815,0.559442698955536,0.5619305567168935,8
1348,-85.0292704655,39.9206950965,0.552863717079163,0.5323233288522482,8
1349,-85.8792704315,32.2623620695,0.550445854663849,0.5539540165463839,8
1350,9.50405908650001,54.8040278345,0.587496161460876,0.5506605792878099,8
1351,8.7040591185,49.6040280425,0.617982923984528,0.5810477424932337,8
1352,12.9040589505,50.9040279905,0.46654936671257,0.5339035625402128,8
1353,11.3040590145,52.3040279345,0.531884133815765,0.5409850933017896,8
1354,129.2957209615,37.1790285395,0.571646213531494,0.540834786576552,8
1355,-77.7209374245,40.1956950855,0.562794089317322,0.5435479706072385,8
1356,-94.9376034025,31.0623621175,0.592889130115509,0.5648400809082333,8
1357,5.8290592335,44.6206949085,0.500813722610474,0.494717397411896,8
1358,12.0873923165,47.0456948115,0.486815512180328,0.456569504822829,8
1359,-120.7209357045,45.8873615245,0.530663192272186,0.49954346774936886,8
1360,-120.9959356935,51.8040279545,0.427536934614182,0.4384411500326399,8
1361,-107.2126029115,39.6873617725,0.373247385025024,0.41332029269601456,8
1362,-109.6376028145,33.2373620305,0.717076778411865,0.5882102956927413,8
1363,-119.7959357415,57.4040277305,0.431305348873138,0.42169778377182315,8
1364,-123.7792689155,44.0123615995,0.459864646196365,0.5123026765651354,8
1365,-121.0876023565,41.3540283725,0.463657826185226,0.4800097559612288,8
1366,-118.6126024555,45.2040282185,0.444986313581467,0.44531010689929895,8
1367,-116.2626025495,54.3206945205,0.403284937143326,0.44377757172836213,8
1368,-92.9209368165,34.3206953205,0.558680415153503,0.5591712415317637,8
1369,33.2373914705,58.5040276865,0.569659292697906,0.4901341742913799,8
1370,-104.9459363355,54.3956945175,0.406343400478363,0.43700534870303365,8
1371,13.0957256095,-5.6209697485,0.683406174182892,0.5812641729389904,8
1372,-96.4126033435,46.5040281665,0.506219387054443,0.49993226939511753,8
1373,31.7540581965,-28.1876355125,0.753234148025513,0.6695025809467106,8
1374,-6.57927360350001,37.8956951775,0.58731883764267,0.6229953118223143,8
1375,15.5207255125,40.9956950535,0.639761030673981,0.6295895570066856,8
1376,-111.5209360725,38.2706951625,0.512227177619934,0.5153103450626996,8
1377,-81.7959372615,48.2040280985,0.345292389392853,0.4365268232721765,8
1378,-72.0542709845,47.7206947845,0.422334671020508,0.48037078599429184,8
1379,-116.9959358535,49.6040280425,0.345605581998825,0.481605056166899,8
1380,-124.5959355495,52.2040279385,0.427092492580414,0.4370811539903448,8
1381,-129.3959353575,56.4040277705,0.347506016492844,0.4646026341957462,8
1382,-91.1959368855,51.6040279625,0.459570497274399,0.4526210067005094,8
1383,-67.0459378515,51.5123612995,0.45706707239151,0.4568903579809819,8
1384,-57.1959382455,53.4040278905,0.45877268910408,0.4614261805931739,8
1385,-99.9792698675,56.5206944325,0.422358423471451,0.441369531082516,8
1386,-126.7959354615,59.0040276665,0.481696546077728,0.4371128794363962,8
1387,-115.2459359235,56.5206944325,0.412794858217239,0.42144318830304084,8
1388,-77.1626041135,52.3956945975,0.455419838428497,0.45514892109182364,8
1389,27.1290583815,59.3290276535,0.477901041507721,0.4908893923714784,8
1390,-90.5542702445,29.6290288415,0.479999989271164,0.5407773804589346,8
1391,-72.9042709505,-49.3293013335,0.515652656555176,0.5200988548162774,8
1392,2.8540593525,44.5123615795,0.578760087490082,0.6112445993868831,8
1393,174.9873858005,-39.8459683795,0.544399976730347,0.6463112938562524,8
1394,0.529059445499996,43.4540282885,0.642639815807343,0.601407418085431,8
1395,1.8623927255,50.7873613285,0.660357773303986,0.5939781469488302,8
1396,20.8123919675,43.2956949615,0.420257836580276,0.46375093787488714,8
1397,-80.1959373255,44.2040282585,0.307142853736877,0.5142040397925536,8
1398,34.6040580825,58.3206943605,0.601725876331329,0.48325050153041416,8
1399,-105.3042696545,42.0373616785,0.440121561288834,0.4771239219962662,8
1400,-119.1126024355,34.4373619825,0.666599988937378,0.647356995015683,8
1401,-56.1959382855,49.0040280665,0.458860605955124,0.4813942723165967,8
1402,-128.1959354055,58.0040277065,0.34064906835556,0.43098467237730426,8
1403,108.2623884695,15.1956960855,0.374457091093063,0.5953237372155408,8
1404,173.1040525425,-35.1793018995,0.714586853981018,0.6216147790300357,8
1405,-76.0792708235,40.9456950555,0.561163485050201,0.5360897259836142,8
1406,-109.8459361395,44.7373615705,0.394594788551331,0.40760976460312065,8
1407,-83.0042705465,30.7790287955,0.457894742488861,0.5210905438330024,8
1408,-83.8626038455,30.7706954625,0.641483247280121,0.5430242647761844,8
1409,14.0540589045,64.0956941295,0.453106552362442,0.4899401980947621,8
1410,-100.9626031615,53.9623612015,0.420981347560883,0.435410789083606,8
1411,-92.2459368435,29.6540288405,0.507113218307495,0.5522157559303049,8
1412,150.5623867775,-28.3126355075,0.617706596851349,0.6834731315315635,8
1413,145.4790536475,-17.6126359355,0.771961212158203,0.6405601399100146,8
1414,-116.7959358615,55.8040277945,0.461075216531754,0.42039811410523936,8
1415,-104.7459363435,45.6956948655,0.55126678943634,0.4641122854501756,8
1416,-97.1376033145,37.2040285385,0.567591488361359,0.5668304319205029,8
1417,-96.4209366765,33.4540286885,0.774587452411652,0.6247116990918354,8
1418,-97.9376032825,43.6873616125,0.505351185798645,0.5209848710106482,8
1419,-94.9209367365,38.9706951345,0.727367758750916,0.5523463967741948,8
1420,-99.7792698755,42.7540283165,0.465776950120926,0.5009233712563159,8
1421,-99.1876032325,41.4706950345,0.467306613922119,0.49569078056376903,8
1422,-99.7876032085,39.7373617705,0.482411026954651,0.5130239035484315,8
1423,-98.9292699095,38.2706951625,0.634889841079712,0.5110922773547677,8
1424,-93.0709368105,38.8040284745,0.552049815654755,0.5570721744240487,8
1425,-101.5959364695,41.2123617115,0.475448101758957,0.4726273378610726,8
1426,-94.7376034105,37.6290285215,0.590313076972961,0.5911655113479649,8
1427,-115.7876025685,41.8623616855,0.647132635116577,0.48099775567831515,8
1428,-117.1126025155,39.4373617825,0.486587673425674,0.5142233388404942,8
1429,-98.2626032695,27.6956955855,0.775913536548615,0.697565927138778,8
1430,-112.7459360235,36.9790285475,0.515439629554749,0.5287345420394017,8
1431,-7.0709402505,5.17069648649999,0.556181490421295,0.6131309340831828,8
1432,-65.7792712355,18.2956959615,0.433250933885574,0.5741682468854036,8
1433,153.3373866665,-28.6126354955,0.751178205013275,0.6659769232306285,8
1434,169.1457193675,-43.8293015535,0.537049174308777,0.5796291733622765,8
1435,153.0290533455,-25.5376356185,0.7271488904953,0.6499601450388386,8
1436,16.7540587965,52.3040279345,0.550265371799469,0.5379589232127803,8
1437,-120.5959357095,55.0040278265,0.438165217638016,0.4267873059401169,8
1438,-134.9376018025,57.5456943915,0.40854611992836,0.471414166014727,8
1439,-135.8709350985,58.1790276995,0.448936820030212,0.4606962692789687,8
1440,-114.9542692685,48.9290280695,0.473445445299149,0.4343320980664812,8
1441,-126.5959354695,60.0040276265,0.439750850200653,0.43799497319865044,8
1442,33.5873914565,64.4040274505,0.484384685754776,0.48060048342760353,8
1443,33.3457247995,67.8706939785,0.482004791498184,0.4778431398328288,8
1444,-104.9459363355,55.4040278105,0.458319038152695,0.4285770979136089,8
1445,-117.9959358135,61.6040275625,0.392113745212555,0.440274666955925,8
1446,-112.9959360135,60.4040276105,0.387209087610245,0.43958352240390336,8
1447,-65.6709379065,50.570694670500004,0.451235443353653,0.46135838878768387,8
1448,151.3540534125,60.1540276205,0.473135381937027,0.4491971577630144,8
1449,148.8707201785,65.4290274095,0.505586743354797,0.4325287081395704,8
1450,-134.7126018115,56.4790277675,0.4472975730896,0.4775507729022849,8
1451,146.5207202725,64.3123607875,0.458789974451065,0.43265395928775946,8
1452,-109.9709361345,39.0290284655,0.515064597129822,0.5182604959836705,8
1453,11.2040590185,47.5040281265,0.456791281700134,0.49540787799865177,8
1454,-105.9959362935,48.0290281055,0.408438384532928,0.4664549942502453,8
1455,-96.6292700015,40.1206950885,0.490000009536743,0.561638692704403,8
1456,-99.2376032305,32.8706953785,0.724089205265045,0.6909435573483659,8
1457,6.4207258765,61.7540275565,0.477901041507721,0.4888080897903756,8
1458,-116.4376025425,37.0456952115,0.48439833521843,0.5445559262128511,8
1459,-108.1626028735,39.2206951245,0.509938538074493,0.5195278997957481,8
1460,-107.4709362345,43.3290282935,0.509938538074493,0.49031189574638057,8
1461,-108.5209361925,43.4623616215,0.509938538074493,0.48809788071885174,8
1462,-115.8126025675,33.4956953535,0.786611199378967,0.7120517105039715,8
1463,-109.8376028065,31.9040287505,0.602500021457672,0.7013580291163382,8
1464,-105.0709363305,30.7206954645,0.724089205265045,0.7190371302290428,8
1465,-118.3876024645,36.3873619045,0.379000008106232,0.4490574773116329,8
1466,-122.9292689495,43.4790282875,0.45969420671463,0.500466665969176,8
1467,24.9123918035,68.8873606045,0.591212034225464,0.5065927448548373,8
1468,-120.9959356935,60.8040275945,0.458860605955124,0.4435672553625783,8
1469,-125.7959355015,64.2040274585,0.458860605955124,0.4437446847457281,8
1470,-63.3542713325,51.9206946165,0.458860605955124,0.45461121213315037,8
1471,-129.1959353655,61.2040275785,0.458860605955124,0.4392543415108676,8
1472,138.2373872705,-18.5376358985,0.559798002243042,0.6906436455425347,8
1473,145.1623869935,-22.1126357555,0.744530916213989,0.7055833786887417,8
1474,144.3790536915,-35.8043018745,0.714345395565033,0.6721030412651229,8
1475,-66.4959378735,-17.3709692785,0.497124999761581,0.559542498734739,8
1476,-118.1292691415,43.1790282995,0.512682497501373,0.49565695472725935,8
1477,-64.8542712725,17.7456959835,0.631034672260284,0.6053052882678924,9
1478,-52.1959384455,-26.9959688935,0.61981213092804,0.5589554513721833,9
1479,-48.6876052525,-26.9959688935,0.639427006244659,0.571412278693461,9
1480,1.84572605950001,49.5456947115,0.645503163337708,0.604579499004386,9
1481,-87.9709370145,43.2540282965,0.530587255954742,0.5224846033777717,9
1482,12.6040589625,52.6040279225,0.601610898971558,0.5491615420157593,9
1483,-98.0459366115,29.0623621975,0.712285757064819,0.6777219508151777,9
1484,-64.7959379415,46.4040281705,0.452643424272537,0.4857974736939285,9
1485,0.545726111499988,44.6623615735,0.638758957386017,0.594021880967713,9
1486,152.0123867195,-26.9793022275,0.77131986618042,0.6651598954731102,9
1487,0.145726127500012,48.5706947505,0.482842862606049,0.6009669401284918,9
1488,-93.6959367855,36.9373618825,0.67253977060318,0.5773910763674267,9
1489,4.57072595049999,52.3373612665,0.596738576889038,0.5496716756883121,9
1490,-88.1542703405,32.5123620595,0.481079667806625,0.5523293721257112,9
1491,151.4790534075,-32.9709686545,0.733496427536011,0.6784847868999268,9
1492,-76.5042708065,43.4040282905,0.553067266941071,0.5217376618942438,9
1493,-96.3292700135,29.8706954985,0.548949003219604,0.6165717652831015,9
1494,-90.4459369155,45.8540281925,0.410267382860184,0.49982693322987765,9
1495,12.8790589515,46.3540281725,0.569005370140076,0.5370979694390889,9
1496,-83.0876038765,34.4456953155,0.528588533401489,0.5457890631379907,9
1497,-81.3626039455,40.6123617355,0.54788738489151,0.5381897454358637,9
1498,-88.2626036695,38.3373618265,0.647804498672485,0.5793220808196232,9
1499,-78.8042707145,40.3373617465,0.55256462097168,0.5453902546814678,9
1500,-91.3626035455,35.4206952765,0.410166889429092,0.5792900745893205,9
1501,-93.7376034505,47.1706948065,0.576813280582428,0.4507014136778802,9
1502,175.2040524585,-40.8543016725,0.568882882595062,0.6053270588184673,9
1503,-87.6376036945,45.6206948685,0.714195609092712,0.4933229256195648,9
1504,-81.0292706255,35.3623619455,0.563816368579865,0.546008013464252,9
1505,-80.6709373065,36.9290285495,0.512266397476196,0.5280661217698268,9
1506,-82.3876039045,38.2790284955,0.564834535121918,0.5416750348644779,9
1507,-80.9959372935,41.4206950365,0.511035323143005,0.5328002556452887,9
1508,-93.1876034725,36.2790285755,0.545635461807251,0.5904404281286902,9
1509,-71.6376043345,-39.3543017325,0.534144937992096,0.5550068533824047,9
1510,8.77905911549999,55.6206944685,0.595926284790039,0.5380610960979236,9
1511,-93.9209367765,35.6873619325,0.535270988941193,0.5660623051791778,9
1512,-92.5292701655,35.2790286155,0.620980560779572,0.5682653579141334,9
1513,10.7040590385,48.6040280825,0.449219912290573,0.5618269616147548,9
1514,10.2040590585,47.8040281145,0.478220075368881,0.5147411222067129,9
1515,-79.2542706965,47.6540281205,0.473794609308243,0.44140942217523155,9
1516,8.10405914250001,50.5040280065,0.531588554382324,0.5904486559230199,9
1517,-80.4959373135,36.0623619175,0.500747799873352,0.5686031269877408,9
1518,-89.8292702735,33.0540287045,0.567815244197845,0.5639776914016216,9
1519,-93.6876034525,32.2206954045,0.489827424287796,0.569036463594294,9
1520,-126.3959354775,54.0040278665,0.431486487388611,0.44123294620973513,9
1521,-108.5792695235,33.4956953535,0.480667978525162,0.5150142884317601,9
1522,-75.7376041705,37.6623618535,0.493449091911316,0.5384427179456432,9
1523,-110.0709361305,43.3956949575,0.397181451320648,0.4157767878673431,9
1524,-111.4542694085,39.0790284635,0.38177901506424,0.4232822898865265,9
1525,-117.9126024835,46.1873615125,0.433619022369385,0.4809667028855484,9
1526,-122.0292689855,48.9456947355,0.43585193157196,0.4896095630936878,9
1527,-122.6542689605,41.9123616835,0.425029635429382,0.46576928079757374,9
1528,-77.5626040975,36.1123619155,0.580520272254944,0.5392616434526188,9
1529,-107.2959362415,38.8373618065,0.457932233810425,0.4488756562454064,9
1530,-93.4209367965,30.4123621435,0.544931173324585,0.5390291640310534,9
1531,-94.1876034325,34.1456953275,0.539278030395508,0.5647020364086759,9
1532,-104.6209363485,44.1623615935,0.448884785175323,0.4886364133447793,9
1533,-83.4376038625,31.4540287685,0.494122475385666,0.5452683670262367,9
1534,-93.1376034745,31.6123620955,0.57232928276062,0.5607278447051444,9
1535,-71.0459376915,48.5706947505,0.395104855298996,0.46463103592091065,9
1536,-112.9876026805,55.2706944825,0.395194232463837,0.4252786295947659,9
1537,-79.4376040225,48.7290280775,0.392187029123306,0.44032046985633894,9
1538,-108.7959361815,53.6040278825,0.438973218202591,0.4207025333521275,9
1539,11.5873923365,-0.187636632500002,0.410115748643875,0.6118093787530201,9
1540,-97.8709366185,48.6540280805,0.582871496677399,0.44126947164989794,9
1541,-94.1959367655,43.0040283065,0.512454867362976,0.5334005422676384,9
1542,-87.7459370235,40.7206950645,0.523423254489899,0.521517777022963,9
1543,13.4123922635,43.4623616215,0.778087615966797,0.6181783733374947,9
1544,-4.77094034250001,42.6456949875,0.569511234760284,0.5746566677933287,9
1545,-17.9042731505,28.7123622115,0.612367570400238,0.626663875860811,9
1546,-121.7459356635,39.8206951005,0.572132349014282,0.6122353973824124,9
1547,-121.5292690055,37.1040285425,0.620733082294464,0.6185581610277305,9
1548,-6.3626069455,39.1540284605,0.746229529380798,0.6257179550554709,9
1549,12.3290589735,43.2873616285,0.655522406101227,0.6192480382436543,9
1550,16.3623921455,38.5123618195,0.653473019599915,0.5723793822293655,9
1551,173.0207192125,-41.5959683095,0.748270928859711,0.5548228131757883,9
1552,150.1123867955,-35.6043018825,0.747183442115784,0.6812148757206608,9
1553,-78.4876040605,46.5290281655,0.636238276958466,0.4472296244971845,9
1554,-74.4126042235,47.3123614675,0.528998672962189,0.4605202835675714,9
1555,-124.0542689045,48.0873614365,0.420654684305191,0.4741274837369943,9
1556,-132.3959352375,53.4040278905,0.439661681652069,0.4730623973787611,9
1557,-67.5209378325,50.8456946595,0.455344408750534,0.4608590821051363,9
1558,-77.3459374395,51.0623613175,0.457446217536926,0.4530291756747281,9
1559,-61.0626047575,51.9456946155,0.454264044761658,0.4548709305565107,9
1560,-99.9959365335,55.2040278185,0.422787457704544,0.4400584878202117,9
1561,-123.9959355735,58.8040276745,0.435680389404297,0.4365997112740889,9
1562,-61.1959380855,53.0040279065,0.455708384513855,0.4543949544330955,9
1563,-98.4042699305,55.2206944845,0.394138991832733,0.44210620490447644,9
1564,-69.2959377615,50.6873613325,0.455000042915344,0.4554122790823422,9
1565,-61.3292714135,51.1790279795,0.452121824026108,0.4552994706976044,9
1566,-124.5959355495,56.8040277545,0.353626877069473,0.4315129422770221,9
1567,-75.3626041855,40.4206950765,0.477901041507721,0.5415798423184497,9
1568,27.7790583555,57.8040277145,0.477901041507721,0.49269668802249583,9
1569,-75.2542708565,44.7290282375,0.506552338600159,0.4943512049775183,9
1570,-91.6876035325,34.5456953115,0.376666665077209,0.5746994500397716,9
1571,-121.5292690055,42.0873616765,0.512682497501373,0.5006496960907656,9
1572,-123.1959356055,45.8123615275,0.45969420671463,0.528521150095162,9
1573,-110.9959360935,46.1456948475,0.45969420671463,0.43916169593664445,9
1574,145.2790536555,-35.8376352065,0.714345395565033,0.6696193408202461,9
1575,-103.4209363965,44.3123615875,0.440121561288834,0.4959490792686735,9
1576,-3.35427373249999,42.3290283335,0.477901041507721,0.5830734890907571,9
1577,-3.83760704650001,36.7790285555,0.606798827648163,0.6342515126352181,9
1578,-16.7626065295,28.2873622285,0.610000014305115,0.625010129910117,9
1579,-9.44594015550001,38.7790284755,0.744530916213989,0.6175045131540768,9
1580,-7.61260689549999,39.9873617605,0.50644713640213,0.6045665247772384,9
1581,-57.9959382135,54.0040278665,0.458860605955124,0.45565744748849973,9
1582,-67.9542711485,52.3540279325,0.458860605955124,0.45846885326630105,9
1583,-94.9959367335,55.6040278025,0.458860605955124,0.4471386804137652,9
1584,8.7040591185,63.3956941575,0.428813397884369,0.5000235113465467,9
1585,-109.0126028395,38.8956951375,0.575382053852081,0.5175141686276317,9
1586,-91.6876035325,33.1123620355,0.497870087623596,0.5534524063751416,9
1587,-117.4292691695,48.8706947385,0.429228603839874,0.437687925718204,9
1588,12.4707256345,61.1956942455,0.465140819549561,0.4678407497804323,9
1589,-99.9959365335,51.0040279865,0.479791074991226,0.4448870951973692,9
1590,-77.7876040885,48.0873614365,0.423395365476608,0.4432165229559447,9
1591,-89.7292702775,29.5123621795,0.584304332733154,0.5478477359642706,9
1592,-106.0292696255,43.3956949575,0.444568485021591,0.47835414654673425,9
1593,-103.6209363885,36.0540285845,0.568871736526489,0.5631190026072587,9
1594,-100.9459364955,48.0540281045,0.550359010696411,0.48777661096500496,9
1595,-97.5626032975,34.3040286545,0.66271036863327,0.6569880706372636,9
1596,-100.2459365235,31.6706954265,0.633031606674194,0.6932586315608832,9
1597,-90.9292702295,39.3373617865,0.439469069242477,0.5537227603506437,9
1598,-96.6876033325,34.2123619915,0.590461015701294,0.648643915408912,9
1599,-100.5292698455,46.0623615175,0.621402084827423,0.5008286905493655,9
1600,171.4373859425,-43.5293015655,0.64666211605072,0.5886455381923206,9
1601,9.03739243850001,61.8040275545,0.479826986789703,0.4979282397181051,9
1602,9.07072577049999,41.7623616895,0.507897078990936,0.6125320722483004,9
1603,-109.2042694985,36.8123618875,0.533996224403381,0.5302812417040539,9
1604,-119.1709357665,38.3790284915,0.484628349542618,0.4996314844974875,9
1605,-114.9042692705,41.0790283835,0.499433785676956,0.5128657968473647,9
1606,-77.2376041105,39.1123617955,0.516619563102722,0.5614416212223075,9
1607,-88.3626036655,47.2706948025,0.58471953868866,0.4659739461786693,9
1608,-78.1876040725,47.3456947995,0.473011463880539,0.4756387877396473,9
1609,148.3040535345,-35.8543018725,0.587169945240021,0.5840206341703347,9
1610,177.8457190195,-37.9543017885,0.556763589382172,0.5986650300080216,9
1611,-74.6959375455,44.0873615965,0.560025632381439,0.49188251820075785,9
1612,22.4623919015,58.8540276725,0.497677683830261,0.48616489575082966,9
1613,150.9790534275,-24.3709689985,0.680564880371094,0.6637007901169284,9
1614,149.6290534815,-37.3043018145,0.683519423007965,0.6260426225451736,9
1615,152.8040533545,-27.4126355435,0.770757734775543,0.6474989268584926,9
1616,-127.1959354455,55.6040278025,0.475209265947342,0.44055183479051047,9
1617,-139.0542683045,59.3956943175,0.365753084421158,0.46637680021398686,9
1618,-133.4042685305,56.8873610845,0.464386403560638,0.4694160004819191,9
1619,7.38739250449999,45.4456948755,0.474814414978027,0.4533341202746781,9
1620,-124.5959355495,54.4040278505,0.429263174533844,0.4283753951392369,9
1621,-146.5126013395,61.0706942505,0.442953914403915,0.4942438294802384,9
1622,-121.1709356865,46.6790281595,0.439383387565613,0.4481214453899821,9
1623,-92.1792701795,33.8873620045,0.514373183250427,0.562256205865072,9
1624,-134.3959351575,67.6040273225,0.472032278776169,0.45531740674579974,9
1625,-93.1959368055,54.4040278505,0.47053062915802,0.4475303233389521,9
1626,-109.7626028095,54.4790278475,0.417859941720963,0.4204724281071081,9
1627,143.2207204045,61.3873609045,0.38450962305069,0.4515019581062769,9
1628,-63.6626046535,52.7623612495,0.461457580327988,0.4559333937476845,9
1629,-96.5959366695,54.0040278665,0.452319175004959,0.4460177728533976,9
1630,-123.7959355815,63.2040274985,0.412512719631195,0.44890013406546575,9
1631,-103.1126030755,45.3456948795,0.440121561288834,0.476051630982004,9
1632,-107.8209362205,45.8873615245,0.440121561288834,0.48754113164216223,9
1633,-105.1292696615,42.8456949795,0.440121561288834,0.474934638347583,9
1634,170.1207193285,-44.2959682015,0.444499999284744,0.6179454306812473,9
1635,-101.3792698115,47.3540281325,0.581285715103149,0.4816444476636158,9
1636,-100.5209365125,48.9373614025,0.629999995231628,0.44046083380222717,9
1637,-98.2459366035,32.5206953925,0.724089205265045,0.6825700227699281,9
1638,5.1290592615,61.3790275715,0.591212034225464,0.49520600645798435,9
1639,25.8957250975,70.5040272065,0.591212034225464,0.5250716662109817,9
1640,-14.0459399715,28.4040288905,0.610000014305115,0.6400060472921039,9
1641,-103.6376030545,30.6790287995,0.767705202102661,0.6451796107711916,9
1642,-116.2876025485,41.0123617195,0.392515927553177,0.5202309918316274,9
1643,-109.9959361335,41.0540283845,0.509938538074493,0.5079826280911308,9
1644,-110.6876027725,41.5706950305,0.509938538074493,0.5064108507708904,9
1645,-104.4542696885,31.2456954435,0.724089205265045,0.6594562091524139,9
1646,-109.4876028205,44.0540282645,0.437700718641281,0.4164887686328527,9
1647,149.8207201405,67.9290273095,0.420473158359528,0.455690815357739,9
1648,-113.1959360055,61.2040275785,0.355714291334152,0.43222466457289077,9
1649,-71.6876043325,-46.0543014645,0.515999972820282,0.5239760973504608,9
1650,-103.7542697165,37.5873618565,0.57064163684845,0.5335231306629833,9
1651,100.2540554565,38.5290284855,0.410287916660309,0.43462262074409114,9
1652,-143.9959347735,61.0040275865,0.5,0.48841297086980917,9
1653,-121.4709356745,36.1373619145,0.720300018787384,0.6049565023931431,9
1654,-119.6959357455,43.5123616195,0.512682497501373,0.49628248269780617,9
0,22.5957252295,58.8790276715,0.496437698602676,0.47691312781027007,0
1,15.6457255075,52.9373612425,0.60115259885788,0.517914652780137,0
2,9.50405908650001,51.8040279545,0.487352937459946,0.5329473329354698,0
3,12.6123922955,50.2956946815,0.450755447149277,0.4867162088410702,0
4,-94.1626034335,48.5706947505,0.483480215072632,0.4362621226455461,0
5,-82.3959372375,47.6040281225,0.425732642412186,0.447131058768701,0
6,-81.7959372615,47.0040281465,0.472714453935623,0.4351469018273779,0
7,-87.3376037065,45.9290281895,0.435104757547379,0.46134174281545326,0
8,-69.9626044015,45.9123615235,0.71341472864151,0.5179711092709308,0
9,-91.2126035515,45.8123615275,0.600086152553558,0.5123753041726469,0
10,-64.5959379495,45.0040282265,0.4676893055439,0.49285203934686184,0
11,-68.6376044545,44.3373615865,0.405537933111191,0.4813480855103623,0
12,-1.2376071505,44.0040282665,0.650965392589569,0.5359333715342305,0
13,127.7290543575,43.9623616015,0.515511274337769,0.4779228288517083,0
14,-80.3959373175,38.8790284715,0.498900562524796,0.5380725149330735,0
15,127.5873876965,37.5290285255,0.538217723369598,0.5308865374097363,0
16,-80.0626039975,37.4623618615,0.545892477035522,0.5455792315589464,0
17,-85.8292704335,37.3290285335,0.510136127471924,0.5567559790835126,0
18,-80.3126039875,36.8290285535,0.556206881999969,0.544384836878595,0
19,127.3540543725,36.1206952485,0.615575611591339,0.5428761417061646,0
20,-94.8626034055,35.1540286205,0.69149649143219,0.568862538585519,0
21,126.6540544005,34.4956953135,0.662638127803802,0.5509563954345374,0
22,-95.3959367175,33.2040286985,0.705580711364746,0.5784803925136897,0
23,-87.7542703565,31.8540287525,0.497145175933838,0.5366067767411928,0
24,-91.3626035455,30.4373621425,0.522820174694061,0.5407617954387983,0
25,-1.19594048549999,44.9373615625,0.50644713640213,0.5717141766824938,0
26,13.8040589145,52.5040279265,0.525311410427094,0.5230648168808493,0
27,-72.2709376425,-51.5959679095,0.515999972820282,0.517797642483097,0
28,126.4290544095,37.7956951815,0.699677169322968,0.5402995689017515,0
29,-84.5042704865,32.5790287235,0.574155151844025,0.543531179185125,0
30,-83.5792705235,34.2206953245,0.499174505472183,0.5339172026503968,0
31,13.9040589105,50.7040279985,0.483061760663986,0.53197932954704,0
32,-89.6376036145,32.6456953875,0.492232024669647,0.5354026404804848,0
33,-89.7126036115,32.1373620745,0.518987536430359,0.5408048924712048,0
34,-86.7876037285,37.3956951975,0.492922604084015,0.5622171194188801,0
35,-92.4626035015,36.6873618925,0.591378927230835,0.5916861796880479,0
36,1.8040593945,42.1123616755,0.477901041507721,0.5408154149227963,0
37,23.7957251815,59.1206943285,0.477852016687393,0.49035850954243254,0
38,17.0790587835,48.4540280885,0.477901041507721,0.5413058684484595,0
39,29.1707249665,56.0956944495,0.586835503578186,0.5114411181758599,0
40,14.2790588955,48.9456947355,0.420257836580276,0.5199612104673081,0
41,32.3540581725,57.6623610535,0.449848234653473,0.513024023464624,0
42,-92.8709368185,48.2540280965,0.40414971113205,0.45662412826134396,0
43,3.18739267250001,44.9206948965,0.48735573887825,0.5388650312477563,0
44,-75.7126041715,41.4373617025,0.57015460729599,0.5427426393826558,0
45,175.9373857625,-40.1876350325,0.726444900035858,0.6120200816647987,0
46,-85.8292704335,32.3873620645,0.605892658233643,0.529322666020372,0
47,13.8123922475,48.7790280755,0.420257836580276,0.4577900857712573,0
48,5.52072591250001,51.3956946375,0.477901041507721,0.5376339286883203,0
49,20.2207253245,48.4706947545,0.7356778383255,0.5799415901733271,0
50,-85.2459371235,33.4623620215,0.476164698600769,0.5318478167186668,0
51,-89.1876036325,43.7873616085,0.51909738779068,0.5213898386397819,0
52,-85.1209371285,37.2206952045,0.561390936374664,0.559204056859925,0
53,-87.6126036955,35.1373619545,0.497130244970322,0.5504376068616328,0
54,-8.27927353550001,42.9123616435,0.714345395565033,0.5570053839948707,0
55,8.8707257785,56.5373610985,0.513880729675293,0.5396121038247363,0
56,10.8873923645,57.2623610695,0.642687678337097,0.5507060540254602,0
57,-85.6959371055,44.0790282635,0.610787391662598,0.5146459354231505,0
58,-87.8126036875,36.4790285675,0.610460638999939,0.5621214633104135,0
59,173.5457191915,-35.6793018795,0.566261291503906,0.577131530708085,0
60,-91.7459368635,36.4706952345,0.662095367908478,0.5677551233481561,0
61,174.9207191365,-37.4709684745,0.653838932514191,0.5977447414592845,0
62,-86.2376037505,34.5290286455,0.559047162532806,0.5386819825114546,0
63,-94.8709367385,45.3206948805,0.448553174734116,0.4907283618517429,0
64,-86.0126037595,39.6123617755,0.484847903251648,0.5724220796796119,0
65,11.7540589965,55.5206944725,0.628193318843842,0.5535914269071942,0
66,-4.28760702849999,47.8706947785,0.390979200601578,0.5515081384893569,0
67,19.7290586775,48.4040280905,0.713354110717773,0.5743101288041318,0
68,10.5873923765,56.4373611025,0.449476838111877,0.541984620300852,0
69,4.7957259415,45.8540281925,0.558735489845276,0.5965201318279544,0
70,-85.3042704545,33.6873620125,0.492732375860214,0.5302604104155126,0
71,10.3373923865,57.4706943945,0.462333023548126,0.5453336304536844,0
72,9.41239242349999,55.2290278175,0.642115712165833,0.5420420304451881,0
73,1.54572607149998,49.7956947015,0.660357773303986,0.5860098652758698,0
74,-3.05427374449999,48.5456947515,0.59214985370636,0.5880458028486304,0
75,2.43739270250001,50.4623613415,0.619986414909363,0.5914595994622793,0
76,3.52905932549999,49.1623613935,0.609750092029572,0.6051220131746152,0
77,0.604059442499988,45.2873615485,0.623888611793518,0.6075615322995103,0
78,-90.0292702655,32.5706953905,0.491744786500931,0.5538563282279023,0
79,-95.3459367195,48.6706947465,0.350142419338226,0.4303583045756761,0
80,-1.96260712150001,48.4456947555,0.605698823928833,0.5797485786530524,0
81,-87.1959370455,35.5123619395,0.494484931230545,0.5613846516103473,0
82,15.0207255325,50.5206946725,0.58542001247406,0.5488144073123382,0
83,-92.6292701615,45.3790282115,0.490423858165741,0.4933869579537515,0
84,-4.2626070295,48.5706947505,0.645739376544952,0.5645616693285468,0
85,-85.5459371115,44.5373615785,0.435349762439728,0.4643962784554245,0
86,-72.4959376335,42.0040283465,0.521279811859131,0.5273547668599615,0
87,-84.0626038375,44.0206949325,0.539382934570312,0.5243181427006489,0
88,-88.1292703415,44.2706949225,0.581285715103149,0.5213678409212876,0
89,-96.2042700185,46.6456948275,0.464686363935471,0.4874541588558634,0
90,-77.5959374295,44.4040282505,0.328550517559052,0.505120380567777,0
91,-86.2126037515,43.9540282685,0.476748764514923,0.5188814211005678,0
92,12.1040589825,53.9040278705,0.522910594940186,0.5428449952109322,0
93,8.7040591185,53.7040278785,0.434381574392319,0.5323706319678955,0
94,-78.9959373735,44.2040282585,0.444060355424881,0.518705545462593,0
95,-78.8792707115,43.1706949665,0.598198056221008,0.5385821568227259,0
96,-88.4126036635,36.4790285675,0.579635620117188,0.5551587314501664,0
97,11.5040590065,52.0040279465,0.476536244153976,0.5528174002223353,0
98,0.737392770500009,46.9456948155,0.512782752513885,0.6119393932764176,0
99,15.6957255055,68.0290273055,0.493757575750351,0.4842593062453748,0
100,-151.6959344655,59.7540276365,0.420473158359528,0.47479869682423914,0
101,-117.4959358335,54.5123611795,0.420872211456299,0.4235343868147931,0
102,-124.9959355335,54.0040278665,0.370524108409882,0.4463604422242735,0
103,-120.9959356935,51.8040279545,0.427536934614182,0.4354707905107634,0
104,-118.3959357975,49.6040280425,0.439898699522018,0.4490950664819486,0
105,-117.6376024945,48.7540280765,0.458779245615005,0.45622597494178124,0
106,-123.1459356075,48.5790280835,0.442126095294952,0.5505544123190603,0
107,-119.0876024365,48.3373614265,0.457032918930054,0.44963903599689875,0
108,-118.0209358125,48.0956947695,0.45276752114296,0.4506098944615855,0
109,-113.7209359845,47.4123614635,0.446348339319229,0.44980893452694454,0
110,-116.3209358805,47.1623614735,0.448786526918411,0.4563484739157443,0
111,-123.0209356125,46.6790281595,0.462684720754623,0.5056229546093483,0
112,-111.3126027475,45.2373615505,0.41076186299324,0.4376374959010217,0
113,-115.9959358935,44.7456949035,0.454062044620514,0.44642782564228284,0
114,-114.3792692915,44.6123615755,0.45969420671463,0.43206859591072855,0
115,-123.4376022625,43.5956949495,0.458531737327576,0.5222269048101926,0
116,-124.2959355615,42.3206950005,0.460170775651932,0.5167590139247489,0
117,-120.1709357265,42.2123616715,0.43524956703186,0.4643321114711443,0
118,-110.6376027745,42.1873616725,0.391592919826508,0.42397073668262414,0
119,-105.5792696435,38.6290284815,0.45445191860199,0.45284634022597775,0
120,-75.9709374945,36.3290285735,0.534332752227783,0.5098754746828823,0
121,-76.7626041295,35.7540285965,0.542676627635956,0.5163654937040806,0
122,-105.5376029785,35.2540286165,0.562327086925507,0.5147281098447589,0
123,-77.7042707585,34.6790286395,0.525636374950409,0.5223182554669719,0
124,-91.9459368555,33.6623620135,0.497372955083847,0.5372367039709594,0
125,-107.7459362235,33.5040286865,0.561619400978088,0.5322609392880283,0
126,-105.1042696625,32.5873620565,0.56070214509964,0.5770630364427757,0
127,-104.9042696705,32.3706953985,0.57064163684845,0.5902143932504829,0
128,-87.7792703555,30.9706954545,0.525653183460236,0.522176302044292,0
129,92.0540557845,27.4373622625,0.467184990644455,0.4759251025374475,0
130,-105.4876029805,40.3790284115,0.440121561288834,0.46875590972565695,0
131,12.0873923165,47.0456948115,0.486815512180328,0.47112123719274845,0
132,-77.1376041145,36.2206952445,0.503162682056427,0.51864320414557,0
133,-107.6126028955,39.2706951225,0.399925380945206,0.434364975598532,0
134,-94.9876034005,33.5123620195,0.676498651504517,0.5649469223880267,0
135,-85.2542704565,30.3623621455,0.488000005483627,0.5298889475963589,0
136,-111.1792694195,40.9706950545,0.624875247478485,0.47122943761621666,0
137,-108.4376028625,45.2206948845,0.449849843978882,0.4383831645112293,0
138,-82.1959372455,27.5540289245,0.555596530437469,0.5220721661816695,0
139,-80.1376039945,26.9956956135,0.488000005483627,0.5351977786391314,0
140,21.3040586145,49.2373613905,0.665808975696564,0.5472344630268949,0
141,-116.3376025465,41.3290283735,0.392515927553177,0.4420484926639425,0
142,11.5123923395,60.7290275975,0.475470691919327,0.47398747550966314,0
143,11.3873923445,59.2790276555,0.479260981082916,0.4848079463663493,0
144,-104.8042696745,54.7206945045,0.4415223300457,0.42873437293678174,0
145,-102.1292697815,52.3706945985,0.406289219856262,0.4208874007351168,0
146,-93.9959367735,50.8040279945,0.484801054000854,0.44006759136872314,0
147,-56.5959382695,48.8040280745,0.4568832218647,0.45136768321128995,0
148,-67.4126045035,48.7040280785,0.692110359668732,0.49517996684696125,0
149,-76.7959374615,48.6706947465,0.445732355117798,0.452226054520553,0
150,-66.7959378615,46.8040281545,0.634163677692413,0.48488701977910337,0
151,-103.3709363985,52.4956945935,0.388208329677582,0.4199675347105921,0
152,11.5873923365,-0.195969965499998,0.649868607521057,0.6263652254440892,0
153,-103.3209364005,53.6873612125,0.397562712430954,0.42409572403086915,0
154,-101.0042698265,52.9290279095,0.461686223745346,0.42824151956990975,0
155,-117.8876024845,47.4123614635,0.397218495607376,0.4696468273453356,0
156,-102.6126030955,43.8290282735,0.566715598106384,0.46272712899525176,0
157,-103.9292697095,36.9956952135,0.500644147396088,0.494090103670327,0
158,-95.0792700635,36.1373619145,0.525192677974701,0.5947605152293313,0
159,-72.8542709525,-50.0626346375,0.515652656555176,0.4948546826480515,0
160,-109.3709361585,47.1540281405,0.440121561288834,0.44828139658513927,0
161,-104.2459363635,41.4790283675,0.440121561288834,0.472276363362083,0
162,-101.2542698165,33.3790286915,0.724089205265045,0.669568452259877,0
163,-99.8126032075,38.8123618075,0.407994121313095,0.4853539845597645,0
164,-101.9626031215,32.1206954085,0.724089205265045,0.7005986568969605,0
165,-96.3459366795,33.8456953395,0.660900235176086,0.5888316785506672,0
166,-103.1876030725,45.5623615375,0.440121561288834,0.4594945173968259,0
167,-100.3376031865,41.8206950205,0.500695586204529,0.46958680732631064,0
168,-100.6792698395,32.6456953875,0.722600996494293,0.6575114444849659,0
169,-100.7542698365,40.6540284005,0.500695586204529,0.4823789079458204,0
170,-102.6209364285,46.9790281475,0.546485900878906,0.48761052581695385,0
171,-97.3126033075,37.4790285275,0.514254987239838,0.53014348603211,0
172,-108.2959362015,47.5290281255,0.446262419223785,0.4570766363787097,0
173,-99.1626032335,34.0373619985,0.724089205265045,0.6464405094833766,0
174,-97.0209366525,38.0290285055,0.536997497081757,0.5470963617037821,0
175,-120.5792690435,37.4873618605,0.694222867488861,0.6652750566533884,0
176,-98.0042699465,33.5373620185,0.688980758190155,0.6532661651006492,0
177,-97.9792699475,33.3123620275,0.704810440540314,0.6496877709291049,0
178,-88.5709369905,39.1206951285,0.636058509349823,0.5478480171924007,0
179,-98.5209365925,30.5623621375,0.756753861904144,0.6754531570554378,0
180,-103.5542697245,41.5206950325,0.440121561288834,0.4635641430547792,0
181,-102.0209364525,48.6123614155,0.578909635543823,0.4650806816610353,0
182,-97.5959366295,31.3790287715,0.643137276172638,0.6764653673246875,0
183,-89.1542703005,41.3123617075,0.553505718708038,0.5267953859007146,0
184,-95.0709367305,40.7373617305,0.48729333281517,0.5430761967049673,0
185,-97.5709366305,46.3706948385,0.478688538074493,0.5059112089174324,0
186,-100.8209365005,47.0206948125,0.605228185653687,0.5000992068771172,0
187,-99.0459365715,37.7540285165,0.502499997615814,0.48840904278899255,0
188,-106.4876029405,53.3456945595,0.419999986886978,0.42514323123824377,0
189,-94.1709367665,43.5873616165,0.487958669662476,0.5259113355079063,0
190,-92.6792701595,43.2123616315,0.579045295715332,0.5279741216039746,0
191,-94.4876034205,42.6873616525,0.61340206861496,0.5273881327864247,0
192,-99.2126032315,47.4123614635,0.430082440376282,0.49621508813516507,0
193,-90.4376035825,40.2373617505,0.503851175308228,0.5633510451864503,0
194,-98.6459365875,46.1540281805,0.581285715103149,0.5073546700877638,0
195,-99.7126032115,35.8956952575,0.480208188295364,0.5550798531168174,0
196,-89.6376036145,39.8623617655,0.501962780952454,0.571216367345209,0
197,-95.9876033605,37.6290285215,0.69397497177124,0.5685029195842768,0
198,-98.9709365745,38.9540284685,0.579762279987335,0.4948615050868446,0
199,-101.2792698155,45.6873615325,0.416769206523895,0.4729523803022617,0
200,-98.1626032735,42.6373616545,0.557193994522095,0.5184715311383082,0
201,-97.7209366245,45.0123615595,0.436295330524445,0.5052379592988379,0
202,-91.8876035245,40.5540284045,0.598881483078003,0.561921244112051,0
203,-91.8126035275,39.8790284315,0.618226230144501,0.577296569860332,0
204,-97.4126033035,41.5206950325,0.599090099334717,0.5272462128543521,0
205,-80.1876039925,26.6123622955,0.488000005483627,0.5406245248208194,0
206,15.5957255095,68.6873606125,0.599441885948181,0.53685691169747,0
207,7.5290591655,58.9040276705,0.477901041507721,0.4698197871509107,0
208,16.8373921265,68.5123606195,0.591212034225464,0.5228966684717813,0
209,16.0290588255,67.0290273455,0.591212034225464,0.5173233784318481,0
210,10.4623923815,62.0790275435,0.477901041507721,0.4913831544815533,0
211,5.4957259135,59.3040276545,0.591212034225464,0.5020783710351087,0
212,12.2790589755,65.4956940735,0.423013240098953,0.49336118279291685,0
213,7.69572582550001,58.6873610125,0.469981670379639,0.471123214109763,0
214,7.72072582449999,43.8873616045,0.591176450252533,0.6284058988651746,0
215,3.02072601250001,43.7206949445,0.554422378540039,0.5715325350478699,0
216,-4.1042737025,39.4290284495,0.555071651935577,0.5956540058951825,0
217,-122.4459356355,38.8456951395,0.605610251426697,0.6055375492556018,0
218,-6.0126069595,37.8123618475,0.586789786815643,0.6508002702458535,0
219,-122.1376023145,37.7956951815,0.627135515213013,0.6254201996521058,0
220,-15.6626065735,28.0206955725,0.609838724136353,0.6150931407882457,0
221,142.8707204185,-34.6126352555,0.729722559452057,0.7015194226500286,0
222,8.51239245950001,39.3290284535,0.781848013401031,0.6578233801794195,0
223,-0.945940495499997,38.8956951375,0.606798827648163,0.6149295632993759,0
224,5.2540592565,43.7873616085,0.780087053775787,0.6338064173505258,0
225,12.6707256265,41.5206950325,0.622857987880707,0.6320179152522483,0
226,12.7373922905,38.0540285045,0.616148471832275,0.6307817882519946,0
227,3.53739265850001,43.5123616195,0.691961467266083,0.626643604622879,0
228,14.6540588805,41.7873616885,0.774810791015625,0.6271727788166161,0
229,36.0707246905,35.2123619515,0.767705202102661,0.620201113933582,0
230,-8.1292735415,37.5206951925,0.695888996124268,0.6450979796971537,0
231,-0.829273833499997,40.7456950635,0.477901041507721,0.5055252718872284,0
232,8.78739244849999,40.8040283945,0.746874511241913,0.6517978338496314,0
233,5.6123925755,43.4540282885,0.591013967990875,0.6286323153651953,0
234,35.8540580325,34.2290286575,0.511049747467041,0.6298610408408143,0
235,12.5623922975,43.6040282825,0.599436938762665,0.6243045181596975,0
236,13.5290589255,41.4206950365,0.73157262802124,0.5994170215238505,0
237,5.76239256950001,43.5540282845,0.642639815807343,0.6247271562471588,0
238,14.3707255585,37.3206952005,0.654923617839813,0.6414751985552841,0
239,-115.7876025685,38.7956951415,0.498896330595016,0.5085353941739886,0
240,-114.9376026025,38.3373618265,0.501030504703522,0.5162743420317737,0
241,-114.1542693005,38.0456951715,0.50193178653717,0.5170045172671194,0
242,-118.5626024575,37.9373618425,0.48439833521843,0.5051707267614057,0
243,-109.1292695015,37.5206951925,0.515024721622467,0.5233981423785523,0
244,-118.1292691415,35.2623619495,0.676557004451752,0.6042461222407985,0
245,-111.3709360785,31.4540287685,0.747068166732788,0.6538100259413439,0
246,-103.5126030595,30.2040288185,0.767705202102661,0.6002462025076668,0
247,-115.4542692485,35.0290286255,0.509938538074493,0.6008742709785372,0
248,-108.9376028425,32.0706954105,0.724089205265045,0.6662722487732374,0
249,-104.4542696885,31.2456954435,0.724089205265045,0.6580441778682017,0
250,-106.2292696175,33.7873620085,0.569946229457855,0.5460708155406728,0
251,-111.8542693925,42.5873616565,0.524191737174988,0.48778879281357984,0
252,-108.1876028725,35.5706952705,0.565371692180634,0.5077516491564006,0
253,-107.2709362425,41.2206950445,0.392515927553177,0.44985714280401906,0
254,-89.0792703035,18.1873626325,0.609467744827271,0.6180900698818288,0
255,-11.2542734165,7.3790297315,0.66914701461792,0.6285231178031311,0
256,-50.4876051805,-26.4626355815,0.583977103233337,0.5610832725261525,0
257,-50.2376051905,-27.3626355455,0.548983454704285,0.5711808458637506,0
258,-50.4876051805,-26.3709689185,0.554954528808594,0.5641017430916768,0
259,-51.3042718145,-27.6293022015,0.643774449825287,0.5678453453495288,0
260,-51.6126051355,-27.1793022195,0.555201530456543,0.5854625820824629,0
261,-89.4959369535,16.7540293565,0.520231902599335,0.5923685293084747,0
262,95.4457223155,27.8873622445,0.781356275081635,0.5363577697722963,0
263,-66.6459378675,18.1790292995,0.486342549324036,0.5814255145661145,0
264,-66.1459378875,-17.3376359465,0.497124999761581,0.5853223097871846,0
265,28.2123916715,59.6956943055,0.450150191783905,0.48097593672102285,0
266,26.1123917555,59.5790276435,0.478299677371979,0.47936514949975545,0
267,-89.9376036025,47.9373614425,0.36439248919487,0.4539143486855069,0
268,-78.8459373795,47.7123614515,0.473676681518555,0.46692407023780125,0
269,-76.2959374815,46.6873614925,0.421319127082825,0.5106120481702511,0
270,-87.9626036815,46.6123614955,0.620244860649109,0.45767647351698587,0
271,-78.4876040605,46.5040281665,0.653239130973816,0.5154755116500627,0
272,-76.2292708175,46.3706948385,0.705162227153778,0.5227754968432443,0
273,-75.1709375265,45.8956948575,0.42644339799881,0.507587830469584,0
274,15.5290588455,44.8790282315,0.576127171516418,0.51338048512064,0
275,-72.8042709545,44.3623615855,0.502166390419006,0.5367995590542709,0
276,-74.8459375395,43.3456949595,0.7090705037117,0.5262053666368488,0
277,127.8707210185,34.8540286325,0.506625473499298,0.5458238096990158,0
278,153.0457200115,-25.4626356215,0.742872536182404,0.6847690392635218,0
279,152.7123866915,-28.4543021685,0.684185385704041,0.6833416492759411,0
280,151.8207200605,-31.5959687095,0.758248031139374,0.6545975757688095,0
281,149.4290534895,-36.5876351765,0.59709495306015,0.6356322872649742,0
282,175.3457191195,-41.4876349805,0.569087326526642,0.61247415977789,0
283,-75.7376041705,47.2873614685,0.490265130996704,0.4747271715204306,0
284,16.8123921275,52.2540279365,0.636517524719238,0.5366437176740186,0
285,1.1623927535,44.1623615935,0.641279518604279,0.5924409339614469,0
286,4.6207259485,52.4456945955,0.577638268470764,0.5442255437324343,0
287,-133.1292685415,57.2040277385,0.44789645075798,0.43150533859729717,0
288,-122.7959356215,56.6040277625,0.412868201732635,0.43226041484730593,0
289,-126.3959354775,56.2040277785,0.340912818908691,0.4303012722009643,0
290,-122.5959356295,56.0040277865,0.422025352716446,0.4259689324561653,0
291,-127.1959354455,55.6040278025,0.475209265947342,0.4384833823286335,0
292,-124.5959355495,55.4040278105,0.421210378408432,0.4226056943989032,0
293,-120.5959357095,55.0040278265,0.438165217638016,0.43044716721717463,0
294,-123.3959355975,54.8040278345,0.34064906835556,0.42420271385200753,0
295,-128.3959353975,54.4040278505,0.440178066492081,0.4518828983732326,0
296,-125.7959355015,54.4040278505,0.427060097455978,0.4296369966423229,0
297,-127.5959354295,54.2040278585,0.365888208150864,0.4391471948299832,0
298,-126.3959354775,53.2040278985,0.4372578561306,0.44275520676015706,0
299,-125.1959355255,53.2040278985,0.429229646921158,0.43260953059588836,0
300,-120.1959357255,52.6040279225,0.437512308359146,0.4341084013554525,0
301,-124.5959355495,52.2040279385,0.427092492580414,0.43881883326261933,0
302,-120.7959357015,52.2040279385,0.344171434640884,0.4403011331095311,0
303,-124.5959355495,51.8040279545,0.427060097455978,0.44443735327436523,0
304,-123.7959355815,51.6040279625,0.427060097455978,0.43981230984051406,0
305,-115.0542692645,51.4540279685,0.427048474550247,0.4340854893088402,0
306,-123.5959355895,49.6040280425,0.421002209186554,0.4322480377974595,0
307,-121.9959356535,49.6040280425,0.455679714679718,0.46835034795374114,0
308,-124.5959355495,49.0040280665,0.444016635417938,0.483333194280218,0
309,-120.2709357225,48.9706947345,0.42733958363533,0.4281575238651461,0
310,-114.6376026145,48.7373614105,0.426134049892426,0.42268331695486894,0
311,-122.7209356245,47.8206947805,0.44287183880806,0.5320698221038914,0
312,-115.1459359275,47.4790281275,0.435990810394287,0.4347113059017206,0
313,-115.6292692415,46.4956948335,0.429561018943787,0.44876290823750536,0
314,-118.2292691375,45.6373615345,0.433372259140015,0.4476498703970157,0
315,-121.9876023205,45.2540282165,0.45969420671463,0.46422753893721647,0
316,-122.3042689745,44.6206949085,0.460424065589905,0.49566550345672644,0
317,-122.4209356365,41.0040283865,0.433277547359467,0.566360289558855,0
318,-121.6542690005,40.6040284025,0.403294056653976,0.4449606316788998,0
319,-107.0376029185,38.0373618385,0.409849613904953,0.430088268598784,0
320,-84.8209371405,30.0373621585,0.482042908668518,0.5198970342284432,0
321,32.6790581595,68.7456939435,0.483443647623062,0.5264278992161414,0
322,-131.9959352535,67.6040273225,0.420473158359528,0.4511939802108001,0
323,-128.5959353895,67.6040273225,0.4332075715065,0.4473791905338558,0
324,149.8540534725,67.5373606585,0.451052188873291,0.44954547932070554,0
325,31.0290582255,67.3206940005,0.601725876331329,0.5045535926482306,0
326,35.4207247165,66.9456940155,0.492913872003555,0.4879871713562155,0
327,34.4790580875,65.8206940605,0.508064985275269,0.48094492096780944,0
328,30.9540582285,65.3040274145,0.443278849124908,0.48027657320270173,0
329,-127.3959354375,65.2040274185,0.466535985469818,0.4493445670895576,0
330,-127.1959354455,65.0040274265,0.432686597108841,0.4466755879981372,0
331,32.9873914805,64.9956940935,0.502138495445251,0.48186055230967423,0
332,145.0373869985,63.7790274755,0.430036783218384,0.4450447104948728,0
333,144.7207203445,63.7706941425,0.518314301967621,0.44374866865805973,0
334,35.3540580525,63.1956941655,0.42874151468277,0.4850358930206993,0
335,34.0457247715,62.9456941755,0.533905923366547,0.4878548825085164,0
336,35.8790580315,62.5956941895,0.545760273933411,0.4863253872965441,0
337,143.6290537215,61.3790275715,0.422962546348572,0.44460139138935123,0
338,-118.3959357975,60.8040275945,0.452054917812347,0.44501330548147683,0
339,-123.5959355895,60.6040276025,0.40438637137413,0.4363249118592558,0
340,-126.7959354615,60.0040276265,0.440541446208954,0.45247077958177456,0
341,-126.5959354695,60.0040276265,0.439750850200653,0.4506849770460662,0
342,-131.9959352535,59.0040276665,0.34064906835556,0.4477338092548019,0
343,-126.7959354615,59.0040276665,0.481696546077728,0.4393756766303275,0
344,-123.9959355735,58.8040276745,0.435680389404297,0.43975351702395277,0
345,34.9290580695,58.7373610105,0.475519090890884,0.4844379687524232,0
346,31.3123915475,58.6873610125,0.448671132326126,0.4982446905458425,0
347,-125.3959355175,57.6040277225,0.427231252193451,0.4335853204807567,0
348,-124.5959355495,56.8040277545,0.353626877069473,0.43646185267288745,0
349,-100.0042698665,56.2206944445,0.420243203639984,0.4397131008828795,0
350,-107.7042695585,55.5373611385,0.39434027671814,0.43324118238774634,0
351,-102.9126030835,54.7540278365,0.419960558414459,0.4288313611500612,0
352,-94.1959367655,54.4040278505,0.457540452480316,0.44542250403991873,0
353,-93.1959368055,54.4040278505,0.47053062915802,0.44857255225334697,0
354,-60.3959381175,53.4040278905,0.455987393856049,0.46409378620312314,0
355,-66.7542711965,52.4290279295,0.437707126140594,0.45466124931308494,0
356,-67.8792711515,51.9706946145,0.456129729747772,0.45704621399240286,0
357,-58.3292715335,51.7873612885,0.449957281351089,0.45813661334081174,0
358,-65.0459379315,51.7373612905,0.455717623233795,0.45701359609087555,0
359,-79.3959373575,51.6123612955,0.432477414608002,0.4474836061035278,0
360,-62.2126047115,51.3623613055,0.454817712306976,0.456430067280611,0
361,-89.7959369415,51.0040279865,0.455943524837494,0.45171458293362465,0
362,-67.1459378475,50.9873613205,0.454600274562836,0.45804225786796654,0
363,-75.8959374975,50.7290279975,0.466215938329697,0.4518029392734302,0
364,-65.7209379045,50.3706946785,0.455906063318253,0.45254223223061346,0
365,-79.2376040305,49.9540280285,0.474744409322739,0.4500180720627282,0
366,-83.5959371895,49.6040280425,0.365125119686127,0.4396528917577176,0
367,-62.5709380305,49.4540280485,0.439218968153,0.44872816565824697,0
368,-71.3876043445,49.3290280535,0.457829415798187,0.4531561051938343,0
369,-71.7376043305,49.1456947275,0.46684405207634,0.4574970317739027,0
370,-88.9959369735,49.0040280665,0.472525149583817,0.4645505070031466,0
371,-70.7292710375,48.7123614115,0.444867163896561,0.4537908933899575,0
372,-76.9292707895,48.6290280815,0.462385207414627,0.44921107468752086,0
373,-85.9959370935,48.4040280905,0.422477781772614,0.44933606786714503,0
374,32.2540581765,64.4290274495,0.477901041507721,0.4786818512617028,0
375,-131.3959352775,65.6040274025,0.458860605955124,0.45719555512034393,0
376,-117.1959358455,61.8040275545,0.458860605955124,0.4413810313101529,0
377,-121.3959356775,61.4040275705,0.458860605955124,0.4506376681119477,0
378,-57.3959382375,53.4040278905,0.458860605955124,0.45680870748215024,0
379,-67.1542711805,49.9540280285,0.458860605955124,0.4524032495824825,0
380,-82.7959372215,49.6040280425,0.458860605955124,0.442985902514622,0
381,33.8957247775,61.8040275545,0.483913689851761,0.4858452932896505,0
382,-83.7959371815,49.6040280425,0.399216026067734,0.442776739586847,0
383,138.3707205985,-18.5959692295,0.687281608581543,0.6840688555519396,0
384,147.0040535865,-24.8709689785,0.618739068508148,0.6575634274356906,0
385,149.4623868215,-26.6876355725,0.580542206764221,0.6641225994776186,0
386,-144.0959347695,61.0040275865,0.470135599374771,0.45799697774723014,0
387,-148.6709345865,59.9706942945,0.449632406234741,0.44733028977000294,0
388,-135.1542684605,59.1873609925,0.421861439943314,0.4703625425901015,0
389,-132.0042685865,56.7623610895,0.449999988079071,0.43923449481103555,0
390,-130.5459353115,56.1623611135,0.453678697347641,0.45219815185140727,0
391,-129.5959353495,55.4040278105,0.464318484067917,0.44184740259924715,0
392,21.8457252595,69.3456939195,0.591212034225464,0.5291929937939513,0
393,13.9373922425,66.7290273575,0.420257836580276,0.5050097008515528,0
394,7.8290591535,44.1123615955,0.67026162147522,0.5471943734209572,0
395,9.08739243650001,42.5373616585,0.642639815807343,0.6223169584864182,0
396,16.0290588255,41.8623616855,0.628783285617828,0.63306227121151,0
397,-1.90427379050001,37.3206952005,0.714345395565033,0.6213714574674799,0
398,-121.7626023295,36.3206952405,0.51417088508606,0.613886297571447,0
399,9.1040591025,42.0873616765,0.660357773303986,0.6015508794072274,0
400,15.9707254945,40.0456950915,0.758062899112701,0.6050401999091106,0
401,-109.5876028165,39.6623617735,0.518029808998108,0.5117046778368268,0
402,-115.0709359305,37.9790285075,0.498371809720993,0.5023755530066686,0
403,-108.7792695155,41.6123616955,0.509938538074493,0.49704026717350014,0
404,-68.9959377735,-12.5959694695,0.573096752166748,0.5867568047669749,0
405,-91.4959368735,14.2540294565,0.397543907165527,0.5784637339563983,1
406,7.79572582149999,58.3623610255,0.478673428297043,0.4865849349533418,1
407,33.5040581265,58.3540276925,0.553706347942352,0.4889736309433745,1
408,13.0040589465,54.2040278585,0.519587695598602,0.5468297999005176,1
409,17.3623921055,53.7290278775,0.487661600112915,0.5051656711513528,1
410,12.4040589705,50.4040280105,0.442675739526749,0.47558271705396676,1
411,-90.8042702345,48.1706947665,0.449914366006851,0.4303632861713884,1
412,4.06239263750001,46.9790281475,0.426189243793488,0.5447500275669459,1
413,-89.2376036305,46.7540281565,0.597817540168762,0.510284279320241,1
414,-92.9292701495,46.3373615065,0.510992646217346,0.5141091023677019,1
415,-86.3959370775,46.2123615115,0.430525034666061,0.4707008131696465,1
416,-84.1792704995,46.1290281815,0.379812300205231,0.48333300969177967,1
417,-90.8292702335,44.5623615775,0.490288972854614,0.5071929929773537,1
418,18.7207253845,43.3040282945,0.56672877073288,0.5139349922398393,1
419,0.712392771499992,42.7290283175,0.501900851726532,0.5239346824711278,1
420,-72.1126043155,42.5290283255,0.517202317714691,0.5268816720640928,1
421,-77.1709374465,41.6790283595,0.446209788322449,0.5504739961114581,1
422,-77.3126041075,40.5040284065,0.538827002048492,0.5495149185757363,1
423,-84.8292704735,38.3956951575,0.544514536857605,0.5537500542086128,1
424,-92.8459368195,38.2706951625,0.645653188228607,0.5794742702321777,1
425,-93.5709367905,38.0706951705,0.565903723239899,0.5880738616166992,1
426,-83.1376038745,37.9706951745,0.564924716949463,0.54094489252454,1
427,-81.7209372645,36.5456952315,0.550544619560242,0.5275907089702213,1
428,128.1457210075,35.5373619385,0.590299785137177,0.5452832235465545,1
429,-95.2876033885,34.4540286485,0.494161337614059,0.562353071410467,1
430,-84.5959371495,34.2123619915,0.56341689825058,0.5247355087863654,1
431,-87.1126037155,33.7540286765,0.564555406570435,0.527999475699624,1
432,-90.7376035705,32.8790287115,0.626492500305176,0.544638888677648,1
433,-89.6292702815,32.3790287315,0.515554487705231,0.5291739324088793,1
434,152.0040533865,-24.6709689865,0.769280433654785,0.6831246692034697,1
435,153.1290533415,-30.2126354315,0.788122177124023,0.6776991821731544,1
436,-92.1626035135,47.6623614535,0.458860605955124,0.4400263539392861,1
437,-76.9376041225,37.5623618575,0.475761383771896,0.5169719207882396,1
438,20.9790586275,48.5206947525,0.701584756374359,0.5751984309338241,1
439,-94.9209367365,34.6706953065,0.546014428138733,0.5805086075367499,1
440,-90.9126035635,31.6873620925,0.521753966808319,0.5368105556752812,1
441,9.1040591025,49.5040280465,0.493724167346954,0.5354401865997347,1
442,-72.1209376485,-47.4459680755,0.515652656555176,0.4820233660847332,1
443,-75.4542708485,41.9790283475,0.619925439357758,0.5546252196137704,1
444,-80.6709373065,37.8373618465,0.546386301517487,0.5426248683984263,1
445,-7.52094023250001,42.1623616735,0.477901041507721,0.5645761354076854,1
446,18.2457254035,49.6373613745,0.6060791015625,0.5549178341346246,1
447,-78.1959374055,44.6040282425,0.459450781345367,0.4778786591466406,1
448,-88.9292703095,33.8040286745,0.493120968341827,0.5424689371766794,1
449,11.7040589985,48.0040281065,0.448830544948578,0.5192245434750904,1
450,-0.037607198500012,44.2123615915,0.50644713640213,0.5796993836972698,1
451,6.62905920149998,47.1873614725,0.477565437555313,0.5721935079898457,1
452,-90.0542702645,44.2706949225,0.568921983242035,0.5069217498140591,1
453,-92.5959368295,36.4373619025,0.653717696666718,0.5820389510503263,1
454,-87.2792703755,39.6706951065,0.641661286354065,0.5577921070721156,1
455,-85.7792704355,31.7790287555,0.564460515975952,0.5419907384539911,1
456,-75.6376041745,42.7790283155,0.779379665851593,0.5471337961365773,1
457,-78.6376040545,38.5290284855,0.512051045894623,0.5731625410138977,1
458,-83.6376038545,38.2956951615,0.515899956226349,0.5670006748625521,1
459,-85.0292704655,38.0790285035,0.530194222927094,0.568872242675387,1
460,-78.9709373745,40.8873617245,0.474340230226517,0.5471889804010033,1
461,-81.9126039235,39.6706951065,0.628290951251984,0.560879660378822,1
462,-4.48760702050001,43.0373616385,0.664858818054199,0.5454110438346479,1
463,-86.7959370615,38.4540284885,0.517883956432343,0.5508735480470848,1
464,-97.4876033005,28.8873622045,0.717890739440918,0.6708826894046483,1
465,10.3707257185,57.5206943925,0.70652574300766,0.5475359043221512,1
466,-75.3959375175,42.8790283115,0.490194350481033,0.5336738052911874,1
467,-90.5376035785,42.2706950025,0.485337167978287,0.5474883980849506,1
468,-72.4626043015,45.4623615415,0.439962863922119,0.5036419128867509,1
469,11.5707256705,45.4623615415,0.641181468963623,0.5959202704463006,1
470,6.40405921050001,50.2040280185,0.527129113674164,0.546499055490133,1
471,13.3040589345,50.9040279905,0.52231365442276,0.5287411692961296,1
472,3.47072599449999,45.8706948585,0.580854833126068,0.6057715265275173,1
473,9.30405909449999,52.6040279225,0.56345808506012,0.5277025357307429,1
474,6.40405921050001,53.1706945665,0.490698933601379,0.5448524983454476,1
475,1.14572608750001,42.6206949885,0.578957736492157,0.5266647241045144,1
476,-86.0876037565,41.4623617015,0.358385890722275,0.5443327027861111,1
477,2.77072602249999,49.5123613795,0.522293269634247,0.5978641044194271,1
478,-77.1126041155,39.3873617845,0.513895928859711,0.5522232104476483,1
479,-90.5292702455,44.1373615945,0.576851367950439,0.5205027463332353,1
480,-83.1376038745,42.7373616505,0.545864164829254,0.5317253755180762,1
481,10.5040590465,48.6040280825,0.510890066623688,0.5296528692746337,1
482,-2.48760710050001,47.6873614525,0.60115259885788,0.5781785618651243,1
483,-93.6709367865,45.5706948705,0.485543370246887,0.48036346960245196,1
484,-87.6709370265,36.6623618935,0.527307093143463,0.5648223891721438,1
485,29.4207249565,56.5290277655,0.509293496608734,0.5157675892202154,1
486,-89.7209369445,33.5790286835,0.493870288133621,0.5336997527264641,1
487,-75.2459375235,44.5040282465,0.53378689289093,0.5236727971541091,1
488,-73.4876042605,43.1790282995,0.540230810642242,0.5429868006961477,1
489,12.1040589825,50.8040279945,0.623566567897797,0.5510578263890222,1
490,5.6123925755,46.5373614985,0.476107776165009,0.5828073967891984,1
491,1.1123927555,45.3706948785,0.573201060295105,0.6020753515836966,1
492,28.6373916545,56.3790277715,0.482036083936691,0.49580472570234196,1
493,1.47905940749999,49.9790280275,0.64477127790451,0.6051357467612949,1
494,17.2040587785,53.5040278865,0.653735995292664,0.524159948242223,1
495,-79.9959373335,43.0040283065,0.689335823059082,0.5166079852681064,1
496,-88.5876036565,42.7623616495,0.581260681152344,0.5264764271715128,1
497,-81.8959372575,40.9956950535,0.529662251472473,0.5590724327483693,1
498,-91.8959368575,42.9956949735,0.574015498161316,0.5392279714295459,1
499,12.7040589585,48.5040280865,0.47077751159668,0.5214248335882486,1
500,-95.2709367225,47.5206947925,0.491779148578644,0.44046350215320984,1
501,-2.2292737775,47.7706947825,0.524805784225464,0.5990228835129663,1
502,-82.9959372135,41.1956950455,0.591302454471588,0.5366097855243833,1
503,-86.6376037345,45.7206948645,0.376539170742035,0.480454287140708,1
504,-88.7209369845,36.1790285795,0.538502156734467,0.5580517468076974,1
505,-96.7959366615,29.5290288455,0.572460353374481,0.640161182712659,1
506,-4.60427368250001,48.3873614245,0.453659296035767,0.5610199191602104,1
507,2.14572604750001,45.8956948575,0.467147201299667,0.5977196089049778,1
508,-83.8542705125,39.9956950935,0.593919396400452,0.5613753346751544,1
509,-118.2376024705,56.7040277585,0.411620259284973,0.419213682156462,1
510,-119.3792690915,56.5623610975,0.395338326692581,0.4211240749000414,1
511,-115.5126025795,53.2790278955,0.409655719995499,0.42880075030812886,1
512,-118.7959357815,51.8040279545,0.451849520206451,0.4474384749922526,1
513,-116.3959358775,49.8040280345,0.405071377754211,0.4245349747508948,1
514,-119.7542690765,48.6123614155,0.460364311933517,0.44523903402474396,1
515,-115.3792692515,48.5540280845,0.440333992242813,0.4453135712208705,1
516,-114.9542692685,47.7623614495,0.455874770879745,0.44919504265621446,1
517,9.67072574650001,46.6540281605,0.480491101741791,0.4661013685333037,1
518,12.9623922815,46.5873614965,0.668070077896118,0.49707050371031886,1
519,-118.5959357895,45.3206948805,0.465003818273544,0.446330224661971,1
520,-113.0876026765,44.7790282355,0.457508891820908,0.4314003373137527,1
521,-116.9376025225,44.5206949125,0.439253151416779,0.4550448639602279,1
522,-115.8126025675,44.0206949325,0.44451892375946,0.4501865313995327,1
523,-112.1876027125,35.9456952555,0.541441857814789,0.5278259374024441,1
524,-112.5209360325,34.3290286535,0.48439833521843,0.6249236967988515,1
525,-93.4792701275,33.8373620065,0.493777692317963,0.5347449365710806,1
526,-109.4876028205,33.4790286875,0.568406164646149,0.5855044164484479,1
527,-79.7542706765,32.9873620405,0.543278813362122,0.5389538689272849,1
528,-93.7209367845,32.9706953745,0.534919381141663,0.5497163824114581,1
529,-92.9792701475,32.1873620725,0.56049633026123,0.5340511759536029,1
530,-89.1376036345,31.2956954415,0.480746120214462,0.5229027898627757,1
531,-84.8292704735,30.7206954645,0.493569850921631,0.5703256173008281,1
532,-83.2792705355,29.4540288485,0.488000005483627,0.5292707427507355,1
533,-111.2792694155,38.2040284985,0.532731235027313,0.5111241058485936,1
534,-91.7292701975,33.7873620085,0.540977001190186,0.5420530412678062,1
535,24.4373918225,45.5540282045,0.425184071063995,0.44684924671284504,1
536,96.9957222535,28.2956955615,0.532500028610229,0.5408442776377089,1
537,-77.7709374225,34.3873619845,0.540917694568634,0.5191294607933528,1
538,-105.4292696495,42.1456950075,0.440121561288834,0.47189228052910814,1
539,-75.2209375245,38.3373618265,0.540563941001892,0.5248883889819042,1
540,-82.4959372335,29.3623621855,0.627304792404175,0.5459516453480604,1
541,13.8040589145,64.1706941265,0.47040781378746,0.48756729141110006,1
542,30.3373915865,62.6123608555,0.480020761489868,0.4848284936419508,1
543,8.7540591165,61.8623608855,0.477623015642166,0.47874323334034957,1
544,-98.7959365815,56.2040277785,0.465578198432922,0.4489383033906626,1
545,-101.0292698255,53.9706945345,0.407382130622864,0.4305311208042685,1
546,-100.9959364935,53.8040278745,0.370731055736542,0.43777765964715004,1
547,-102.6459364275,53.0373612385,0.444482564926147,0.4262335350147435,1
548,9.09572576950001,59.1956943255,0.477901041507721,0.48526784790475064,1
549,13.3790589315,65.4956940735,0.420257836580276,0.4823519994494183,1
550,145.4707203145,-17.6043026025,0.780343294143677,0.6723662754134738,1
551,150.8457200995,-27.8376355265,0.67718780040741,0.6627533664756919,1
552,-97.7459366235,26.7373622905,0.724089205265045,0.6629294962912071,1
553,-96.4626033415,28.9290288695,0.639293015003204,0.5793794016158591,1
554,-107.7376028905,53.9373612025,0.400455713272095,0.42012287310155055,1
555,-103.2459364035,53.7040278785,0.394239217042923,0.4241854102201403,1
556,-110.9459360955,47.0956948095,0.45969420671463,0.4459000039837871,1
557,-104.5376030185,46.7373614905,0.443603187799454,0.4607453381167451,1
558,-104.5459363515,46.7290281575,0.451879590749741,0.4618856039040744,1
559,-100.6376031745,37.0540285445,0.408438384532928,0.5221976792180387,1
560,-96.2292700175,35.7790285955,0.603752732276917,0.5945164763721479,1
561,-99.5126032195,32.7040287185,0.662002384662628,0.6781573410400671,1
562,-100.6459365075,30.7623621295,0.627615988254547,0.677114746171421,1
563,-99.5959365495,30.5706954705,0.627615988254547,0.6691396471997739,1
564,-121.3959356775,56.0040277865,0.392515927553177,0.4272697465014818,1
565,-105.3209363205,44.4290282495,0.440121561288834,0.46170522733960884,1
566,-103.2792697355,41.4706950345,0.440121561288834,0.4596743805500974,1
567,-102.6876030925,35.3873619445,0.724089205265045,0.6234163860051939,1
568,-103.7959363815,35.3290286135,0.724089205265045,0.6590738881404733,1
569,-101.5709364705,31.4123621035,0.570442020893097,0.6758784046726585,1
570,-100.4209365165,33.0706953705,0.58294814825058,0.6705871360154956,1
571,-108.1376028745,47.5956947895,0.446146368980408,0.46234152953531993,1
572,-122.1959356455,40.3373617465,0.75,0.6462252573112149,1
573,-103.6959363855,45.3956948775,0.440121561288834,0.4603551504472042,1
574,-105.7709363025,45.3706948785,0.442204266786575,0.4564120167246013,1
575,-101.3542698125,34.5956953095,0.509645760059357,0.6342495146184637,1
576,-104.4626030215,48.1290281015,0.466602772474289,0.47436613970711355,1
577,-103.7042697185,37.2706952025,0.569531202316284,0.5326576664038636,1
578,-96.7709366625,29.9873621605,0.622531533241272,0.6539846950931698,1
579,-121.2126023515,38.1540285005,0.42899289727211,0.6555440469422532,1
580,-96.6209366685,36.5456952315,0.601795554161072,0.58597503628231,1
581,-103.6709363865,47.2456948035,0.581285715103149,0.46759583602094223,1
582,-100.7459365035,45.2790282155,0.408438384532928,0.4772094777822475,1
583,-98.2126032715,39.4706951145,0.423230797052383,0.5047742148470147,1
584,-89.1376036345,40.6373617345,0.726891219615936,0.5547693801749375,1
585,-95.4626033815,39.9873617605,0.459744721651077,0.5370069097877492,1
586,-98.3959365975,46.5040281665,0.54663497209549,0.5103856564410949,1
587,-96.5626033375,47.2873614685,0.596021771430969,0.502165341625325,1
588,-89.7792702755,39.3623617855,0.68639874458313,0.5536616366920778,1
589,-97.7126032915,39.5623617775,0.578049600124359,0.5268297867923877,1
590,-94.1792700995,43.8123616075,0.552715957164764,0.5212573830018716,1
591,-87.9626036815,41.1123617155,0.592355251312256,0.544684895764665,1
592,-117.9959358135,55.2040278185,0.392515927553177,0.4448731069276786,1
593,-96.7209366645,41.3123617075,0.513221025466919,0.5319142887243262,1
594,-97.1626033135,40.0706950905,0.44892156124115,0.5342377073720015,1
595,-93.9126034435,38.5290284855,0.543977737426758,0.5811763967767064,1
596,-86.8126037275,41.1790283795,0.579874157905579,0.5378610222313998,1
597,-95.3209367205,42.9373616425,0.626982927322388,0.5339749403340114,1
598,-88.5792703235,42.3873616645,0.543312788009644,0.5488370377256667,1
599,169.0873860365,-44.6959681855,0.749000012874603,0.5680409908301881,1
600,19.4040586905,69.0206939325,0.593498408794403,0.5115559492659151,1
601,19.9957253335,69.2956939215,0.591212034225464,0.5293531721808005,1
602,17.9457254155,68.3956939575,0.591212034225464,0.5341784211576984,1
603,15.7207255045,67.4040273305,0.537311792373657,0.5052639075912227,1
604,6.5290592055,61.9706942145,0.488114476203918,0.491862491509571,1
605,6.78739252849999,60.5123609395,0.591212034225464,0.5038204631949653,1
606,2.22905937749999,42.8206949805,0.601900339126587,0.6318692226613396,1
607,2.02905938550001,41.4456950355,0.626326501369476,0.6435742384380555,1
608,9.20405909850001,40.6373617345,0.614486873149872,0.6167214021839619,1
609,-6.9542735885,40.3123617475,0.771317541599274,0.5947236271430617,1
610,-2.8126070875,40.2790284155,0.764922499656677,0.5999133365579384,1
611,-8.98760684050001,39.2456951235,0.703000009059906,0.647892519926926,1
612,-120.9459356955,35.9873619205,0.75,0.6394344503186113,1
613,-117.4209358365,33.4540286885,0.666599988937378,0.6623044073562256,1
614,-72.5959376295,-38.6543017605,0.532256245613098,0.5337467175941712,1
615,2.20405937850001,41.7290283575,0.477901041507721,0.6250145377306053,1
616,-16.4459398755,28.2706955625,0.610000014305115,0.6247338701282462,1
617,141.5957204695,-34.1709686065,0.71444708108902,0.6930247890370942,1
618,6.1207258885,44.4123615835,0.660357773303986,0.5440881913408776,1
619,-119.1126024355,34.4373619825,0.666599988937378,0.6555643581894823,1
620,11.2957256815,42.4790283275,0.635494410991669,0.6586893934465625,1
621,0.845726099499984,42.0456950115,0.642639815807343,0.6102621511475047,1
622,-2.1126071155,41.8456950195,0.485468089580536,0.5381815769387138,1
623,-2.43760710250001,38.1373618345,0.614486873149872,0.5457741949284822,1
624,-8.48760686049999,37.1790285395,0.531995475292206,0.6251270593806325,1
625,35.8290580335,33.4623620215,0.767705202102661,0.6183002931987832,1
626,-6.99594025350001,42.2873616685,0.771317541599274,0.5573588092136106,1
627,-5.4459403155,36.6123618955,0.786490857601166,0.6432713214444412,1
628,-4.5709403505,42.4873616605,0.624011158943176,0.5904762624196964,1
629,15.7873921685,40.4040284105,0.640738129615784,0.5899981638867304,1
630,35.2373913905,33.1456953675,0.767705202102661,0.6618814291629921,1
631,13.8123922475,45.5873615365,0.636607110500336,0.5690772145217833,1
632,12.8040589545,37.8706951785,0.605427503585815,0.6571467681269786,1
633,10.7957257015,43.4456949555,0.439989596605301,0.6039633011391324,1
634,13.8457255795,42.6623616535,0.626292705535889,0.6093261977431058,1
635,8.6373924545,40.3123617475,0.642639815807343,0.6597649012471258,1
636,-14.0459399715,28.4040288905,0.610000014305115,0.6346127901889217,1
637,11.9457256555,43.5540282845,0.781321942806244,0.6153501856941604,1
638,13.5040589265,37.4873618605,0.582931995391846,0.6387546320597073,1
639,13.3457255995,37.4540285285,0.618244826793671,0.645258465127048,1
640,16.8790587915,40.7456950635,0.716645896434784,0.6327880098827101,1
641,14.0207255725,42.5373616585,0.612530887126923,0.6311259765758581,1
642,14.9957255335,41.5623616975,0.643548905849457,0.6169274584017775,1
643,-117.0459358515,42.5206949925,0.512682497501373,0.49869833603690994,1
644,-117.8209358205,40.1456950875,0.506369888782501,0.5051449818043555,1
645,-112.1792693795,40.0123617595,0.699738681316376,0.4570009055097113,1
646,-115.4959359135,39.2956951215,0.595777571201324,0.5045250687208934,1
647,-117.3459358395,39.0706951305,0.48439833521843,0.5068967651135448,1
648,-117.7459358235,36.2206952445,0.48439833521843,0.5106781992559943,1
649,-107.8126028875,34.0290286655,0.570455968379974,0.541935008592236,1
650,-111.5292694055,31.9040287505,0.602500021457672,0.6663087948858414,1
651,-89.9959369335,15.0040294265,0.589112758636475,0.5804498542090647,1
652,-108.0376028785,32.1456954075,0.724089205265045,0.6794445546275221,1
653,-98.4376032625,28.5706955505,0.724089205265045,0.7057726327708761,1
654,-111.7709360625,41.6873616925,0.731724143028259,0.4673287647136808,1
655,-113.3459359995,32.9623620415,0.602500021457672,0.6782112493260214,1
656,-118.7626024495,41.6540283605,0.392515927553177,0.4415038523559131,1
657,-113.0209360125,42.4373616625,0.456291288137436,0.46686788902303095,1
658,-102.3042697745,30.9206954565,0.724089205265045,0.7038382970484411,1
659,-98.1959366055,26.4290289695,0.728386342525482,0.6961957257323409,1
660,32.0207248525,-28.2293021775,0.386648505926132,0.6473925098015249,1
661,107.6207218285,15.8790293915,0.534228146076202,0.5755123921458777,1
662,169.2540526965,-18.8876358845,0.539292693138123,0.5771955035770794,1
663,-50.3959385175,-28.3543021725,0.56812185049057,0.5681325482111614,1
664,-59.7459381435,-16.9126359635,0.7684565782547,0.6274726709202593,1
665,106.0123885595,14.0873627965,0.774587988853455,0.6187384118847931,1
666,26.0457250915,59.6040276425,0.478152930736542,0.47978384616941905,1
667,-90.9959368935,48.6040280825,0.410793364048004,0.43758204797855776,1
668,-91.7876035285,48.1790280995,0.460628062486649,0.43330207046203306,1
669,-89.9709369345,47.9706947745,0.413452386856079,0.44529321542864675,1
670,-76.9209374565,46.5290281655,0.530616641044617,0.4762232845938017,1
671,-75.6959375055,46.4290281695,0.477328568696976,0.48367067055396373,1
672,-67.8626044855,45.3706948785,0.44241589307785,0.5088861566765954,1
673,-70.0542710645,44.6956949055,0.441379129886627,0.5227451817998644,1
674,-65.7959379015,44.0040282665,0.445793837308884,0.48777732709528415,1
675,-74.2459375635,42.0540283445,0.534779489040375,0.5550168875262809,1
676,149.5707201505,-35.4293018895,0.596712350845337,0.6340817732774874,1
677,150.2040534585,-35.4626352215,0.724882662296295,0.6827787089141708,1
678,148.2040535385,-35.6793018795,0.584807157516479,0.598486416562791,1
679,176.5790524035,-38.0043017865,0.591586887836456,0.5884189853493746,1
680,176.7873857285,-38.5043017665,0.62237286567688,0.601540954636164,1
681,174.7873858085,-39.4876350605,0.584807395935059,0.6085989650211275,1
682,175.1707191265,-39.6959683855,0.588330030441284,0.6051056137127777,1
683,169.7540526765,-43.5626348975,0.573797523975372,0.5746810972181834,1
684,-73.1959376055,-50.1626346335,0.515652656555176,0.4770086594077958,1
685,-82.3959372375,45.8040281945,0.340107142925262,0.4677098073379856,1
686,174.8623858055,-38.8376350865,0.574313044548035,0.5768526349335624,1
687,127.1290543815,35.7623619295,0.547719180583954,0.5375882140666542,1
688,173.5040525265,-41.3543016525,0.685531139373779,0.626130590612286,1
689,22.4623919015,58.8540276725,0.497677683830261,0.4939157228188223,1
690,0.0540594645,47.3123614675,0.50644713640213,0.6140842523015317,1
691,-85.0876037965,46.6540281605,0.419999986886978,0.45166203200384714,1
692,-152.8042677545,58.0040277065,0.390979200601578,0.45140855974347127,1
693,-135.4792684475,57.3290277335,0.430710166692734,0.4535397938733151,1
694,-134.2376018305,56.7123610915,0.390975087881088,0.46686878928381903,1
695,-133.6376018545,56.6040277625,0.427060097455978,0.4557603220424812,1
696,-133.2542685365,56.1373611145,0.447138458490372,0.4854345632768937,1
697,-123.9959355735,54.6040278425,0.433654516935349,0.41289479378052457,1
698,-125.5959355095,53.2040278985,0.423505634069443,0.43505356500093373,1
699,-127.8292687535,53.0706945705,0.403895258903503,0.4730136026643073,1
700,-116.4126025435,52.6790279195,0.427060097455978,0.43230556615324245,1
701,-121.5959356695,51.8040279545,0.43882742524147,0.44758673617195716,1
702,-119.5959357495,50.2040280185,0.439795911312103,0.4384924740136609,1
703,-117.2126025115,48.5873614165,0.450275331735611,0.4514913456728709,1
704,-121.8209356605,48.4540280885,0.453497111797333,0.45673009628973604,1
705,-123.9876022405,47.8456947795,0.423523455858231,0.4775505057634523,1
706,-112.9876026805,47.2873614685,0.441098809242249,0.4368266402406274,1
707,-117.4376025025,46.1540281805,0.438989907503128,0.4441730746870438,1
708,-122.4542689685,43.4623616215,0.458123773336411,0.46257970350528343,1
709,-122.8376022865,40.4706950745,0.694177210330963,0.5227683488367483,1
710,-119.8959357375,39.3623617855,0.45316019654274,0.4356117488764704,1
711,-109.9209361365,34.0706953305,0.450025975704193,0.5044245092869227,1
712,-81.0626039575,32.4123620635,0.53415834903717,0.5384211753418937,1
713,-82.1126039155,30.4706954745,0.51579737663269,0.5247874926248678,1
714,-82.0292705855,28.3623622255,0.407855749130249,0.54061826948172,1
715,-124.1376022345,40.2456950835,0.579999983310699,0.523637107625119,1
716,20.0790586635,49.1206947285,0.433112472295761,0.4518554736536968,1
717,-74.6126042155,39.6956951055,0.48904475569725,0.5172197782461321,1
718,-129.7959353415,67.6040273225,0.428184330463409,0.4447571958763544,1
719,-127.1959354455,67.0040273465,0.460232496261597,0.44951798020668554,1
720,-128.7959353815,66.6040273625,0.431537300348282,0.4486997794605548,1
721,-126.1959354855,66.4040273705,0.433928221464157,0.4465202398041508,1
722,33.8290581135,66.1290273815,0.478773772716522,0.4851571494594462,1
723,34.2540580965,64.3873607845,0.433952271938324,0.4844198488023785,1
724,34.8623914055,64.0790274635,0.601725876331329,0.4812833539220878,1
725,12.2707256425,64.0706941305,0.423131823539734,0.48151234715315583,1
726,35.1957247255,62.3373608665,0.449555724859238,0.49073680193929436,1
727,36.4373913425,62.2873608685,0.464011192321777,0.48618228891487564,1
728,35.7623913695,62.0290275455,0.55623596906662,0.4860197811076746,1
729,149.2040534985,61.4290275695,0.466017305850983,0.45268794996595924,1
730,-113.1959360055,61.4040275705,0.418365865945816,0.4358416233331534,1
731,-151.2959344815,60.6373609345,0.456917762756348,0.47337890930596976,1
732,150.8123867675,60.6290276015,0.550160706043243,0.45765401150790747,1
733,-120.7959357015,60.6040276025,0.483932137489319,0.4485238678628137,1
734,151.2373867505,60.2623609495,0.420516669750214,0.4587029597955041,1
735,-127.9959354135,60.0040276265,0.525710880756378,0.43989785768042555,1
736,-131.3959352775,58.8040276745,0.527999997138977,0.42523566609489155,1
737,34.3540580925,58.6123610155,0.422950655221939,0.48873508043334274,1
738,-129.5959353495,57.8040277145,0.413900434970856,0.43429267144838296,1
739,-109.5959361495,57.4040277305,0.419999986886978,0.4430048014585973,1
740,-122.5959356295,57.2040277385,0.458611935377121,0.42737494844016105,1
741,-115.2376025905,56.8540277525,0.39309898018837,0.4206490305185387,1
742,-115.5792692435,56.7706944225,0.396414339542389,0.42014543946177657,1
743,-96.3959366775,55.6040278025,0.436734318733215,0.44673331464709387,1
744,-114.0376026385,55.5373611385,0.441926568746567,0.4219531187686046,1
745,-108.3626028655,55.0873611565,0.408045738935471,0.4192122171836619,1
746,-105.8292696335,54.6123611755,0.422062337398529,0.4264410560397082,1
747,-57.5959382295,54.0040278665,0.459384113550186,0.45467589209120624,1
748,-96.5959366695,52.2040279385,0.507142841815948,0.44566258943668424,1
749,-69.4376044225,51.7873612885,0.454429298639297,0.4556862196405617,1
750,-74.4959375535,51.7040279585,0.481039345264435,0.45379692534112603,1
751,-91.1959368855,51.6040279625,0.459570497274399,0.4521217631813346,1
752,-58.4876048605,51.6040279625,0.453267067670822,0.45603637876479985,1
753,-71.9459376555,51.5540279645,0.460062682628632,0.4550198024627823,1
754,-88.5959369895,51.4040279705,0.460965722799301,0.4508603569624018,1
755,-68.5709377905,51.3456946395,0.467105686664581,0.4550853997244842,1
756,-68.0292711455,51.0790279835,0.453798919916153,0.45648640421542513,1
757,-73.2792709355,50.7623613295,0.459178388118744,0.4547678087240331,1
758,-72.8792709515,50.7290279975,0.456032484769821,0.45505580372799737,1
759,-74.0959375695,50.6123613355,0.446493327617645,0.453698061786073,1
760,-91.3959368775,49.8040280345,0.454075783491135,0.44150287797196924,1
761,-88.3959369975,49.6040280425,0.395068466663361,0.44439783169331926,1
762,-87.1959370455,49.6040280425,0.331811428070068,0.4438738918810207,1
763,-63.5376046585,49.4206947165,0.450188398361206,0.4491636499237512,1
764,-56.5959382695,49.4040280505,0.453669428825378,0.45609867364506185,1
765,-61.8876047245,49.2123613915,0.452071607112885,0.4499015792558475,1
766,-82.9959372135,48.6040280825,0.460915774106979,0.46224485463097414,1
767,-66.4459378755,48.3206947605,0.439043313264847,0.48644845520959457,1
768,34.3373914265,64.9623607615,0.477901041507721,0.4872924600645798,1
769,29.0707249705,60.2706942825,0.477901041507721,0.47442485272697393,1
770,22.9207252165,68.7956939415,0.591212034225464,0.5138310636724512,1
771,-139.1959349655,68.2040272985,0.458860605955124,0.45486930860769814,1
772,-126.5959354695,65.6040274025,0.458860605955124,0.4502709328871278,1
773,-125.7959355015,64.2040274585,0.458860605955124,0.4467031449704585,1
774,142.2873871085,63.6623608135,0.458860605955124,0.44539916972418425,1
775,142.4707204345,63.4623608215,0.458860605955124,0.43905935772886806,1
776,-71.0792710235,51.8456946195,0.458860605955124,0.4528586920065432,1
777,-69.2459377635,51.7790279555,0.458860605955124,0.4567354902595989,1
778,-86.9959370535,51.6040279625,0.458860605955124,0.4493491106762089,1
779,-80.7959373015,50.0040280265,0.458860605955124,0.44908620767774265,1
780,-68.6959377855,-12.5959694695,0.614521026611328,0.5861078408617729,1
781,138.0873872765,-18.0043025865,0.785567700862885,0.6728626095895501,1
782,138.3040539345,-18.0959692495,0.720258831977844,0.6845002663256742,1
783,-112.7959360215,55.0873611565,0.393679231405258,0.4196030521410223,1
784,-80.7709373025,25.3790290115,0.488000005483627,0.549210272801595,1
785,148.7207201845,65.5040274065,0.51679927110672,0.45454698846875136,1
786,149.0457201715,64.6290274415,0.416457325220108,0.4549088965042927,1
787,151.2790534155,60.3873609445,0.420975685119629,0.4622449038299545,1
788,-139.7792682755,59.9123609635,0.37955242395401,0.49144751167627776,1
789,-135.1876017925,59.5540276445,0.436607301235199,0.46621197479743026,1
790,-134.8792684715,58.7040276785,0.443345218896866,0.47785560269261357,1
791,-133.6042685225,58.5373610185,0.443031877279282,0.4746466014890894,1
792,-133.1626018735,57.7040277185,0.390979200601578,0.4403344163696419,1
793,8.9373924425,42.5456949915,0.556367635726929,0.6429203690233891,1
794,-5.5626069775,42.3123616675,0.396124988794327,0.5966082702064485,1
795,-119.8959357375,40.8373617265,0.512059271335602,0.4942353398360173,1
796,-114.4459359555,40.0956950895,0.502992272377014,0.5069632435449194,1
797,-105.5709363105,36.5956952295,0.397842049598694,0.4328034854378707,1
798,-110.8292694335,37.9956951735,0.536034762859344,0.5113664251558985,1
799,-79.8542706725,9.1040296625,0.538845121860504,0.5808332936207339,1
800,-59.9042714705,-0.645969947500006,0.679830849170685,0.6033009058155632,1
801,148.4790535275,-21.1793024595,0.782447874546051,0.6834919677451322,1
802,-64.2959379615,-17.3293026135,0.497124999761581,0.5839074474960979,1
803,107.8790551515,15.5540294045,0.58882349729538,0.5760253002100434,2
804,33.2290581375,58.3623610255,0.448361039161682,0.4881783758475356,2
805,34.5707247505,58.1706943665,0.58493560552597,0.4842488101358495,2
806,27.7873916885,57.8623610455,0.782903909683228,0.4971131553670686,2
807,25.9207250965,57.8540277125,0.477554112672806,0.4895443530611014,2
808,14.0040589065,53.6040278825,0.513870298862457,0.5289717570152352,2
809,18.5623920575,53.5206945525,0.474636942148209,0.5142738829740584,2
810,23.6957251855,52.8623612455,0.439278125762939,0.49929509650756054,2
811,14.4790588875,52.7123612515,0.601040124893188,0.5467271475802442,2
812,15.4957255135,50.8873613245,0.433937877416611,0.4963776596255422,2
813,16.6457254675,50.1956946855,0.658365964889526,0.5292607837560075,2
814,-95.3626033855,48.5790280835,0.381170392036438,0.44274643789368,2
815,-71.0292710255,47.0040281465,0.566301286220551,0.5555753293673229,2
816,-69.9042710705,46.8873614845,0.416092872619629,0.502529902663198,2
817,-85.4376037825,46.6206948285,0.467127591371536,0.4520559613126669,2
818,-85.0959371295,46.4290281695,0.466855525970459,0.4884555713377975,2
819,-66.5959378695,46.4040281705,0.774324417114258,0.48990499003929816,2
820,-64.3959379575,45.4040282105,0.454249769449234,0.49420710412984875,2
821,-83.9126038435,44.6540282405,0.419918596744537,0.46073727396662156,2
822,-70.9126043635,44.1123615955,0.477836400270462,0.49836226750825274,2
823,-71.0209376925,41.7540283565,0.494357794523239,0.5156245532556741,2
824,-81.4042706105,41.5790283635,0.516295075416565,0.5556576054542026,2
825,-82.3876039045,39.5040284465,0.450359284877777,0.5698046161817184,2
826,-78.3626040655,38.1706951665,0.534468233585358,0.5492923966539836,2
827,-89.4792702875,37.8373618465,0.590465307235718,0.5707971166003214,2
828,-83.2042705385,36.7873618885,0.590331256389618,0.5500569795315358,2
829,-87.6126036955,35.6873619325,0.526792585849762,0.5503215957723319,2
830,129.1123876355,35.4206952765,0.63405454158783,0.5332091461141036,2
831,-80.5292706455,34.6623619735,0.575955092906952,0.5338694362891827,2
832,-85.4709371145,34.4540286485,0.493686884641647,0.5395702661602085,2
833,-82.9626038815,34.0540286645,0.530640721321106,0.5363974716445224,2
834,-87.5626036975,33.6123620155,0.514097809791565,0.5249994868087748,2
835,-83.5542705245,32.5040287265,0.544877529144287,0.5365537135018745,2
836,93.0790557435,27.4540289285,0.491336107254028,0.5499687435946984,2
837,152.6873866925,-25.8626356055,0.780417740345001,0.6978169708149662,2
838,6.8207258605,47.5706947905,0.600087642669678,0.5736759074140165,2
839,1.82905939349999,45.3540282125,0.583883285522461,0.5944234068110195,2
840,-72.6626042935,-50.6043012825,0.515652656555176,0.5023056273936123,2
841,-90.5126035795,30.4956954735,0.558036923408508,0.5264303547649276,2
842,-76.5792708035,39.0123617995,0.506267189979553,0.5298642239531778,2
843,-5.39594031749999,42.8206949805,0.771317541599274,0.5798450677199817,2
844,-90.9959368935,43.0123616395,0.600442826747894,0.554613874470226,2
845,8.62072578850001,47.1040281425,0.420257836580276,0.5270478657556115,2
846,8.30405913449999,50.9040279905,0.482306808233261,0.533230401037439,2
847,2.52905936549999,44.7956949015,0.554645001888275,0.5935882371012957,2
848,-91.9792701875,34.9706952945,0.511401295661926,0.5543137267329421,2
849,24.4873918205,58.8956943375,0.515654504299164,0.4981840455874616,2
850,-71.6376043345,-39.3543017325,0.534144937992096,0.542778848970149,2
851,15.2040588585,44.4790282475,0.660357773303986,0.5741811224023311,2
852,128.8540543125,37.6540285205,0.452245950698853,0.5461966418885748,2
853,30.9790582275,56.5290277655,0.471315979957581,0.5068338844068733,2
854,-2.23760711049999,47.3206948005,0.571032106876373,0.5625232954699909,2
855,-81.3959372775,45.0040282265,0.354062676429749,0.47551224690436256,2
856,-91.5876035365,36.6623618935,0.693125486373901,0.5755290895448352,2
857,-89.7292702775,37.8540285125,0.413459926843643,0.5842177290546676,2
858,-88.5042703265,45.1706948865,0.451821625232697,0.4723782592024206,2
859,128.4290543295,36.6540285605,0.455097585916519,0.5548989112563089,2
860,10.5040590465,49.9040280305,0.586809277534485,0.5529468753095265,2
861,175.6707191065,-38.2459684435,0.616999983787537,0.607512075010558,2
862,3.0290593455,49.5456947115,0.593650102615356,0.5620585438438301,2
863,-77.3626041055,42.0290283455,0.577833771705627,0.5663834804848182,2
864,15.0540588645,53.8790278715,0.421947866678238,0.5583429274891925,2
865,8.7040591185,47.9040281105,0.512641549110413,0.540057430433796,2
866,-81.5959372695,43.6040282825,0.569610178470612,0.49928420505733895,2
867,0.979059427500005,48.2956947615,0.693392693996429,0.597995513928328,2
868,0.6373927745,48.3873614245,0.688325583934784,0.6090654502408407,2
869,-87.9959370135,37.8123618475,0.647900521755219,0.5627520718207228,2
870,4.99572593350001,47.8623614455,0.661902070045471,0.5983087369459709,2
871,-81.1959372855,44.0040282665,0.612693607807159,0.5036301950464209,2
872,-91.9709368545,44.0123615995,0.560833811759949,0.5348119846880736,2
873,-74.2209375645,45.4040282105,0.39902651309967,0.47908389480117874,2
874,6.22072588449998,49.0373613985,0.536425232887268,0.6051119086288012,2
875,-82.6626038935,37.1623618735,0.541420519351959,0.5467680093086723,2
876,22.7790585555,54.3706945185,0.497736990451813,0.5022137938618902,2
877,-88.1792703395,36.7790285555,0.588568508625031,0.5536438395847092,2
878,-76.1959374855,43.7540282765,0.481234729290009,0.5172643953741967,2
879,11.1040590225,53.9040278705,0.615605413913727,0.5460187176152893,2
880,14.1040589025,53.6040278825,0.499818623065948,0.5182897294593585,2
881,4.7207259445,46.6456948275,0.617833971977234,0.5844025511455176,2
882,17.3373921065,53.5456945515,0.477901041507721,0.5252364055730007,2
883,-0.495940513499988,46.1873615125,0.701584756374359,0.5865775165241425,2
884,-82.2376039105,41.1873617125,0.519230842590332,0.5544283751210987,2
885,-75.6626041735,40.6956950655,0.55860048532486,0.553476938155693,2
886,-84.2459371635,39.5456951115,0.508662700653076,0.56958050404748,2
887,-89.5876036165,36.0873619165,0.472213298082352,0.5591047563119945,2
888,-88.1042703425,38.5373618185,0.574330568313599,0.5565838194356542,2
889,-0.229273857500004,45.6873615325,0.606786787509918,0.5875069009160837,2
890,-92.5292701655,44.4873615805,0.516643285751343,0.5324210186278417,2
891,8.38739246450001,56.4290277695,0.530013740062714,0.5280120582910595,2
892,7.40405917050001,52.8040279145,0.488450974225998,0.5138978436496834,2
893,-2.00427378649999,48.2123614315,0.555819511413574,0.5739320803323957,2
894,5.0873925965,60.7373609305,0.589472651481628,0.4895303679045794,2
895,-151.5542678045,59.2373609905,0.390979200601578,0.4679265553536517,2
896,-119.3876024245,56.5623610975,0.411188840866089,0.4235036661321221,2
897,-121.7959356615,55.6040278025,0.425931572914124,0.42629817953144533,2
898,-118.9792691075,54.4623611815,0.427062004804611,0.4268816049351843,2
899,-124.3959355575,52.6040279225,0.485029369592667,0.4369844726809684,2
900,-115.6376025745,52.3540279325,0.427452862262726,0.4249663685653431,2
901,-114.4709359545,50.1790280195,0.42041152715683,0.4258703667205582,2
902,-121.5959356695,50.0040280265,0.44571116566658,0.493295834352822,2
903,-121.9292689895,48.8456947395,0.440403431653976,0.46643206610341253,2
904,-123.7959355815,48.6040280825,0.45969420671463,0.4762375806581595,2
905,-114.5292692855,48.2873614285,0.459713190793991,0.45166639321728136,2
906,-115.4209359165,47.6123614555,0.45969420671463,0.47326586186592023,2
907,-123.6709355865,47.1790281395,0.465222209692001,0.5239364189067516,2
908,-123.9459355755,46.8373614865,0.423735618591309,0.5164249141906093,2
909,-113.2459360035,45.7623615295,0.428380370140076,0.43814055608315,2
910,-107.2709362425,44.2873615885,0.427060097455978,0.4276905443589063,2
911,-106.8876029245,44.2706949225,0.427060097455978,0.4295277605315386,2
912,-124.2209355645,43.5540282845,0.427060097455978,0.5251538515140435,2
913,-124.3042688945,43.0456949715,0.45969420671463,0.5199291255833296,2
914,-124.1292689015,42.9456949755,0.44527006149292,0.5287281874863828,2
915,-106.5126029395,41.3956950375,0.421880006790161,0.4221462606919221,2
916,-107.1626029135,39.6040284425,0.476540356874466,0.49518123196916836,2
917,-116.4376025425,39.3873617845,0.48439833521843,0.48856324465905776,2
918,-120.9126023635,39.0206951325,0.626904428005219,0.6220470017885771,2
919,-111.8126027275,34.1290286615,0.57064163684845,0.6156840594440133,2
920,-108.4126028635,33.8623620055,0.493061512708664,0.4975004824677781,2
921,-105.5126029795,33.3123620275,0.546550333499908,0.49922156327714484,2
922,-93.8376034465,31.1790287795,0.512976765632629,0.531193779501681,2
923,-94.3292700935,31.0290287855,0.618005931377411,0.534225538536211,2
924,-120.5959357095,57.4040277305,0.458860605955124,0.42508162315332443,2
925,-120.0792690635,44.3456949195,0.440121561288834,0.45690670316877763,2
926,-119.4626024215,43.8040282745,0.440121561288834,0.4653434723493547,2
927,6.91239252349999,45.9623615215,0.43155911564827,0.49936316534602765,2
928,5.7207259045,44.8873615645,0.592478394508362,0.5498809895776732,2
929,-95.2959367215,32.4706953945,0.623445987701416,0.5854565076234722,2
930,-107.3292695735,44.8706948985,0.440405577421188,0.46996742445265594,2
931,-111.9376027225,45.0956948895,0.45969420671463,0.4362670596887087,2
932,-89.2876036285,30.4290288095,0.531217694282532,0.5227694108292067,2
933,-124.1959355655,43.6123616155,0.410751163959503,0.5403936140283802,2
934,-88.6876036525,30.4290288095,0.488000005483627,0.5140507624807629,2
935,-82.5876038965,32.8373620465,0.519861102104187,0.5306114838588781,2
936,-106.8542695925,39.3290284535,0.392515927553177,0.42374839441281215,2
937,-107.5792695635,40.2540284165,0.624875247478485,0.4823169271184081,2
938,-81.4709372745,27.3873622645,0.497324794530869,0.5337236072116007,2
939,-75.1876041925,38.5123618195,0.516099572181702,0.5224315143526209,2
940,-126.3959354775,54.0040278665,0.431486487388611,0.4348446154709264,2
941,11.2457256835,45.8040281945,0.638615429401398,0.5578361404778067,2
942,-117.2209358445,47.7456947835,0.450742423534393,0.4757820664867488,2
943,-82.9376038825,29.6373621745,0.698095798492432,0.5165138095004314,2
944,-76.8876041245,36.8123618875,0.564375460147858,0.5197451230569987,2
945,13.8540589125,66.0623607175,0.51844710111618,0.5018149621153993,2
946,12.0040589865,61.8040275545,0.537121593952179,0.500622601078782,2
947,10.3123923875,60.0290276255,0.45812138915062,0.4679467063605907,2
948,10.2623923895,59.1206943285,0.579606115818024,0.497325603187241,2
949,-102.1292697815,54.8540278325,0.420061409473419,0.42927080753115404,2
950,-99.3959365575,54.2040278585,0.448575109243393,0.44071005463426194,2
951,-98.8876032445,52.5206945925,0.418916016817093,0.442380130045439,2
952,-101.2459364835,52.4706945945,0.465385973453522,0.42630166107346473,2
953,-102.2126031115,52.4540279285,0.387592285871506,0.41930082895677195,2
954,-68.3459377995,50.1456946875,0.455661475658417,0.45486566112844085,2
955,-98.9792699075,52.7706945825,0.392515927553177,0.4404909941240396,2
956,11.4207256765,64.1790274595,0.420257836580276,0.47741363493899663,2
957,30.7623915695,58.8290276735,0.592318058013916,0.49496392692607943,2
958,13.1040589425,-5.61263641550001,0.693885266780853,0.6339685855523662,2
959,-89.7292702775,29.5123621795,0.584304332733154,0.5207123463357107,2
960,-97.5709366305,28.0290289055,0.724089205265045,0.6684616378841608,2
961,-47.6126052955,-22.2876357485,0.688203573226929,0.6075107948432176,2
962,-107.1792695795,53.8706945385,0.419383466243744,0.41943426470299455,2
963,-105.0126029995,53.3206945605,0.420641630887985,0.41912539482768973,2
964,-100.7042698385,52.3123612675,0.419456452131271,0.4365709828619708,2
965,-107.0876029165,46.8540281525,0.442312777042389,0.4654758455913661,2
966,-116.7376025305,45.3540282125,0.455384701490402,0.4536905233652637,2
967,-104.7626030095,42.3123616675,0.466602772474289,0.4843468075862765,2
968,-97.2792699755,39.8206951005,0.411848515272141,0.5343909530098758,2
969,-91.0792702235,38.6873618125,0.584416210651398,0.5981360833378904,2
970,-98.2459366035,31.0956954495,0.633832395076752,0.66986543482069,2
971,-100.2709365225,29.9206954965,0.627995729446411,0.6508071839154149,2
972,144.9457203355,-35.8626352055,0.714345395565033,0.6768842586262831,2
973,-103.0542697445,41.4623617015,0.440121561288834,0.46707289784750033,2
974,-101.2126031515,41.1540283805,0.397771030664444,0.4795118588496076,2
975,-108.9626028415,46.9290281495,0.453909873962402,0.4517604729099385,2
976,-104.1126030355,44.7873615685,0.455219238996506,0.4662074362252802,2
977,-101.9709364545,44.4706949145,0.470366925001144,0.46913833021503104,2
978,-101.2126031515,33.7373620105,0.697392284870148,0.6570162059456169,2
979,-110.1042694625,45.6956948655,0.447564452886581,0.4544669640717552,2
980,-104.8959363375,48.1540281005,0.581285715103149,0.46881863285041686,2
981,-103.2792697355,46.5206948325,0.443659752607346,0.4833912357049899,2
982,-111.1292694215,48.8373614065,0.433966010808945,0.4401765316885331,2
983,-108.9626028415,45.3206948805,0.445232480764389,0.46323494790863584,2
984,-98.0292699455,39.1790284595,0.420488625764847,0.5028088728504438,2
985,-95.9459366955,37.2706952025,0.654252171516418,0.5915596617364826,2
986,-96.6626033335,35.0540286245,0.493762016296387,0.5968396591292419,2
987,-105.7376029705,48.0290281055,0.408438384532928,0.4641584487811901,2
988,-106.1626029535,46.0956948495,0.45682880282402,0.458086753096445,2
989,-98.2626032695,39.6790284395,0.564872920513153,0.5154925453933378,2
990,-97.5292699655,37.8540285125,0.436099171638489,0.5162971469702289,2
991,-111.5626027375,48.9206947365,0.451771885156631,0.4473799933122398,2
992,-94.9126034035,37.4373618625,0.55270779132843,0.5810191187609357,2
993,-92.9626034815,43.4373616225,0.629999995231628,0.5299856024398442,2
994,-100.6209365085,48.2873614285,0.392515927553177,0.4690621884587136,2
995,-95.6792700395,45.2290282175,0.521818935871124,0.509227500744151,2
996,-97.4959366335,42.8873616445,0.577209234237671,0.521291993311347,2
997,-91.3959368775,40.8373617265,0.548849523067474,0.5580262158188315,2
998,-100.4709365145,40.0206950925,0.408438384532928,0.48609534970932977,2
999,-88.9959369735,40.3873617445,0.537821531295776,0.5603065161319446,2
1000,-98.8626032455,45.2290282175,0.557193994522095,0.4968341838368383,2
1001,-94.6292700815,44.3706949185,0.520242214202881,0.5203745871678616,2
1002,-95.0042700665,40.6956950655,0.566427290439606,0.5396695258383502,2
1003,-96.1126033555,41.5040283665,0.568128108978271,0.5370611482474973,2
1004,-97.3626033055,44.7790282355,0.445914179086685,0.5126982102588992,2
1005,-97.9792699475,46.5873614965,0.54494321346283,0.4957222372521064,2
1006,-97.1126033155,44.6123615755,0.570044994354248,0.5108811433569833,2
1007,-98.7209365845,44.3373615865,0.614715695381165,0.5026597651102889,2
1008,-100.6126031755,40.6956950655,0.52450430393219,0.48496082597076595,2
1009,-100.4626031815,48.9123614035,0.431035310029984,0.44214355640422726,2
1010,-107.1792695795,45.6290282015,0.445002168416977,0.46304640538422004,2
1011,-98.3709365985,42.2123616715,0.53404700756073,0.5075971079997545,2
1012,-97.6459366275,41.3123617075,0.40918555855751,0.5038983166760579,2
1013,-94.2209367645,44.8206949005,0.480291754007339,0.5133552942253412,2
1014,-97.4126033035,51.5706946305,0.419459223747253,0.4516828321524058,2
1015,-98.2959366015,48.7540280765,0.478048950433731,0.45844435760884533,2
1016,-101.2376031505,47.2290281375,0.412282139062881,0.5014804636681521,2
1017,-90.5626035775,41.1373617145,0.548267900943756,0.5498932866086752,2
1018,-89.5292702855,38.7790284755,0.552143812179565,0.5732410162028433,2
1019,15.2790588555,66.9456940155,0.501937806606293,0.5023288791837124,2
1020,15.0040588665,66.4873607005,0.450806379318237,0.5086054740781281,2
1021,13.1873922725,65.7373607305,0.433816313743591,0.4897190089217361,2
1022,-149.0209345725,61.0123609195,0.398832499980927,0.4844739137767912,2
1023,8.62072578850001,60.6790275995,0.446892946958542,0.4880344275539121,2
1024,6.85405919249999,60.4956942735,0.560980141162872,0.49885647027620655,2
1025,7.33739250650001,43.9790282675,0.526092410087585,0.5902862075861571,2
1026,-5.29594032150001,42.7540283165,0.771317541599274,0.5887658940937868,2
1027,8.62905912150001,42.3456949995,0.743386685848236,0.6631448357111848,2
1028,0.187392792499992,40.7790283955,0.614486873149872,0.6077597322382862,2
1029,-4.34594035949999,40.4290284095,0.598267614841461,0.6118787575057499,2
1030,-6.4376069425,39.2373617905,0.745162904262543,0.6390875187878681,2
1031,-4.35427369250002,38.4706951545,0.511616945266724,0.6072077901559745,2
1032,-116.8292691935,34.2956953215,0.516300618648529,0.4886608209670293,2
1033,-4.1626070335,38.9956951335,0.586789786815643,0.6147761567633985,2
1034,-5.29594032150001,37.8706951785,0.786384165287018,0.658819908833486,2
1035,-2.48760710050001,37.4706951945,0.610075116157532,0.605812300845427,2
1036,143.2207204045,-34.7376352505,0.714345395565033,0.6947919119648702,2
1037,6.1290592215,44.2290282575,0.578647792339325,0.509210475192438,2
1038,-1.97094045450001,38.1040285025,0.600937843322754,0.5954060889634046,2
1039,-1.1792738195,37.8956951775,0.606798827648163,0.6334817367939991,2
1040,-2.6959404255,40.6040284025,0.606798827648163,0.6096763036777416,2
1041,35.6123913755,33.6456953475,0.767705202102661,0.625991223246409,2
1042,35.8207247005,33.4956953535,0.767705202102661,0.6486715727604243,2
1043,12.7123922915,41.4623617015,0.78079229593277,0.6211361090883629,2
1044,5.38739258449999,44.7956949015,0.640755116939545,0.5997579153526221,2
1045,13.1457256075,38.0956951695,0.585044264793396,0.6298071710644498,2
1046,15.9707254945,41.1873617125,0.452491015195847,0.6323262895398795,2
1047,-119.6126024155,45.8873615245,0.359819918870926,0.5922415947030313,2
1048,-113.1126026755,43.7373616105,0.45893582701683,0.43987777390909294,2
1049,-107.7376028905,39.6290284415,0.548174321651459,0.5090284221556192,2
1050,-118.2042691385,38.0706951705,0.48439833521843,0.5134138257372364,2
1051,-114.2792692955,37.4206951965,0.509161770343781,0.5082181318125552,2
1052,-117.6709358265,37.3540285325,0.48439833521843,0.5096707689979297,2
1053,-113.6376026545,36.7873618885,0.503792643547058,0.518424674253169,2
1054,-113.2876026685,36.4873619005,0.533520579338074,0.542210384511674,2
1055,-113.2709360025,35.6540286005,0.517023921012878,0.5902339769015793,2
1056,-112.2792693755,32.0790287435,0.776821911334991,0.6827397803165571,2
1057,-106.8792695915,42.1706950065,0.440121561288834,0.47899681175770764,2
1058,-117.7042691585,40.8706950585,0.509938538074493,0.508333405454274,2
1059,-108.7542695165,40.6706950665,0.509938538074493,0.5056644455349586,2
1060,-113.6626026535,37.3373618665,0.509938538074493,0.5545767566731531,2
1061,-100.2376031905,28.3623622255,0.724089205265045,0.7107709229554576,2
1062,-99.3626032255,27.8123622475,0.724089205265045,0.7143679037209569,2
1063,-112.4126027035,40.0123617595,0.509938538074493,0.509093137393911,2
1064,-110.4959361135,31.4706954345,0.52706253528595,0.6215400159469487,2
1065,-109.0042695065,31.5206954325,0.507282018661499,0.6213523580558539,2
1066,-112.7709360225,42.6206949885,0.408393800258636,0.46752869399420205,2
1067,-111.8376027265,42.4456949955,0.447154253721237,0.4812508729074186,2
1068,-107.6709362265,42.3706949985,0.458286941051483,0.4516548361211824,2
1069,107.9290551495,15.9790293875,0.744530916213989,0.5620514563248341,2
1070,-89.9959369335,15.7540293965,0.545814275741577,0.5820485888977031,2
1071,-53.2876050685,-26.3126355875,0.548258244991302,0.596596800634811,2
1072,-49.7709385425,-26.1876355925,0.52142208814621,0.5709518926564422,2
1073,-89.9959369335,16.7540293565,0.617071151733398,0.6018212022814008,2
1074,-83.3459371995,8.41236302349999,0.495253205299377,0.5600247805606885,2
1075,-53.2792717355,-26.6876355725,0.43176257610321,0.5851108736385809,2
1076,106.3290552135,14.5540294445,0.691742181777954,0.6176942011126619,2
1077,30.4540582485,55.9540277885,0.482064127922058,0.49160691533015954,2
1078,-81.7959372615,48.2040280985,0.345292389392853,0.4387157304965705,2
1079,-80.5959373095,48.0040281065,0.424013912677765,0.44586792724622354,2
1080,-89.1709369665,47.8873614445,0.384109109640121,0.46524953207676095,2
1081,-80.5959373095,47.2040281385,0.422362059354782,0.44325752161758203,2
1082,-89.0126036395,46.9456948155,0.564320027828217,0.48308752634956337,2
1083,-78.6126040555,46.9456948155,0.763754963874817,0.45491845133582925,2
1084,-83.1959372055,46.8040281545,0.422156542539597,0.4701610622197064,2
1085,-68.7126044515,46.6790281595,0.508114576339722,0.5024109020401357,2
1086,-83.3959371975,46.6040281625,0.428550630807877,0.4477483371867345,2
1087,-74.6376042145,46.5456948315,0.609607100486755,0.5332802175962376,2
1088,-68.0376044785,46.4290281695,0.442469507455826,0.5369699908345453,2
1089,-80.1959373255,46.0040281865,0.632134556770325,0.48304865146053333,2
1090,-68.6542711205,45.7706948625,0.38102513551712,0.49446848990788306,2
1091,-87.0959370495,45.1206948885,0.423417866230011,0.47197958277466934,2
1092,-70.0542710645,44.6706949065,0.571342349052429,0.507291785073532,2
1093,-90.9126035635,37.6206951885,0.543637454509735,0.5578301033720611,2
1094,-82.3876039045,34.0623619975,0.488854348659515,0.5353050316345414,2
1095,151.0207200925,-24.4043023305,0.756997466087341,0.6986335124053616,2
1096,152.7957200215,-30.9126354035,0.76939332485199,0.6654805428522991,2
1097,149.8290534735,-37.1876351525,0.708038091659546,0.6533552780709917,2
1098,171.4790526075,-42.0876349565,0.610975325107574,0.5915222790914453,2
1099,-73.1876042725,-50.1293013015,0.515652656555176,0.490153935601161,2
1100,-73.2042709385,-50.2043012985,0.515652656555176,0.4653532775229653,2
1101,-84.1542705005,46.3373615065,0.526337683200836,0.4683620939998232,2
1102,173.7123858515,-35.1043019025,0.481484830379486,0.6150407682463159,2
1103,-93.1626034735,46.7623614895,0.4432652592659,0.4497025564416303,2
1104,-64.9959379335,44.2040282585,0.381666660308838,0.48870871436654545,2
1105,-73.7876042485,41.0540283845,0.543104648590088,0.5372332527927425,2
1106,31.2623915495,56.9540277485,0.597000479698181,0.4999171190901924,2
1107,5.93739256250001,51.2206946445,0.497961908578873,0.5417446025870281,2
1108,2.00405938649999,43.6456949475,0.642716705799103,0.5837871587921512,2
1109,-144.4292680895,60.4623609415,0.397754192352295,0.4578813333124598,2
1110,-136.2042684185,58.0040277065,0.441477984189987,0.4319786934130643,2
1111,-133.0459352115,56.6373610945,0.465222209692001,0.4645601584703827,2
1112,-122.1959356455,56.2040277785,0.441984981298447,0.4227372574977494,2
1113,-130.5876019765,55.3290278135,0.440125972032547,0.4322540290954566,2
1114,-127.7959354215,55.0040278265,0.424428462982178,0.45637974552334093,2
1115,-126.3959354775,54.8040278345,0.362134099006653,0.42900799296618364,2
1116,19.3707253585,48.9873614005,0.421495616436005,0.47165350665979455,2
1117,-123.0042689465,47.8456947795,0.445102602243423,0.4580510419277593,2
1118,-121.5042690065,47.5706947905,0.437855988740921,0.4698845782198441,2
1119,-114.6792692795,45.6623615335,0.456129908561707,0.442384701093222,2
1120,-114.7376026105,44.8623615655,0.457645177841187,0.4512040467970154,2
1121,-106.5626029375,39.5123617795,0.437700718641281,0.4271492569519812,2
1122,-119.4459357555,37.5956951895,0.395994424819946,0.4413976922829363,2
1123,-119.2376024305,37.3290285335,0.388618022203445,0.4721493955768523,2
1124,-118.1626024735,36.1123619155,0.391353964805603,0.45881564790567736,2
1125,-79.6126040155,33.0873620365,0.500825464725494,0.5329957251395223,2
1126,-105.6959363055,32.8956953775,0.405509769916534,0.4764211946828837,2
1127,-121.0292690255,46.0456948515,0.440121561288834,0.45891814162650624,2
1128,10.7540590365,46.5540281645,0.470824331045151,0.45645224968384845,2
1129,30.3040582545,68.7623606095,0.466985940933228,0.5075346127920565,2
1130,34.8123914075,67.5456939915,0.545273900032043,0.4980462139135158,2
1131,29.5540582845,67.0373606785,0.580626845359802,0.4950325269030228,2
1132,30.2873915885,67.0373606785,0.487706691026688,0.4928521346428572,2
1133,31.0207248925,67.0373606785,0.449568599462509,0.48882570203491504,2
1134,-118.9959357735,65.6040274025,0.42190033197403,0.4491298169411112,2
1135,30.9707248945,65.5956940695,0.458692133426666,0.48488829528905636,2
1136,32.3540581725,65.5790274035,0.48291289806366,0.4834864348102606,2
1137,32.2957248415,65.0040274265,0.433702617883682,0.4798564300342448,2
1138,-124.5959355495,64.8040274345,0.509092032909393,0.4443787445977311,2
1139,31.5707248705,64.1540274605,0.488454610109329,0.48000293092863694,2
1140,34.2040580985,64.0956941295,0.502153038978577,0.48508116427628495,2
1141,-123.3959355975,63.4040274905,0.447387129068375,0.45127619245388473,2
1142,142.4873871005,63.3956941575,0.461858779191971,0.4447957044335962,2
1143,143.2957204015,63.1290275015,0.395781755447388,0.44464854557418976,2
1144,-119.9959357335,62.6040275225,0.453735083341599,0.4471323401653143,2
1145,-123.3959355975,62.0040275465,0.432871729135513,0.44664533951966146,2
1146,-121.9959356535,62.0040275465,0.487018465995789,0.4513142438874261,2
1147,-121.1959356855,62.0040275465,0.45505827665329,0.45107015411877444,2
1148,148.2373868705,61.8040275545,0.391730427742004,0.4502005546533936,2
1149,33.2290581375,61.2373609105,0.449016749858856,0.4874412699253347,2
1150,35.5707247105,61.0206942525,0.432437181472778,0.48767355690338776,2
1151,35.2623913895,60.8873609245,0.589862287044525,0.48982360611562686,2
1152,-150.8376011665,60.6790275995,0.488694220781326,0.45353613656871655,2
1153,8.82905911349999,59.4123609835,0.481367915868759,0.4673249105351847,2
1154,-130.9959352935,59.4040276505,0.34064906835556,0.4378373437356824,2
1155,-127.9959354135,59.4040276505,0.423553824424744,0.43397893318702474,2
1156,32.1623915135,58.9623610015,0.505566656589508,0.4960911545961166,2
1157,-129.9959353335,58.6040276825,0.509579062461853,0.4305012179256871,2
1158,8.19572580549999,58.4956943535,0.50081878900528,0.4745084037871025,2
1159,-125.1959355255,57.2040277385,0.431977063417435,0.42820813063190155,2
1160,-114.1959359655,57.2040277385,0.410386502742767,0.43063983997047406,2
1161,-101.1042698225,56.8123610875,0.444986790418625,0.44225041451319475,2
1162,-111.3959360775,56.4040277705,0.370948135852814,0.4273834067521612,2
1163,-106.0376029585,55.5290278055,0.45568984746933,0.4326947601020994,2
1164,-108.0209362125,55.1456944875,0.40124785900116,0.4215344145569675,2
1165,-100.7959365015,54.6040278425,0.442057609558105,0.4352753802597855,2
1166,-101.6709364665,54.2623611895,0.418794870376587,0.42472337188132364,2
1167,-96.5959366695,54.0040278665,0.452319175004959,0.4466798588415813,2
1168,-93.1959368055,52.8040279145,0.417014330625534,0.4545043222992163,2
1169,-62.5126046995,51.9456946155,0.457523554563522,0.45523726490679384,2
1170,-57.4126049035,51.8706946185,0.457372844219208,0.4539657777432459,2
1171,-77.6709374265,51.8540279525,0.438935309648514,0.45386450663009414,2
1172,-63.8209379805,51.8206946205,0.458021700382233,0.454581735429948,2
1173,-65.4459379155,51.6206946285,0.450973391532898,0.4556380763969409,2
1174,-76.3876041445,50.7290279975,0.456929564476013,0.45295646556083025,2
1175,-73.1459376075,50.6540280005,0.452361077070236,0.45636479374909356,2
1176,-79.2459373635,50.6373613345,0.437013030052185,0.44597255856668444,2
1177,-59.8959381375,50.4790280075,0.449870467185974,0.4477556593375201,2
1178,-89.5959369495,50.4040280105,0.444431096315384,0.4496063116065312,2
1179,-61.0959380895,50.3456946795,0.45301952958107,0.4502275868670268,2
1180,-72.8876042845,50.3040280145,0.464719235897064,0.4544709428837017,2
1181,-67.4542711685,50.0623613575,0.451645761728287,0.4546171580370078,2
1182,-63.3459379995,49.7373613705,0.438026547431946,0.4522703519081798,2
1183,-67.4209378365,48.0040281065,0.477268636226654,0.4805959324474252,2
1184,-66.5959378695,47.4040281305,0.508915662765503,0.5145596293649739,2
1185,30.2623915895,65.3123607475,0.477901041507721,0.48167399661070026,2
1186,33.5207247925,63.8290274735,0.477901041507721,0.4803026402880266,2
1187,32.6707248265,61.8290275535,0.477901041507721,0.4848583810142699,2
1188,-129.1959353655,61.2040275785,0.458860605955124,0.44983921782891173,2
1189,-117.7959358215,60.2040276185,0.458860605955124,0.4416818393092714,2
1190,-77.7126040915,50.6540280005,0.458860605955124,0.4529651753955542,2
1191,10.8623923655,63.0790275035,0.578007280826569,0.49853992481358567,2
1192,32.8873914845,64.1290274615,0.477901041507721,0.47952067262876946,2
1193,-103.3959363975,52.5206945925,0.402010470628738,0.4186195969440257,2
1194,36.1707246865,64.0290274655,0.477901041507721,0.47557632558822244,2
1195,138.2373872705,-18.5376358985,0.559798002243042,0.6851185374920168,2
1196,145.1623869935,-22.1126357555,0.744530916213989,0.6937850579493219,2
1197,-130.5959353095,65.2040274185,0.491051554679871,0.4543417965579632,2
1198,13.8123922475,65.0123607595,0.43701708316803,0.4807794881749552,2
1199,146.5790536035,64.3040274545,0.468580365180969,0.44406248081469457,2
1200,146.4873869405,64.2956941215,0.484592080116272,0.44609069547390107,2
1201,141.1207204885,62.6873608525,0.404553115367889,0.4445596074733637,2
1202,146.8540535925,61.9790275475,0.421115726232529,0.4526879255238692,2
1203,-143.8126014475,61.0206942525,0.474224954843521,0.46058972311619023,2
1204,-150.5292678455,60.3290276135,0.404062867164612,0.46253898967638607,2
1205,-135.9542684285,59.6123609755,0.407425999641418,0.4643936430720859,2
1206,-138.8459349795,59.4540276485,0.372400462627411,0.4702915222454651,2
1207,-132.1709352465,56.6206944285,0.40792715549469,0.4522375822053108,2
1208,19.8207253405,68.3706939585,0.591212034225464,0.5309418320826951,2
1209,8.31239246749999,59.5206943125,0.420257836580276,0.4690671402169333,2
1210,-8.1292735415,40.0456950915,0.677840113639832,0.5652773297892911,2
1211,-116.5959358695,33.0123620395,0.610822677612305,0.5785297452211707,2
1212,15.4790588475,40.3290284135,0.556367635726929,0.5997539610026781,2
1213,-113.9209359765,38.9206951365,0.502541422843933,0.5058115107476144,2
1214,-113.9542693085,34.9790286275,0.48439833521843,0.5567175865939898,2
1215,-61.8626047255,-16.7043026385,0.679835021495819,0.6555830115869699,3
1216,-91.7459368635,15.7540293965,0.642586708068848,0.5814473928957536,3
1217,107.8207218205,15.3290294135,0.497990965843201,0.5991051915201211,3
1218,22.4707252345,60.5373609385,0.575571358203888,0.4915532570576659,3
1219,20.8207253005,54.5790278435,0.540030896663666,0.5242287124849028,3
1220,16.8123921275,50.3956946775,0.545692265033722,0.5158014365206017,3
1221,16.8290587935,50.3040280145,0.573992133140564,0.4981017346165897,3
1222,1.72905939750001,48.6623614135,0.505669713020325,0.5964550816189239,3
1223,-86.2376037505,46.6040281625,0.397600054740906,0.4725681417911232,3
1224,-85.7292704375,46.4040281705,0.339702397584915,0.48812666818213496,3
1225,-63.1959380055,45.0040282265,0.417363196611404,0.4978729095101611,3
1226,-67.1376045145,44.8623615655,0.463146895170212,0.46896740307172047,3
1227,-68.0626044775,44.4456949155,0.436613470315933,0.48424193579711655,3
1228,-7.1292735815,43.5290282855,0.708167612552643,0.5888722528254393,3
1229,-86.2959370815,43.4456949555,0.529030025005341,0.5160396008763718,3
1230,-1.95427378849999,43.2290282975,0.507717072963715,0.5712771726765737,3
1231,-79.9126040035,41.5040283665,0.538378775119781,0.5639138900666549,3
1232,-71.8876043245,41.5040283665,0.536871790885925,0.5288826579256107,3
1233,-78.5292707255,40.6373617345,0.481525868177414,0.5528408447063731,3
1234,-79.8126040075,39.6290284415,0.47409376502037,0.5431077508283736,3
1235,-80.0042706665,39.5873617765,0.413666486740112,0.5505196850627663,3
1236,-79.0209373725,39.0873617965,0.570787012577057,0.5578895101068211,3
1237,-84.8459371395,37.3873618645,0.683899998664856,0.5457534421040872,3
1238,-90.6292702415,37.3623618655,0.614531695842743,0.5575397695184281,3
1239,129.0207209725,37.0040285465,0.553815186023712,0.5463053649926426,3
1240,-92.0626035175,36.8040285545,0.630042612552643,0.5650619838856222,3
1241,-92.8042701545,36.6956952255,0.700836360454559,0.5788826664000971,3
1242,128.6123876555,36.6206952285,0.459223747253418,0.5480860700814438,3
1243,-84.7792704755,36.4373619025,0.472126662731171,0.5372474197834942,3
1244,-90.8209369005,36.2790285755,0.647489190101624,0.5469262909233435,3
1245,-82.4292705695,35.9623619215,0.534794807434082,0.5361079574659751,3
1246,-90.6542702405,30.3706954785,0.508366167545319,0.5254673718029094,3
1247,118.0957214095,29.2456955235,0.485631436109543,0.552507458153717,3
1248,-72.1042709825,-48.4709680345,0.515999972820282,0.4859270793322413,3
1249,-73.5126042595,47.0123614795,0.458860605955124,0.46890378879115735,3
1250,-95.6292700415,46.2956948415,0.622663855552673,0.48045283498590996,3
1251,-91.6376035345,36.0790285835,0.64481908082962,0.5622051180742965,3
1252,29.9373916025,56.2456944435,0.451410412788391,0.5001022516704325,3
1253,15.1873921925,44.4873615805,0.658253967761993,0.5671761066327372,3
1254,-2.03760711850001,43.1873616325,0.479999989271164,0.58304054242858,3
1255,-83.1542705405,39.2290284575,0.702280938625336,0.5598675210384101,3
1256,-7.16260691350001,43.2123616315,0.483093291521072,0.5783865127778693,3
1257,29.9540582685,58.5456943515,0.555021941661835,0.5046112724492233,3
1258,15.8873921645,50.8623613255,0.544651329517365,0.4977183544171979,3
1259,129.0373876385,37.5456951915,0.459183216094971,0.5511817069298817,3
1260,30.4790582475,57.8290277135,0.601725876331329,0.5131380445365247,3
1261,-94.3626034255,47.7373614505,0.469308733940125,0.443567967747877,3
1262,-94.1959367655,45.5790282035,0.497386515140533,0.48612725163013143,3
1263,8.10405914250001,50.1040280225,0.549338579177856,0.5421966339045411,3
1264,-89.7709369425,46.7206948245,0.592637300491333,0.4912565291115897,3
1265,7.3540591725,47.4623614615,0.533117115497589,0.576961448159791,3
1266,-70.9959376935,41.8373616865,0.427165746688843,0.5229909509534574,3
1267,-79.9959373335,44.2040282585,0.549761354923248,0.5292972834045069,3
1268,11.3290590135,59.4956943135,0.537390947341919,0.48545806296100574,3
1269,8.60405912249999,53.8040278745,0.561854302883148,0.5262549709966218,3
1270,-75.9459374955,39.6123617755,0.46586200594902,0.5330053149453234,3
1271,-80.5792706435,41.7123616915,0.542022466659546,0.544878327825366,3
1272,25.6373917745,57.9956943735,0.482770264148712,0.5018974026747821,3
1273,16.5457254715,52.8623612455,0.602001428604126,0.5444468822277533,3
1274,128.8623876455,36.1790285795,0.623423516750336,0.5566196589531862,3
1275,15.0540588645,49.8206947005,0.433840602636337,0.5406775937148373,3
1276,6.0790592235,52.1123612755,0.660357773303986,0.5272184230733418,3
1277,-2.07927378350001,48.6206947485,0.459417164325714,0.5512833052056865,3
1278,11.8040589945,51.8040279545,0.621856391429901,0.5400120619645471,3
1279,-85.2042704585,39.8790284315,0.591910779476166,0.5503841110121633,3
1280,9.67905907950001,56.3540277725,0.610292613506317,0.5379454697707283,3
1281,-91.4959368735,42.9456949755,0.571200013160706,0.5427718926934829,3
1282,-84.3042704945,42.4623616615,0.507881760597229,0.5304950747202283,3
1283,-80.9709372945,41.3873617045,0.553158581256866,0.543954444650834,3
1284,-3.13760707450001,48.6873614125,0.559047698974609,0.5696875657524912,3
1285,-86.8292703935,40.0040284265,0.624634504318237,0.5565303438678085,3
1286,3.81239264749999,44.7540282365,0.466942995786667,0.5245533870426874,3
1287,-89.1459369675,46.8123614875,0.652238249778748,0.48271456473699637,3
1288,-83.1959372055,42.8706949785,0.535736620426178,0.5371166527777727,3
1289,-76.7876041285,42.1873616725,0.552200675010681,0.5422996959630313,3
1290,14.1040589025,52.1040279425,0.486180990934372,0.5490001205076838,3
1291,9.70405907849999,47.8040281145,0.472645342350006,0.5302691642449079,3
1292,-86.5626037375,37.3790285315,0.621878802776337,0.5414437473522851,3
1293,-90.0792702635,45.4206948765,0.523554742336273,0.5174117155498961,3
1294,126.5040544065,36.5540285645,0.447163283824921,0.5478871567931515,3
1295,126.8457210595,33.3623620255,0.479168623685837,0.532739645858235,3
1296,2.4540593685,46.5123614995,0.540059566497803,0.6103340725680654,3
1297,0.320726120499984,49.6373613745,0.64159107208252,0.5810512812625053,3
1298,-93.2209368045,45.2040282185,0.41335141658783,0.501833624500799,3
1299,-90.7292702375,35.3206952805,0.604044735431671,0.5472313617897059,3
1300,-77.9959374135,44.0040282665,0.307142853736877,0.5459283311285301,3
1301,-86.3459370795,35.5456952715,0.589881837368011,0.5573170664837718,3
1302,-80.3959373175,42.8040283145,0.524569869041443,0.5177739266435123,3
1303,11.2040590185,49.1040280625,0.500933110713959,0.5329798914553353,3
1304,-83.0376038785,43.7623616095,0.451341927051544,0.5203488050666873,3
1305,-67.8626044855,46.8456948195,0.314430952072144,0.4724927295447674,3
1306,-85.1209371285,39.5956951095,0.567036986351013,0.5529730522994301,3
1307,12.6040589625,65.7373607305,0.499049425125122,0.48215273975098205,3
1308,-116.8459358595,54.1206945285,0.42341947555542,0.42797705819316556,3
1309,-114.8959359375,51.4790279675,0.420012056827545,0.42803960876265756,3
1310,-117.1959358455,51.0040279865,0.518546402454376,0.4352544065264589,3
1311,-116.9959358535,50.6040280025,0.420054376125336,0.43299375507230486,3
1312,-120.7959357015,50.4040280105,0.45837277173996,0.45050238088875133,3
1313,-116.0792692235,47.3956947975,0.461684733629227,0.46645227066847683,3
1314,12.9623922815,46.5373614985,0.488315731287003,0.5316253592098764,3
1315,-110.0376027985,45.6040282025,0.446865379810333,0.44513468238987636,3
1316,-112.8626026855,45.5873615365,0.45969420671463,0.4299473744689352,3
1317,-112.9709360145,45.3623615455,0.426071584224701,0.43440314095332516,3
1318,7.42905916949999,45.1290282215,0.694815158843994,0.5642021137341762,3
1319,-122.8876022845,44.2290282575,0.456891447305679,0.5186034474461593,3
1320,-110.4542694485,43.7123616115,0.3764608502388,0.4174550364643974,3
1321,-109.0876028365,42.9706949745,0.457732409238815,0.4648063873132592,3
1322,-106.3459362795,42.7623616495,0.375703513622284,0.4621627963025822,3
1323,-121.9626023215,42.3540283325,0.423976689577103,0.451642018051965,3
1324,-120.5459357115,42.2873616685,0.507166266441345,0.4518667353378895,3
1325,-70.0376043985,41.9706950145,0.506450235843658,0.5264810272203626,3
1326,-123.1376022745,40.6040284025,0.487742871046066,0.5219273877974572,3
1327,-75.1376041945,39.3373617865,0.482647269964218,0.5221158186579408,3
1328,-120.7376023705,39.1623617935,0.417519688606262,0.525400959911011,3
1329,-105.2126029915,38.9373618025,0.44124174118042,0.43487822442664,3
1330,-108.4792695275,38.6456951475,0.530412018299103,0.48126694395477,3
1331,-112.2542693765,38.3373618265,0.52993905544281,0.5126713759190505,3
1332,-108.7209361845,37.7873618485,0.441349774599075,0.4746421061468246,3
1333,-122.2459356435,37.4040285305,0.550927698612213,0.6086988902663492,3
1334,-109.1042695025,36.3623619055,0.442997485399246,0.4868246037842521,3
1335,-105.3876029845,35.5123619395,0.469349294900894,0.5202727949878762,3
1336,-93.5209367925,34.0956953295,0.49791818857193,0.532999995012649,3
1337,-109.7042694785,33.9790286675,0.425435572862625,0.4715122767778677,3
1338,-94.0542701045,32.2873620685,0.485915809869766,0.5388749205187916,3
1339,-93.9709367745,31.4623621015,0.507533431053162,0.5401277867649095,3
1340,14.8040588745,68.7706939425,0.591212034225464,0.5161926470949736,3
1341,-116.9542691885,45.7206948645,0.440121561288834,0.4566021684531853,3
1342,-107.5876028965,33.7790286755,0.484086185693741,0.5265012697403828,3
1343,-108.8542695125,42.5123616595,0.440839916467667,0.42951735939887914,3
1344,-111.5126027395,38.8456951395,0.540680348873138,0.48684838713696194,3
1345,-121.5959356695,50.8040279945,0.45969420671463,0.46879568148238143,3
1346,-92.7792701555,31.1373621145,0.558087706565857,0.5345703856696568,3
1347,-120.3042690545,44.6706949065,0.512682497501373,0.5606002352897088,3
1348,-114.1626026335,43.5123616195,0.45969420671463,0.4460776538732744,3
1349,-118.5959357895,50.2040280185,0.45969420671463,0.4570156937369756,3
1350,6.7207258645,45.3956948775,0.434718161821365,0.48376781528902385,3
1351,6.02905922549999,60.1373609545,0.49800580739975,0.47236701027745853,3
1352,-79.9209373365,33.6123620155,0.493113368749619,0.5296059910683654,3
1353,-83.0876038765,32.1623620735,0.513791501522064,0.5339882303430602,3
1354,-76.9376041225,34.9206952965,0.496239393949509,0.5209812277767721,3
1355,9.67072574650001,46.1956948455,0.550572991371155,0.5239410594706385,3
1356,-81.4209372765,33.6373620145,0.53271484375,0.538828940322484,3
1357,-78.8292707135,34.9540286285,0.573047399520874,0.5246980246163463,3
1358,-81.1459372875,28.8873622045,0.473420113325119,0.5270169256796371,3
1359,-89.5876036165,30.5123621395,0.498287558555603,0.5278291108460411,3
1360,-79.5376040185,34.7623619695,0.494850218296051,0.5280767580002022,3
1361,-82.4709372345,28.5040288865,0.618667006492615,0.5268659941753182,3
1362,-82.9209372165,31.8873620845,0.5053950548172,0.5346571627437486,3
1363,-75.7792708355,37.6373618545,0.536891043186188,0.52850686381279,3
1364,30.2207249245,62.4123608635,0.477447360754013,0.4838386306020512,3
1365,-70.7792710355,49.9290280295,0.456631302833557,0.4571098793718969,3
1366,-57.1959382455,49.6040280425,0.458481073379517,0.45353119668072006,3
1367,-85.7959371015,48.8040280745,0.436308056116104,0.44355404361356177,3
1368,-69.3542710925,48.7540280765,0.455720573663712,0.4610177033595563,3
1369,-68.2376044705,48.2373614305,0.456836849451065,0.4720451719575838,3
1370,-101.5959364695,55.6040278025,0.392515927553177,0.43781623519029483,3
1371,11.9457256555,60.2790276155,0.420257836580276,0.471057236446135,3
1372,13.7123922515,66.2206940445,0.531681954860687,0.50054284908457,3
1373,31.0207248925,57.8206943805,0.456043154001236,0.5018642912475543,3
1374,-97.0876033165,28.2790288955,0.576193928718567,0.6774139190379226,3
1375,-117.2542691765,58.4456943555,0.414934635162354,0.4260634107443355,3
1376,-119.3292690935,56.5040277665,0.410782605409622,0.41858087556552653,3
1377,-98.8376032465,52.0873612765,0.473907321691513,0.43469453183747664,3
1378,-111.1292694215,48.8456947395,0.429403185844421,0.43398642800693044,3
1379,-107.3959362375,47.6540281205,0.459922790527344,0.4675148782103583,3
1380,-107.1626029135,46.8456948195,0.445556581020355,0.4622885018724615,3
1381,-102.2792697755,44.2790282555,0.466602772474289,0.46695186646746284,3
1382,-99.5459365515,37.7373618505,0.408438384532928,0.49404611407414634,3
1383,-103.9542697085,35.4706952745,0.568845212459564,0.6023990957205417,3
1384,-101.1292698215,34.5623619775,0.698860585689545,0.656679964814912,3
1385,-98.4126032635,33.3873620245,0.689280092716217,0.6646870348341094,3
1386,-98.0376032785,32.1623620735,0.659397721290588,0.6676779260409126,3
1387,-98.6209365885,31.7456954235,0.672220408916473,0.667096170099902,3
1388,-98.5459365915,29.6873621725,0.693690955638885,0.6566100373125587,3
1389,-107.8126028875,45.9956948535,0.440121561288834,0.458475060178198,3
1390,-100.0126031995,31.1873621125,0.724089205265045,0.6636059436621378,3
1391,-96.4709366745,38.7873618085,0.595661878585815,0.5444118426294889,3
1392,-102.6292697615,32.6540287205,0.724089205265045,0.6888231843735135,3
1393,-105.1292696615,42.4956949935,0.450937449932098,0.4757961486585748,3
1394,-97.1709366465,32.5290287255,0.692046761512756,0.656964131342131,3
1395,144.1457203675,-34.1793019395,0.714345395565033,0.6886970175583846,3
1396,-102.1709364465,43.5040282865,0.447562962770462,0.4693141134769556,3
1397,-71.9792709875,-47.5626347375,0.515652656555176,0.4929894760097927,3
1398,-102.3292697735,32.2540287365,0.724089205265045,0.6943140326308841,3
1399,-106.8626029255,43.7790282755,0.442057818174362,0.4524579505148856,3
1400,-103.0792697435,42.4623616615,0.408438384532928,0.4581156113472907,3
1401,-95.7709367025,38.5873618165,0.674977898597717,0.5546191003015335,3
1402,-99.7542698765,35.2706952825,0.557193994522095,0.6021315719308291,3
1403,-98.1542699405,34.9373619625,0.723084449768066,0.6158750196178685,3
1404,143.7457203835,-34.3459685995,0.714345395565033,0.6896376443504446,3
1405,-97.2792699755,29.6123621755,0.722589313983917,0.6711337042244301,3
1406,-99.7459365435,43.7540282765,0.413404643535614,0.5066922740046199,3
1407,-100.1292698615,37.4706951945,0.408438384532928,0.5144925660095718,3
1408,109.9707217345,48.6290280815,0.504937529563904,0.440743030730815,3
1409,-93.9459367755,40.8706950585,0.521547853946686,0.5570925419985112,3
1410,-101.8376031265,48.8290280735,0.521927833557129,0.476651170317405,3
1411,-98.0876032765,48.8373614065,0.41880390048027,0.4448373742041242,3
1412,-92.7709368225,41.2123617115,0.571167707443237,0.5460717702305765,3
1413,-96.8876033245,44.1123615955,0.497918903827667,0.5202669714786708,3
1414,-92.1709368465,41.8456950195,0.572000026702881,0.5439035412505664,3
1415,-98.6542699205,41.1790283795,0.500695586204529,0.5118737673740396,3
1416,-100.9209364965,43.1373616345,0.446407616138458,0.48858967821622284,3
1417,-98.2292699375,46.7290281575,0.472188651561737,0.5065021324682392,3
1418,-99.3709365585,47.5790281235,0.516984283924103,0.4905154812003393,3
1419,-97.5126032995,42.0623616775,0.551095604896545,0.529146551928041,3
1420,-99.3292698935,39.4373617825,0.412328094244003,0.5047265797077584,3
1421,-100.5209365125,46.6706948265,0.458057820796967,0.4873057926368604,3
1422,-91.6959368655,42.2873616685,0.462234973907471,0.543855371633752,3
1423,-98.9459365755,41.2373617105,0.449782580137253,0.4944745287641334,3
1424,-94.2376034305,41.5540283645,0.475386589765549,0.5542166407405026,3
1425,-97.9459366155,48.4040280905,0.566750824451447,0.4564238034094361,3
1426,-95.8959366975,41.7456950235,0.445438146591187,0.5439290242275834,3
1427,-95.7209367045,41.5956950295,0.472118675708771,0.5394394822060116,3
1428,-96.4292700095,42.6956949855,0.572838664054871,0.5371078952759244,3
1429,-96.6292700015,48.6373614145,0.431296825408936,0.4480465639937793,3
1430,-87.4959370335,40.1873617525,0.589554607868195,0.5584553243176521,3
1431,-81.7792705955,26.3790289715,0.630354106426239,0.5102927865645761,3
1432,14.2207255645,65.5206940725,0.565409541130066,0.48870824987795286,3
1433,8.83739244649999,59.7373609705,0.470824867486954,0.47554126576179573,3
1434,6.02905922549999,61.4040275705,0.484649688005447,0.49296685392169287,3
1435,7.37905917149999,62.3456941995,0.455632507801056,0.4992450763388609,3
1436,-2.85427375250001,41.8540283525,0.479221493005753,0.5889679539528124,3
1437,-123.1542689405,38.8706951385,0.572824001312256,0.5755629530818366,3
1438,-5.1459403275,36.4790285675,0.562718212604523,0.6498716536252757,3
1439,-120.1376023945,34.9040286305,0.666599988937378,0.6537149007620023,3
1440,-116.6959358655,34.2040286585,0.588839292526245,0.46789584145074514,3
1441,-116.8792691915,33.1790286995,0.683701694011688,0.6523879506957695,3
1442,-4.5126070195,39.1123617955,0.50644713640213,0.60918397701176,3
1443,-2.43760710250001,38.4873618205,0.50644713640213,0.6107261091487531,3
1444,2.1040593825,42.7706949825,0.686641216278076,0.6092031868414785,3
1445,-6.7876069285,37.6290285215,0.748152554035187,0.6456057922725091,3
1446,1.4457260755,41.5040283665,0.6151984333992,0.6198475990872536,3
1447,15.1123921955,37.8373618465,0.642639815807343,0.6372634883907333,3
1448,-1.9959404535,37.1040285425,0.619988143444061,0.6337601337857054,3
1449,-4.59594034950001,41.5790283635,0.586789786815643,0.6100487860551796,3
1450,-1.67094046650001,40.0873617565,0.52590423822403,0.5903038680999372,3
1451,-118.7126024515,35.1456952875,0.66498851776123,0.6145301423731687,3
1452,10.3373923865,43.8623616055,0.589217483997345,0.599379885915612,3
1453,35.3457247195,33.2123620315,0.767705202102661,0.6630321870337627,3
1454,-9.26260682950002,39.2790284555,0.703000009059906,0.6203212663239277,3
1455,16.0207254925,41.7290283575,0.617353856563568,0.6498184049014485,3
1456,16.8207254605,39.2040284585,0.686442613601685,0.6188524963516939,3
1457,13.8373922465,37.1623618735,0.586789786815643,0.6394465349528259,3
1458,-116.7459358635,42.5373616585,0.53199976682663,0.4835965412037309,3
1459,-116.8292691935,42.4623616615,0.512682497501373,0.4827211575445912,3
1460,-116.8626025255,39.1040284625,0.48889896273613,0.4956415752958022,3
1461,-113.4459359955,37.6956951855,0.500008344650269,0.5048731876095375,3
1462,-105.5209363125,36.8706952185,0.433132290840149,0.43600307781594777,3
1463,-104.8292696735,34.8873619645,0.569889664649963,0.6207091976545628,3
1464,-113.3376026665,34.4123619835,0.668136417865753,0.6110214461143475,3
1465,-109.2959361615,32.4790287275,0.602500021457672,0.6893784660446016,3
1466,-117.9209358165,40.6206950685,0.509938538074493,0.5086449752338008,3
1467,-104.3542696925,33.6206953485,0.724089205265045,0.6838075320472947,3
1468,-105.4876029805,34.3456953195,0.57064163684845,0.5602134111588913,3
1469,-118.2959358015,42.0206950125,0.392515927553177,0.45751591942322356,3
1470,-113.7126026515,41.8456950195,0.509938538074493,0.49317505975260184,3
1471,-115.2042692585,43.2540282965,0.392515927553177,0.4673204261515405,3
1472,-98.4876032605,28.3206955605,0.776808023452759,0.7116937625460316,3
1473,-104.5209363525,31.5040287665,0.724089205265045,0.6614141665961956,3
1474,-102.2876031085,31.0706954505,0.724089205265045,0.6971954863903999,3
1475,-113.6042693225,42.1456950075,0.509938538074493,0.4996721109520825,3
1476,-102.0126031195,30.8456954595,0.621828079223633,0.6477077820950524,3
1477,-100.7042698385,29.3123621875,0.724089205265045,0.6983791989104112,3
1478,-112.6792693595,37.4040285305,0.441402614116669,0.49811066373212914,3
1479,-114.1542693005,43.3290282935,0.392515927553177,0.48524577169091676,3
1480,-49.4126052235,-27.2709688825,0.565613269805908,0.562712668204031,3
1481,-51.1626051535,-27.7626355295,0.504589438438416,0.5685248950718905,3
1482,-51.4792718075,-27.5376355385,0.649679124355316,0.5685230091522852,3
1483,-62.6626046935,-15.3209693605,0.487932682037354,0.6292469719715479,3
1484,106.2707218825,14.5873627765,0.680333316326141,0.6121027791183767,3
1485,105.9373885625,14.1373627945,0.682651281356812,0.619994307023135,3
1486,-94.7959367415,49.8040280345,0.419999986886978,0.43653207039532105,3
1487,-74.5626042175,49.0456947315,0.446263581514359,0.45400163668593346,3
1488,-76.7542707965,47.9873614405,0.665329992771149,0.47069164861530355,3
1489,-73.5209375925,47.9456947755,0.467785984277725,0.46504593484748513,3
1490,-77.4042707705,46.6456948275,0.498270094394684,0.5049693322877425,3
1491,-80.5959373095,46.2040281785,0.387714296579361,0.4666396680771475,3
1492,127.1290543815,35.4706952745,0.440334528684616,0.5559159360922146,3
1493,152.4790533675,-28.4543021685,0.689921975135803,0.6543143884058894,3
1494,153.4123866635,-28.5459688315,0.749123334884644,0.6142753651139039,3
1495,151.8707200585,-31.3376353865,0.730157732963562,0.6496320412951013,3
1496,151.5707200705,-31.4459687155,0.730058550834656,0.6362174672598649,3
1497,148.6040535225,-35.4209685565,0.584648728370667,0.5913160801233822,3
1498,149.9957201335,-36.3209685205,0.70226788520813,0.6711849163857214,3
1499,149.9207201365,-36.5793018435,0.727930903434753,0.655848529335702,3
1500,170.4707193145,-43.1459682475,0.566470682621002,0.5709883429118386,3
1501,169.1457193675,-43.8293015535,0.537049174308777,0.5700624398771399,3
1502,168.3207194005,-44.1626348735,0.706831276416779,0.5694733346582349,3
1503,172.7373858905,-41.0209683325,0.71399998664856,0.5733753693299025,3
1504,173.8290525135,-42.0793016235,0.664141118526459,0.624604545235541,3
1505,22.5290585655,54.3790278515,0.422376543283463,0.507574793632617,3
1506,-92.4292701695,45.9623615215,0.499781876802444,0.4798738726450836,3
1507,12.9707256145,46.2790281755,0.610733389854431,0.5451098662965614,3
1508,8.78739244849999,55.1873611525,0.477901041507721,0.5317564857650611,3
1509,175.5873857765,-40.7709683425,0.724995374679565,0.6058706942486852,3
1510,23.8540585125,52.6956945855,0.55550628900528,0.5091840987568093,3
1511,-144.0126014395,60.3956942775,0.447030931711197,0.43196206784884283,3
1512,-139.4042682905,59.5706943105,0.38317146897316,0.43522015637633243,3
1513,-135.1126017955,57.3956943975,0.465222209692001,0.4462904984456208,3
1514,-124.1959355655,57.0040277465,0.413053691387177,0.4384793203836561,3
1515,-123.7959355815,56.6040277625,0.412172019481659,0.4382414762058156,3
1516,-128.3959353975,56.2040277785,0.357723027467728,0.4387130385485138,3
1517,-132.4876019005,56.0956944495,0.437737137079239,0.4371964744993616,3
1518,-131.0459352915,56.0373611185,0.442833065986633,0.4294213039448599,3
1519,-125.7959355015,55.0040278265,0.43238040804863,0.42437445902237525,3
1520,-122.7959356215,54.6040278425,0.392838031053543,0.42424875204422297,3
1521,-124.3959355575,53.8040278745,0.427248358726501,0.43377890797367596,3
1522,-126.7959354615,51.2040279785,0.429147243499756,0.434769849415106,3
1523,-115.1959359255,49.8040280345,0.377845793962479,0.4279341217583837,3
1524,-123.8709355785,47.6040281225,0.441392123699188,0.48467042600084426,3
1525,-121.5709356705,46.6123614955,0.459461361169815,0.4642696261397895,3
1526,-121.8542689925,46.4706948345,0.45969420671463,0.4735006374785135,3
1527,-123.0126022795,45.9206948565,0.448457062244415,0.5118332457350122,3
1528,-109.8709361385,44.4373615825,0.459869235754013,0.42683681032797055,3
1529,-109.6376028145,42.9456949755,0.427856951951981,0.4291047947947099,3
1530,-121.3959356775,40.4040284105,0.396544486284256,0.4422537438996287,3
1531,-105.6126029755,35.9206952565,0.402800798416138,0.43057087667113525,3
1532,-111.1626027535,34.5290286455,0.48654118180275,0.5041650110138274,3
1533,-92.1876035125,33.2456953635,0.640924096107483,0.5398477621796614,3
1534,8.53739245849999,63.5290274855,0.477901041507721,0.4959911266705816,3
1535,8.90405911049999,63.5040274865,0.477901041507721,0.4856479858590162,3
1536,-110.5626027775,43.3456949595,0.380727261304855,0.4195472362336166,3
1537,34.0540581045,67.5623606575,0.428887188434601,0.5141604426209413,3
1538,-128.9959353735,67.4040273305,0.453904032707214,0.44855828394533703,3
1539,-125.7959355015,66.0040273865,0.425710082054138,0.4502060281716414,3
1540,150.0790534635,65.1623607535,0.403978675603867,0.4512725721363062,3
1541,147.3373869065,64.8206941005,0.462363064289093,0.4530809033759869,3
1542,11.5290590055,63.6040274825,0.494935572147369,0.47598691448506353,3
1543,-122.9959356135,63.4040274905,0.368303805589676,0.4501235744275716,3
1544,143.2290537375,63.1123608355,0.420484662055969,0.4427333985735071,3
1545,32.7873914885,62.9790275075,0.436263799667358,0.48037657790127425,3
1546,145.4957203135,62.9790275075,0.423653721809387,0.44247900936116463,3
1547,143.8623870455,62.7290275175,0.417750686407089,0.44338959090405416,3
1548,36.5040580065,62.5706941905,0.564756572246552,0.4789982492706915,3
1549,36.3790580115,61.9956942135,0.536035537719727,0.48194864258218706,3
1550,36.9790579875,61.9706942145,0.439208447933197,0.4829939610256883,3
1551,148.7540535165,61.7373608905,0.399567246437073,0.4466174250950124,3
1552,149.2040534985,61.4206942365,0.450999975204468,0.4580857384271043,3
1553,34.1123914355,61.2206942445,0.473988264799118,0.4876216962130967,3
1554,-116.9959358535,61.0040275865,0.423852056264877,0.4482212167686066,3
1555,150.8290534335,60.6456942675,0.516409337520599,0.4546306000711345,3
1556,-122.1959356455,60.4040276105,0.471879422664642,0.4500753820381901,3
1557,-124.7959355415,59.8040276345,0.462507784366608,0.44390795036488384,3
1558,-117.5292691655,59.1873609925,0.423532396554947,0.4244438118820638,3
1559,-122.9959356135,59.0040276665,0.457770884037018,0.4349619496353269,3
1560,-128.1959354055,58.0040277065,0.34064906835556,0.43824861224872125,3
1561,-108.5292695255,55.7040277985,0.411517947912216,0.42006633839710017,3
1562,-96.7959366615,55.0040278265,0.455797851085663,0.4450513355141481,3
1563,-108.3709361985,54.9206944965,0.448226153850555,0.423358676336108,3
1564,-60.1959381255,53.8040278745,0.456945180892944,0.4557691418529538,3
1565,-108.3792695315,53.7873612085,0.419999986886978,0.4186080382638588,3
1566,-92.5959368295,53.2040278985,0.468668222427368,0.44593400868619404,3
1567,-56.3959382775,52.2040279385,0.455231577157974,0.4537135800826318,3
1568,-75.8459374995,51.9123612835,0.419999986886978,0.45272173503341695,3
1569,-74.1876042325,51.6540279605,0.437530070543289,0.45657770892112476,3
1570,-73.0292709455,51.6123612955,0.455514669418335,0.45359089777097783,3
1571,-93.1959368055,51.6040279625,0.441526025533676,0.45205578941175917,3
1572,-68.4209377965,51.4956946335,0.460247069597244,0.4558198902658876,3
1573,-70.8542710325,50.9290279895,0.48062989115715,0.4559658008520397,3
1574,-62.6792713595,50.7956946615,0.453292578458786,0.45094177827285276,3
1575,-60.0126047995,50.7790279955,0.468196868896484,0.4494106758763323,3
1576,-60.7126047715,50.7373613305,0.456898480653763,0.4491662903041825,3
1577,-66.8209378605,50.570694670500004,0.448207497596741,0.4548024952867695,3
1578,-63.8709379785,50.5540280045,0.454072922468185,0.45074750326672486,3
1579,-74.4459375555,50.0956946895,0.439429938793182,0.4547036613616926,3
1580,-68.7209377845,49.8290280335,0.448428422212601,0.4556615147805926,3
1581,-63.2126046715,49.3540280525,0.451826959848404,0.4504095339186335,3
1582,-65.8292712335,48.2540280965,0.518813729286194,0.5208049465747675,3
1583,-67.5126044995,48.1290281015,0.402525365352631,0.4611140614056267,3
1584,33.3123914675,59.2206943245,0.477901041507721,0.49719657327533134,3
1585,-134.1959351655,67.0040273465,0.458860605955124,0.45904739379331905,3
1586,-120.1959357255,61.6040275625,0.458860605955124,0.4519281229549007,3
1587,-114.1959359655,58.0040277065,0.458860605955124,0.424822844447806,3
1588,-121.3959356775,57.8040277145,0.458860605955124,0.42389874319701026,3
1589,-97.7959366215,54.8040278345,0.458860605955124,0.4426040940221286,3
1590,-98.5959365895,54.4040278505,0.458860605955124,0.4452263684109678,3
1591,-57.9959382135,54.0040278665,0.458860605955124,0.4545440380466275,3
1592,-79.1126040355,49.8206947005,0.445472359657288,0.44804530994274416,3
1593,-120.5959357095,58.6040276825,0.506759881973267,0.43132553870745205,3
1594,-65.1042712625,48.6040280825,0.424051940441132,0.4764647777998487,3
1595,147.5873868965,-25.7959689415,0.620762705802917,0.6551023764569428,3
1596,150.5040534465,-26.3876355845,0.683058559894562,0.6683840522570675,3
1597,-112.6792693595,55.0456944915,0.393309444189072,0.41836612374839866,3
1598,143.7790537155,-34.3459685995,0.714345395565033,0.6901958639947751,3
1599,21.5207252725,69.4456939155,0.421739548444748,0.5359825798881597,3
1600,34.9290580695,68.1206939685,0.436751335859299,0.5103436136325369,3
1601,149.4873868205,63.1040275025,0.420473158359528,0.4551229768488864,3
1602,143.4540537285,62.4790275275,0.474463075399399,0.44457513232603896,3
1603,-149.2292678975,61.3290275735,0.404296189546585,0.48368474155874264,3
1604,150.3123867875,60.5290276055,0.457512587308884,0.45818105424672617,3
1605,-143.0542681445,60.1373609545,0.366119027137756,0.4405086946796508,3
1606,-136.0376017585,59.4623609815,0.427803725004196,0.4612865805944613,3
1607,6.2373925505,59.4456943155,0.478287100791931,0.4708800941347854,3
1608,-133.3709351985,58.0956943695,0.449999988079071,0.4707842288187763,3
1609,15.8623921655,38.1123618355,0.642086625099182,0.5666924972094016,3
1610,-119.7459357435,34.5123619795,0.720300018787384,0.6115820304887096,3
1611,-3.49594039350001,37.8123618475,0.628906309604645,0.5968035817039711,3
1612,-119.8376024065,43.1623616335,0.512682497501373,0.49371207140655254,3
1613,-116.4876025405,38.0456951715,0.498434633016586,0.5077298540804677,3
1614,-110.8459360995,32.0456954115,0.602500021457672,0.6881511173272112,3
1615,-103.4542697285,29.4540288485,0.509645760059357,0.6507127585865449,3
1616,-109.1792694995,39.9290284295,0.509938538074493,0.5088920185926755,3
1617,-105.2209363245,31.0206954525,0.724089205265045,0.6678378855076103,3
1618,-102.7792697555,29.5456955115,0.724089205265045,0.6653143316188213,3
1619,-112.9459360155,40.5456950715,0.509938538074493,0.5026303433946635,3
1620,-118.0459358115,42.1206950085,0.392515927553177,0.4740618195611014,3
1621,-61.4126047435,6.1123631155,0.757889866828918,0.627932440172448,3
1622,-48.8709385785,-27.8959688575,0.584460139274597,0.5749930615305955,3
1623,-79.7709373425,9.20402965849999,0.578889787197113,0.5730953277180352,3
1624,-39.1292723015,-14.4959693935,0.498574554920197,0.6025757887169786,3
1625,8.44572579550001,56.9540277485,0.497000008821487,0.5574661658776859,4
1626,-74.1209375685,49.0873613965,0.455471158027649,0.4551354689063451,4
1627,15.8373921665,48.8790280715,0.669873714447021,0.5505502780228053,4
1628,17.5123920995,48.6373614145,0.660357773303986,0.5760469868363928,4
1629,-93.3209368005,48.6123614155,0.450907230377197,0.44340456275320295,4
1630,21.5790586035,48.5040280865,0.670469641685486,0.5894677107210164,4
1631,2.72905935750001,48.4706947545,0.683352053165436,0.5649138623895403,4
1632,-75.9626041615,48.3956947575,0.455967724323273,0.45262534408360616,4
1633,-75.2209375245,47.9373614425,0.444290846586227,0.45434859912709896,4
1634,-77.8042707545,47.6040281225,0.426389992237091,0.4651300434015886,4
1635,-64.7959379415,46.4040281705,0.452643424272537,0.4870752495897786,4
1636,-70.4292710495,46.2040281785,0.430676579475403,0.5352788718037879,4
1637,-70.9959376935,45.2956948815,0.479835540056229,0.4948822409413861,4
1638,-68.4959377935,45.0873615565,0.396618962287903,0.4920537175622687,4
1639,21.9790585875,44.1290282615,0.655151128768921,0.5608987072706378,4
1640,-86.0042704265,44.0040282665,0.521090686321259,0.5155158493083255,4
1641,-7.0792735835,43.5040282865,0.705732107162476,0.5958264164536111,4
1642,-2.71260709149999,43.3123616275,0.497124999761581,0.5914383087739422,4
1643,-74.7042708785,42.7956949815,0.75179660320282,0.5618530543137017,4
1644,-76.3292708135,42.6623616535,0.657806754112244,0.5483662967302771,4
1645,-75.2626041895,42.1706950065,0.575181007385254,0.5586956047013701,4
1646,-76.9459374555,41.4206950365,0.554087281227112,0.5383665690973995,4
1647,-78.1792707395,38.8540284725,0.542102873325348,0.5380493687213661,4
1648,-85.8876037645,38.2790284955,0.587117552757263,0.5630672524400853,4
1649,-83.5959371895,38.2206951645,0.489228129386902,0.5581170289604092,4
1650,-86.7376037305,38.1290285015,0.40025582909584,0.5566589243418385,4
1651,-78.4709373945,37.4706951945,0.560449481010437,0.5358806797202695,4
1652,-81.5126039395,36.9040285505,0.574842691421509,0.5328380978033231,4
1653,-78.4376040625,36.4206952365,0.520216822624207,0.5273959262022598,4
1654,-85.8459370995,35.9873619205,0.597736835479736,0.5406770988386616,4
1655,-92.5126034995,35.5790286035,0.583501875400543,0.5543011968762712,4
1656,127.2623877095,35.1873619525,0.577989041805267,0.5360719623441127,4
1657,-85.5459371115,34.9373619625,0.534705519676208,0.5372056677807611,4
1658,-84.1542705005,34.6873619725,0.534693419933319,0.5455314862754679,4
1659,-84.7209371445,34.5540286445,0.479373723268509,0.5263393912749644,4
1660,-86.4876037405,32.7790287155,0.537793159484863,0.5265158973262273,4
1661,-86.4709370745,32.0290287455,0.545005917549133,0.5341636322704386,4
1662,-87.1459370475,31.6873620925,0.500343799591064,0.5450613616912694,4
1663,-90.7709369025,31.3706954385,0.493870288133621,0.5358385754931799,4
1664,152.9957200135,-26.4043022505,0.755966246128082,0.7013318768379097,4
1665,152.9790533475,-30.5293020855,0.697650790214539,0.6620818507335305,4
1666,171.5623859375,-42.5209682725,0.533455669879913,0.5760787847098998,4
1667,-72.2959376415,-51.5793012435,0.515652656555176,0.49587461698369406,4
1668,-1.4709404745,49.6706947065,0.50644713640213,0.5859390629775016,4
1669,19.4873920205,43.7540282765,0.477901041507721,0.548599419925371,4
1670,-96.3959366775,50.4790280075,0.416703194379807,0.44962703243998353,4
1671,-91.7126035315,47.2540281365,0.479495704174042,0.46633646715248367,4
1672,25.6540584405,58.1290277015,0.518693804740906,0.5036546123388179,4
1673,-70.5709377105,47.7373614505,0.461176097393036,0.45420805840951367,4
1674,8.0040591465,47.2456948035,0.491659224033356,0.5501918209492284,4
1675,13.2040589385,53.1040279025,0.502327501773834,0.5413814777876713,4
1676,-61.3959380775,45.2040282185,0.445196837186813,0.4950369179369412,4
1677,36.0123913595,58.5540276845,0.461842238903046,0.5058277661209667,4
1678,7.80405915450001,51.2040279785,0.630737781524658,0.5359483583129938,4
1679,-88.1709370065,46.5206948325,0.71261602640152,0.4669769676704382,4
1680,-8.27927353550001,43.5373616185,0.714794754981995,0.5748697946800276,4
1681,-68.8876044445,45.0873615565,0.449847340583801,0.4925506188018518,4
1682,-7.97927354750001,43.6706949465,0.509869039058685,0.5568273217740836,4
1683,-73.9209375765,46.1623615135,0.73658812046051,0.5466796264869891,4
1684,-74.1792708995,45.4706948745,0.475541412830353,0.4800745390633813,4
1685,3.2123926715,46.4873615005,0.700511813163757,0.6025126007889423,4
1686,-72.3042709745,45.7790281955,0.734963476657867,0.5139101857340961,4
1687,-78.8876040445,36.2790285755,0.508034467697144,0.535803094017854,4
1688,-93.5709367905,36.7290285575,0.705496549606323,0.5788980860724332,4
1689,-83.1792705395,42.8623616455,0.566556870937347,0.5269098667697183,4
1690,-75.1626041935,41.5873616965,0.543398976325989,0.5412267227746224,4
1691,-73.0292709455,43.1956949655,0.524070799350739,0.5433353527189123,4
1692,-78.8959373775,40.3123617475,0.576938986778259,0.5337150011531497,4
1693,10.6040590425,52.7040279185,0.49715331196785,0.5247628803127072,4
1694,9.8040590745,47.9040281105,0.476477771997452,0.5349291347627667,4
1695,-80.7376039705,35.5290286055,0.519269108772278,0.5431697135693864,4
1696,16.8957254575,50.7123613315,0.662094473838806,0.5361647015740306,4
1697,28.3457249995,57.0956944095,0.477901041507721,0.5121727450311431,4
1698,-67.8542711525,46.7290281575,0.398005694150925,0.46742649880012616,4
1699,-86.5459370715,41.6956950255,0.456716656684875,0.543698639747723,4
1700,1.87905939149999,43.8123616075,0.396124988794327,0.6201568278297962,4
1701,10.1290590615,56.2123611115,0.558209240436554,0.5542058207738898,4
1702,8.7040591185,45.0706948905,0.422160387039185,0.5554488462566344,4
1703,-3.47094039449999,48.5456947515,0.60115259885788,0.5876848457637126,4
1704,0.7540594365,49.5706947105,0.60541570186615,0.5991631211576312,4
1705,1.32072608050001,47.2790281355,0.559199452400208,0.5950957515842852,4
1706,5.4873925805,47.2540281365,0.608782351016998,0.5857333843576159,4
1707,-94.5626034175,48.6706947465,0.361471980810165,0.43739469318089863,4
1708,-92.6209368285,47.8790281115,0.461372464895248,0.4355923088724412,4
1709,-84.0792705035,42.0290283455,0.578167915344238,0.5432545438248135,4
1710,-85.1126037955,40.7206950645,0.435174107551575,0.5551246140644797,4
1711,-89.5792702835,45.2956948815,0.590042114257812,0.5043597322229764,4
1712,13.2707256025,49.9956946935,0.478522419929504,0.5240115398976081,4
1713,14.8790588715,49.3790280515,0.424102246761322,0.5015456696834404,4
1714,0.254059456499988,43.0373616385,0.594220697879791,0.6108223467933033,4
1715,-96.3959366775,31.6456954275,0.714457154273987,0.620484587023559,4
1716,-88.5626036575,37.3623618655,0.631381928920746,0.5592627071996955,4
1717,29.9373916025,56.5290277655,0.517701923847198,0.5137888253446028,4
1718,19.8707253385,42.3623616655,0.660357773303986,0.5412407402043308,4
1719,-87.0792703835,39.4040284505,0.597241938114166,0.5576484883796848,4
1720,126.8957210575,33.4040286905,0.478641003370285,0.5364690100229212,4
1721,12.1040589825,52.6040279225,0.478010535240173,0.534868543360771,4
1722,-91.9126035235,31.3206954405,0.513035237789154,0.550303506998368,4
1723,4.64572594750001,46.2873615085,0.617962300777435,0.5807548381356755,4
1724,-1.88760712449999,47.3290281335,0.71992152929306,0.5745791313485842,4
1725,8.4040591305,52.6040279225,0.581779062747955,0.5395871884902812,4
1726,9.8040590745,54.0040278665,0.49538442492485,0.5207171171996926,4
1727,-87.1459370475,39.9956950935,0.595581829547882,0.5645424586819247,4
1728,0.654059440499992,48.7456947435,0.624513685703278,0.5996360880216185,4
1729,3.37072599850001,48.1206947685,0.701095163822174,0.6147944653014892,4
1730,-93.6542701205,44.7540282365,0.396273642778397,0.5163753529103736,4
1731,-91.0126035595,42.9706949745,0.546341955661774,0.5491408707689369,4
1732,5.27905925549999,46.0956948495,0.551303446292877,0.5760596220279861,4
1733,10.5457257115,55.1290278215,0.420257836580276,0.550993824923534,4
1734,-151.6292678015,59.7123609715,0.369552731513977,0.48734914517513556,4
1735,-120.9959356935,51.4040279705,0.460723161697388,0.4358342681002737,4
1736,-121.5959356695,51.2040279785,0.445629864931107,0.4390626833288253,4
1737,-118.7042691185,48.8456947395,0.448082119226456,0.44928026660893267,4
1738,18.6540587205,48.6706947465,0.45025360584259,0.5429882411098207,4
1739,-116.4459358755,48.5706947505,0.399115234613419,0.46762174549939906,4
1740,-123.8126022475,46.4456948355,0.462273329496384,0.5186256478780974,4
1741,-110.3542694525,45.9706948545,0.423105597496033,0.4258887516395038,4
1742,6.99572585350001,45.1790282195,0.599952638149261,0.4930679057403832,4
1743,-123.5042689265,44.4123615835,0.460831344127655,0.5089981262700793,4
1744,-107.3626029055,44.1873615925,0.44780495762825,0.4372212508697344,4
1745,-111.4376027425,43.6706949465,0.427193492650986,0.42717620166353565,4
1746,-113.9792693075,43.6290282815,0.435418397188187,0.4262675711953213,4
1747,-122.0959356495,41.7373616905,0.493673205375671,0.44445787739146586,4
1748,-122.7626022895,41.6956950255,0.424435555934906,0.44991846339891434,4
1749,-121.1126023555,41.4790283675,0.471717298030853,0.4729091052447507,4
1750,-124.3376022265,40.5456950715,0.413897395133972,0.5192292635972249,4
1751,-120.6709357065,38.4540284885,0.531093716621399,0.6046193153422236,4
1752,-104.5959363495,37.3623618655,0.565669000148773,0.5228165837426858,4
1753,-111.8876027245,35.7373619305,0.565799474716187,0.5357886563814371,4
1754,-106.4042696105,34.9706952945,0.569869041442871,0.5185690782478264,4
1755,-111.5042694065,34.6706953065,0.492571741342545,0.5278035734751118,4
1756,-79.1376040345,33.5040286865,0.456952542066574,0.5250197830952713,4
1757,-83.2792705355,29.4706955145,0.488000005483627,0.5351840837466441,4
1758,26.0540584245,47.2873614685,0.65508359670639,0.5300265239260623,4
1759,-93.4959367935,33.1373620345,0.496353834867477,0.5465111475841609,4
1760,18.9790587075,49.7790280355,0.585551202297211,0.5430590093524942,4
1761,-95.2209367245,33.0790287035,0.651715517044067,0.5702599794576941,4
1762,-105.3126029875,41.2540283765,0.440121561288834,0.45569654078584737,4
1763,-82.2792705755,26.9706956145,0.488211363554001,0.5583000323083022,4
1764,-94.9209367365,32.5040287265,0.567556977272034,0.5806699618365921,4
1765,-111.2209360845,42.5290283255,0.445271402597427,0.4286760080482536,4
1766,-81.5042706065,32.0290287455,0.497968822717667,0.531462419356502,4
1767,-81.1376039545,27.9706955745,0.395999997854233,0.5295101066391414,4
1768,-105.1709363265,39.5706951105,0.527799427509308,0.48786858253978177,4
1769,-81.1376039545,28.6706955465,0.697260081768036,0.5216676605991515,4
1770,-87.5292703655,31.3290287735,0.560193836688995,0.5380240774482524,4
1771,-91.8126035275,32.6706953865,0.584714829921722,0.548378084246645,4
1772,-105.8292696335,39.9373617625,0.427060097455978,0.4378434707270119,4
1773,-115.3876025845,43.5206949525,0.453484505414963,0.45083122142381643,4
1774,-81.1376039545,26.4790289675,0.395999997854233,0.5236209781172868,4
1775,-78.8876040445,34.6456953075,0.511277139186859,0.5238376787177913,4
1776,13.8123922475,64.4706941145,0.428995430469513,0.5067448668031506,4
1777,9.49572575350001,61.6706942265,0.475837916135788,0.4773169025487694,4
1778,9.9207257365,60.9540275885,0.465439468622208,0.4857554213467372,4
1779,11.5123923395,60.2706942825,0.426747798919678,0.4756354995328263,4
1780,-103.0709364105,53.7373612105,0.39857941865921,0.42426187597696213,4
1781,-107.9959362135,53.4706945545,0.413358896970749,0.4204580281387238,4
1782,-98.8792699115,52.5290279255,0.420100390911102,0.44238025105045525,4
1783,-55.9959382935,49.8040280345,0.447340786457062,0.45685773457962,4
1784,-76.8542707925,49.5706947105,0.443849384784698,0.45152816723649186,4
1785,-78.2959374015,48.9956947335,0.446289479732513,0.45541228010424945,4
1786,-65.2542712565,48.6706947465,0.45308843255043,0.46191476217129357,4
1787,11.9873923205,60.7790275955,0.477901041507721,0.4689607405320121,4
1788,29.3457249595,60.7040275985,0.477901041507721,0.4818775449693158,4
1789,-99.7959365415,55.0040278265,0.458860605955124,0.43991850983696607,4
1790,-79.2876040285,48.9290280695,0.458732813596725,0.4500677944494189,4
1791,11.9623923215,61.2123609115,0.420257836580276,0.4733926949979962,4
1792,-69.3209377605,48.5040280865,0.43814405798912,0.46960097465752215,4
1793,-80.7959373015,49.0040280665,0.460597544908524,0.452349486677855,4
1794,150.5623867775,-28.3126355075,0.617706596851349,0.6718686424857991,4
1795,-95.7709367025,29.1873621925,0.608962714672089,0.550818030221063,4
1796,-97.0542699845,28.3040288945,0.739066898822784,0.653804985121992,4
1797,-117.0209358525,45.7373615305,0.456789910793304,0.46328447579531473,4
1798,-105.8626029655,44.3873615845,0.466602772474289,0.4595337034237168,4
1799,-100.6042698425,44.2040282585,0.430931985378265,0.4776743246974178,4
1800,-100.3209365205,41.8540283525,0.440306305885315,0.47603508281316576,4
1801,-92.6292701615,40.2040284185,0.546499788761139,0.5618175646989766,4
1802,-102.1709364465,37.4623618615,0.408438384532928,0.5259985537278287,4
1803,-103.1292697415,37.4373618625,0.57064163684845,0.5380056482980821,4
1804,-98.1126032755,33.2956953615,0.712270975112915,0.6751172395133586,4
1805,-98.6542699205,30.0290288255,0.627615988254547,0.6549887965746752,4
1806,-99.4459365555,29.6373621745,0.649045407772064,0.6653719861607006,4
1807,150.0873867965,-31.7459687035,0.571650981903076,0.6342029122485082,4
1808,-107.5209362325,46.3290281735,0.440121561288834,0.4642593643547209,4
1809,-101.3376031465,32.6706953865,0.724089205265045,0.6980445179641889,4
1810,-99.5376032185,32.0290287455,0.724089205265045,0.6692152887314263,4
1811,-101.5959364695,41.2123617115,0.475448101758957,0.466193186795848,4
1812,-100.9376031625,34.8373619665,0.655091464519501,0.6206341093379545,4
1813,-112.0959360495,46.9956948135,0.440121561288834,0.4631885058902417,4
1814,-109.3959361575,47.8373614465,0.442986071109772,0.4593599963767404,4
1815,146.1290536215,-34.6209685885,0.714345395565033,0.6940671822621306,4
1816,-97.0292699855,31.5873620965,0.724089205265045,0.6621718928512701,4
1817,-100.3876031845,31.1040287825,0.570442020893097,0.6556068064635293,4
1818,-107.0209362525,48.3706947585,0.432027369737625,0.4635223657376924,4
1819,-102.9459364155,42.7706949825,0.440121561288834,0.4605208804048441,4
1820,-101.6292698015,35.7040285985,0.724089205265045,0.6119745413943618,4
1821,-101.3292698135,43.8290282735,0.408438384532928,0.47573107667487147,4
1822,-97.2209366445,33.7540286765,0.634908318519592,0.6227722615027692,4
1823,-99.7376032105,41.9206950165,0.500695586204529,0.48434022625624507,4
1824,-95.5792700435,38.2706951625,0.560982942581177,0.5786611971871055,4
1825,-100.7292698375,43.9790282675,0.569314181804657,0.4746963870629752,4
1826,-101.7209364645,39.9623617615,0.407519191503525,0.4835932808240211,4
1827,-96.9709366545,35.2623619495,0.62678474187851,0.5909535028928365,4
1828,-99.5209365525,32.8290287135,0.720644533634186,0.6612886716291506,4
1829,-103.0709364105,41.7373616905,0.376666665077209,0.4798298124801695,4
1830,-100.2959365215,39.7456951035,0.521535754203796,0.4843157843512573,4
1831,-100.1292698615,31.5373620985,0.724089205265045,0.6798433312390997,4
1832,-91.3626035455,38.8623618055,0.606595516204834,0.5822381753451212,4
1833,-92.3459368395,41.8956950175,0.563013672828674,0.5403753348840298,4
1834,-97.9959366135,37.1040285425,0.406479716300964,0.5343027183899164,4
1835,-100.3709365185,37.8040285145,0.430470854043961,0.5153347824413655,4
1836,-99.3709365585,39.8540284325,0.603175044059753,0.49550773443366686,4
1837,-95.2459367235,44.1790282595,0.560220122337341,0.5239909482313595,4
1838,-98.2292699375,42.9206949765,0.42089632153511,0.533635572404892,4
1839,-102.6959364255,48.7790280755,0.392515927553177,0.46555199868223757,4
1840,-94.9209367365,41.5873616965,0.571727097034454,0.5333263087603718,4
1841,-100.5959365095,37.8623618455,0.408438384532928,0.5019475457822236,4
1842,-89.4626036215,41.8873616845,0.558992326259613,0.5574603221682809,4
1843,-103.3459363995,41.7706950225,0.496756196022034,0.4881582630921274,4
1844,-102.9376030825,47.5623614575,0.49811178445816,0.4823581940813742,4
1845,-105.7709363025,45.3290282135,0.461804687976837,0.4548353616717525,4
1846,-99.3876032245,38.4790284875,0.544351518154144,0.4957745523756726,4
1847,-100.8709364985,46.0790281835,0.598932445049286,0.4859017887704397,4
1848,-95.3959367175,39.1790284595,0.723152101039886,0.571379470862543,4
1849,-95.0376033985,39.6706951065,0.472577780485153,0.5583622575735642,4
1850,-99.8042698745,47.9956947735,0.405978560447693,0.48202641909708827,4
1851,-93.6292701215,39.6206951085,0.425291568040848,0.5745085337986339,4
1852,-97.9126032835,46.5706948305,0.62553197145462,0.506413241443655,4
1853,-90.9876035605,42.2040283385,0.541511237621307,0.5488837379065176,4
1854,-65.7626045695,-17.6876359325,0.497124999761581,0.5546587706619306,4
1855,19.2457253635,69.4706939145,0.61786299943924,0.5332432957094564,4
1856,10.6290590415,62.7790275155,0.537820518016815,0.5087917610598273,4
1857,11.8290589935,63.2873608285,0.477901041507721,0.49134665046098297,4
1858,16.6207254685,68.6206939485,0.591212034225464,0.5021611837159898,4
1859,17.2040587785,68.5623606175,0.591212034225464,0.5325772972746722,4
1860,-8.33760686650001,40.0040284265,0.703000009059906,0.6012645635371947,4
1861,16.8040587945,39.3540284525,0.767705202102661,0.6271387727456375,4
1862,-6.92094025649999,37.8206951805,0.714794754981995,0.6569010875803376,4
1863,-4.93760700250002,36.6206952285,0.532896161079407,0.6421273209075773,4
1864,-121.8626023255,36.5623618975,0.666599988937378,0.6029013880724655,4
1865,-121.7209356645,36.4623619015,0.61099499464035,0.624997662592416,4
1866,-117.3126025075,34.2623619895,0.459998816251755,0.609483711009694,4
1867,142.6957204255,-34.6126352555,0.714345395565033,0.694715897305328,4
1868,-5.4459403155,36.8956952175,0.606798827648163,0.6605903118058372,4
1869,15.4457255155,40.7456950635,0.745753705501556,0.6105177551495394,4
1870,-118.8292691135,35.7623619295,0.75,0.6567063666717421,4
1871,-2.8126070875,41.0290283855,0.705905735492706,0.6011939788828782,4
1872,14.4457255555,37.8873618445,0.581544399261475,0.6143062529297334,4
1873,-6.3626069455,37.1790285395,0.586789786815643,0.6442950959124347,4
1874,-4.17094036649999,41.1623617135,0.50644713640213,0.6018850399599975,4
1875,13.4957255935,41.3456950395,0.606798827648163,0.6230851639073391,4
1876,-4.4542736885,41.2290283775,0.50644713640213,0.6084950406260532,4
1877,14.7957255415,37.9623618415,0.660357773303986,0.5718468827419521,4
1878,35.6957247055,34.2040286585,0.767705202102661,0.643299381111165,4
1879,12.2207256445,43.2290282975,0.774929761886597,0.6250130974648916,4
1880,-3.5042737265,41.9706950145,0.519999980926514,0.6018560317460998,4
1881,13.0623922775,42.2790283355,0.484018564224243,0.6132113281969098,4
1882,-1.9376071225,41.3373617065,0.606798827648163,0.622898310769232,4
1883,8.9373924425,40.5206950725,0.644127309322357,0.6545354967248872,4
1884,-2.89594041750001,39.8290284335,0.659409821033478,0.6046348818789149,4
1885,-7.4876069005,38.5123618195,0.642181217670441,0.6553239047780843,4
1886,8.6957257855,39.2790284555,0.703000009059906,0.6442496065401445,4
1887,14.1123922355,42.3540283325,0.442184954881668,0.6254476479602091,4
1888,-107.6292695615,42.5123616595,0.466602772474289,0.4832602689362439,4
1889,-119.9126024035,42.2956950015,0.512682497501373,0.470876049886903,4
1890,-108.3709361985,39.9040284305,0.523243844509125,0.5054236013771636,4
1891,-112.8792693515,38.2873618285,0.525720298290253,0.5176503174003361,4
1892,-115.5042692465,38.1623618335,0.564663767814636,0.5267735363965114,4
1893,-116.4376025425,37.0456952115,0.48439833521843,0.5216146708745865,4
1894,-105.7959363015,36.1956952455,0.568611741065979,0.5037683001573596,4
1895,-108.6126028555,34.2706953225,0.568202316761017,0.522220924481907,4
1896,-110.8459360995,32.7206953845,0.602500021457672,0.6466601631584948,4
1897,-111.3209360805,32.5373620585,0.602500021457672,0.6882059232556555,4
1898,-106.9459362555,32.1373620745,0.602500021457672,0.6884242394332505,4
1899,-112.4959360335,32.0790287435,0.786611199378967,0.6948715514953978,4
1900,-107.9209362165,32.2373620705,0.724089205265045,0.6754866698935013,4
1901,-105.3542696525,31.0706954505,0.724089205265045,0.6913135796096888,4
1902,-104.3542696925,29.6206955085,0.724089205265045,0.6777497149969957,4
1903,-102.9709364145,29.1873621925,0.724089205265045,0.6648655309710652,4
1904,-99.3876032245,27.2123622715,0.724089205265045,0.6882591373114333,4
1905,-112.6376026945,35.6623619335,0.516360700130463,0.5509466146625108,4
1906,-113.0459360115,42.4040283305,0.426849633455276,0.4935081699179908,4
1907,-112.2876027085,39.8790284315,0.509938538074493,0.5099272815193477,4
1908,-118.4376024625,37.2456952035,0.491145193576813,0.4597975515854012,4
1909,-103.6542697205,31.4206954365,0.724089205265045,0.6975406482757853,4
1910,-101.7626031295,30.3956954775,0.670122683048248,0.6591408819943962,4
1911,-118.1542691405,35.3706952785,0.676557004451752,0.5955135523740341,4
1912,-111.1042694225,42.4790283275,0.357028096914291,0.4300972089149776,4
1913,-109.0709361705,38.4540284885,0.440121561288834,0.4953414747909709,4
1914,-11.2292734175,7.3706963985,0.664834797382355,0.6331727537869838,4
1915,-69.0959377695,-12.1959694855,0.540901780128479,0.593463130841645,4
1916,-50.9376051625,-27.4459688755,0.538446307182312,0.5672818471673097,4
1917,-49.7709385425,-27.5376355385,0.536722183227539,0.5614621592691551,4
1918,-52.5626050975,-26.4626355815,0.583921611309052,0.5826135213854394,4
1919,-91.9959368535,15.0040294265,0.38468199968338,0.5686146057706325,4
1920,-84.0209371725,10.4206962765,0.497721463441849,0.575259605327272,4
1921,-53.2792717355,-26.6376355745,0.642282247543335,0.5585209609228151,4
1922,-89.4959369535,16.5040293665,0.619814217090607,0.5715744070396692,4
1923,-52.5709384305,-26.4709689145,0.525951504707336,0.5689263155832404,4
1924,124.7040544785,11.0290295855,0.575586378574371,0.5892564990864618,4
1925,-59.7542714765,-16.9543026285,0.644469439983368,0.6512644477372063,4
1926,-66.2876045485,-17.2876359485,0.497124999761581,0.5696075822514736,4
1927,-71.2459376835,47.8790281115,0.457323104143143,0.45734071973618395,4
1928,-91.1459368875,47.4040281305,0.490984469652176,0.4862501012734752,4
1929,-71.9042709905,47.2123614715,0.554261803627014,0.5082128709678343,4
1930,-74.7709375425,46.8956948175,0.472744107246399,0.4719579226377436,4
1931,-82.3959372375,46.8040281545,0.426484495401382,0.43583632564708585,4
1932,-88.0792703435,46.6706948265,0.344704926013947,0.4730388316764871,4
1933,-77.8959374175,46.6456948275,0.384269952774048,0.5133092972063047,4
1934,-85.0959371295,46.5373614985,0.416241884231567,0.4738930047238559,4
1935,-77.5209374325,46.2456948435,0.642671585083008,0.5198534441434246,4
1936,-8.6542735205,41.4873617005,0.622808814048767,0.5933463542100218,4
1937,-74.8792708715,41.3290283735,0.5546994805336,0.529139152414926,4
1938,-79.5959373495,37.8456951795,0.541102290153503,0.5433918594844415,4
1939,153.0207200125,-25.5459689515,0.690455496311188,0.7053693310651283,4
1940,152.5290533655,-26.7543022365,0.768775105476379,0.6734110388706449,4
1941,153.4623866615,-28.3876355045,0.68164199590683,0.6600909704408768,4
1942,152.4207200365,-29.8126354475,0.764748334884644,0.6478164462912965,4
1943,152.6373866945,-30.2126354315,0.748199224472046,0.6280352947443729,4
1944,151.3623867455,-33.1293019815,0.775839507579803,0.6731548615409072,4
1945,149.4707201545,-36.5543018445,0.683467090129852,0.6282343015750467,4
1946,177.1373857145,-38.2709684425,0.636679112911224,0.5974622404003914,4
1947,176.8873857245,-38.6459684275,0.664164662361145,0.5950202385188116,4
1948,175.0707191305,-39.4876350605,0.591529309749603,0.599074390689152,4
1949,173.8957191775,-41.8793016315,0.715306639671326,0.6232240013703527,4
1950,169.2790526955,-46.4293014495,0.751637399196625,0.5865097085866533,4
1951,-72.9126042835,-49.3626346655,0.515652656555176,0.48082831495765493,4
1952,-0.695940505500005,43.8956949375,0.566875040531158,0.5471461953766766,4
1953,167.6540527605,-44.7043015185,0.587497711181641,0.587897843533866,4
1954,174.0707191705,-35.3876352245,0.72465455532074,0.5946828451964817,4
1955,-135.1626017935,58.0706943705,0.427060097455978,0.4453757428774253,4
1956,-121.3959356775,55.2040278185,0.427932471036911,0.4262561949002459,4
1957,-116.4292692095,52.6956945855,0.442397952079773,0.42957662352577475,4
1958,-117.7959358215,51.8040279545,0.405350178480148,0.4359200567474978,4
1959,-123.1959356055,51.6040279625,0.427060097455978,0.43414941053715633,4
1960,-125.5959355095,50.4040280105,0.460100084543228,0.49337380127315,4
1961,-115.7709359025,48.8873614045,0.432658046483994,0.4417891369367824,4
1962,-116.3542692125,47.8540281125,0.450322777032852,0.4493974734464868,4
1963,-124.3292688935,47.4706947945,0.457594335079193,0.5045907165344788,4
1964,-110.5376027785,46.9623614815,0.427060097455978,0.4315869766576079,4
1965,-115.3709359185,46.4456948355,0.476265847682953,0.4519168903171869,4
1966,-122.1792689795,44.1206949285,0.459731042385101,0.4816136302633645,4
1967,-109.7459361435,44.1123615955,0.453106641769409,0.4264999335731501,4
1968,-103.4376030625,44.1123615955,0.43437385559082,0.4665947182210836,4
1969,-124.2959355615,42.3706949985,0.439101129770279,0.5335022483181617,4
1970,-123.4626022615,41.5706950305,0.560870587825775,0.5226534421262975,4
1971,-124.2126022315,40.1873617525,0.488503813743591,0.5320513551239199,4
1972,-107.3292695735,37.8290285135,0.437700718641281,0.4291042636493552,4
1973,-111.9292693895,35.1540286205,0.440121561288834,0.5001007953321411,4
1974,-112.8626026855,34.7373619705,0.509938538074493,0.6063045417690657,4
1975,-111.7709360625,40.5623617375,0.417520344257355,0.48800405981506956,4
1976,29.4790582875,69.3956939175,0.555580735206604,0.5218722045033546,4
1977,33.4373914625,68.4456939555,0.529610395431519,0.5249725515636607,4
1978,-130.3959353175,67.4040273305,0.420473158359528,0.44596131260020183,4
1979,-134.7959351415,67.2040273385,0.492954820394516,0.45591724087264013,4
1980,-129.7959353415,66.8040273545,0.447478771209717,0.44861736664348245,4
1981,34.6373914145,66.6873606925,0.479423493146896,0.48056513191740546,4
1982,36.7290579975,66.3206940405,0.575871050357819,0.47279142031361626,4
1983,33.0457248115,65.5706940705,0.47623685002327,0.4774350188055291,4
1984,-123.7959355815,63.2040274985,0.412512719631195,0.44823669242654757,4
1985,31.5207248725,62.9956941735,0.476381659507751,0.4867128313857659,4
1986,-120.3959357175,62.6040275225,0.469721436500549,0.4479517513318938,4
1987,29.7707249425,62.1456942075,0.505188524723053,0.48246707847436754,4
1988,30.8540582325,62.1456942075,0.497565299272537,0.4868884960590368,4
1989,-123.5959355895,61.8040275545,0.417730808258057,0.4434171360452745,4
1990,36.9207246565,61.6790275595,0.426056802272797,0.49296532196941384,4
1991,98.8123888475,61.2790275755,0.474851012229919,0.45000034734703653,4
1992,-115.5959359095,60.8040275945,0.437345296144485,0.44562332724990505,4
1993,-151.1959344855,60.6373609345,0.484897792339325,0.4680885157596299,4
1994,-114.1959359655,60.4040276105,0.417306631803513,0.44260865828022056,4
1995,-116.7959358615,60.0040276265,0.408499479293823,0.4343584192787078,4
1996,-121.9959356535,59.4040276505,0.460840463638306,0.4446582446437258,4
1997,-120.9959356935,58.4040276905,0.466122388839722,0.427574491544654,4
1998,28.5623916575,58.3956943575,0.601725876331329,0.49380595392025334,4
1999,-125.7959355015,58.2040276985,0.380348980426788,0.43576892717800664,4
2000,-120.7959357015,58.2040276985,0.491956472396851,0.42370638098947844,4
2001,-123.7959355815,57.8040277145,0.405647099018097,0.4354545441538489,4
2002,-152.7292677575,57.7956943815,0.390979200601578,0.4502200220781033,4
2003,-99.5959365495,56.6040277625,0.457784831523895,0.4470794216435309,4
2004,-101.3959364775,56.2040277785,0.4217808842659,0.44551369473144015,4
2005,-109.7626028095,54.4790278475,0.417859941720963,0.42085070774453426,4
2006,-98.3959365975,54.4040278505,0.487416714429855,0.4433926782680369,4
2007,-94.5959367495,53.6040278825,0.431366741657257,0.4481575854145818,4
2008,-57.1959382455,53.4040278905,0.45877268910408,0.4544180784932121,4
2009,-62.3959380375,53.2040278985,0.456125974655151,0.4559560980508178,4
2010,-56.7959382615,53.0040279065,0.477888017892838,0.4556113596936154,4
2011,-101.8042697945,52.7373612505,0.43018901348114,0.42063755334149155,4
2012,-68.6042711225,52.5540279245,0.457672715187073,0.45709817615881937,4
2013,-100.7626031695,51.7956946215,0.425474166870117,0.4267458997438293,4
2014,-75.4876041805,51.5623612975,0.448556929826736,0.44965134421423025,4
2015,-71.8959376575,51.5373612985,0.456236600875854,0.45623828948968914,4
2016,-59.8876048045,51.4956946335,0.453549087047577,0.45462398767091866,4
2017,-56.1959382855,51.2040279785,0.45301279425621,0.4508524464209681,4
2018,-92.9959368135,51.0040279865,0.460339039564133,0.44894117349591245,4
2019,-96.1626033535,50.9623613215,0.469471216201782,0.42766208604419037,4
2020,-75.4626041815,50.7873613285,0.450070321559906,0.4530831052075612,4
2021,-74.5209375525,50.1290280215,0.442546725273132,0.4527731911007389,4
2022,-75.3709375185,49.5706947105,0.45091187953949,0.4519537729319118,4
2023,-73.2459376035,49.1623613935,0.5,0.47240439266858847,4
2024,-71.1792710195,49.0873613965,0.433445990085602,0.46021795258438486,4
2025,-65.7042712385,48.5623614175,0.450718313455582,0.48986791656943673,4
2026,32.2123915115,63.8540274725,0.477901041507721,0.4789239233529054,4
2027,34.4040580905,61.0623609175,0.477901041507721,0.48558421358287945,4
2028,29.6457249475,60.2706942825,0.477901041507721,0.47443532256736776,4
2029,-111.9959360535,57.8040277145,0.458860605955124,0.4389471757635345,4
2030,-91.7959368615,51.4040279705,0.458860605955124,0.4509820367869317,4
2031,-81.7959372615,49.6040280425,0.458860605955124,0.4422208484483861,4
2032,34.9123914035,58.5956943495,0.420257836580276,0.5045120912345992,4
2033,33.7707247825,60.7956942615,0.477901041507721,0.4833996260670266,4
2034,173.5123858595,-42.3126349475,0.47570925951004,0.5678096212101584,4
2035,170.5540526445,-45.8126348075,0.588401257991791,0.5894447871506276,4
2036,32.0373915185,-28.1293021815,0.746718525886536,0.6132590755519616,4
2037,16.3290588135,68.2373606305,0.515345096588135,0.4896830973232832,4
2038,14.9290588695,66.5123606995,0.581591248512268,0.4958133288312808,4
2039,149.8790534715,62.8623608455,0.437339186668396,0.4605227193501301,4
2040,146.2540536165,62.0956942095,0.411334812641144,0.44574638458935095,4
2041,145.5373869785,61.8456942195,0.409909874200821,0.44443592513474467,4
2042,-145.0959347295,61.2456942435,0.481365144252777,0.4645953555530781,4
2043,-146.0626013575,61.0540275845,0.398953378200531,0.4567602705978239,4
2044,150.1790534595,60.4623609415,0.460975527763367,0.4565138550547996,4
2045,-133.8376018465,58.0790277035,0.42196848988533,0.4555072535411814,4
2046,141.2123871515,62.7456941835,0.458860605955124,0.44784760685691016,4
2047,-118.1376024745,34.2706953225,0.551536500453949,0.6128470412370557,4
2048,4.7207259445,43.5123616195,0.642639815807343,0.6245762445176757,4
2049,-110.2459361235,39.2956951215,0.524604082107544,0.5107185123905286,4
2050,-117.7959358215,37.5873618565,0.48439833521843,0.5112342056536499,4
2051,-107.4042695705,36.2540285765,0.567428946495056,0.531601973734076,4
2052,-110.3876027845,36.1540285805,0.570477545261383,0.5292781819016836,4
2053,-117.0876025165,35.9790285875,0.48439833521843,0.5191399189197329,4
2054,-107.1126029155,33.9623620015,0.451982408761978,0.49493845090616484,4
2055,-114.2376026305,33.7206953445,0.602500021457672,0.6661216486221206,4
2056,-110.7709361025,35.8040285945,0.509938538074493,0.5339516229560762,4
2057,-73.2876042685,10.5290296055,0.464486718177795,0.5905542417564924,4
2058,-83.2959372015,8.3873630245,0.417336076498032,0.5901133012026301,4
2059,-54.9626050015,5.37069647849999,0.750861167907715,0.6095136797364262,4
2060,-55.7709383025,5.25402981649999,0.621348261833191,0.6227386428944703,4
2061,-59.9042714705,-2.4043032105,0.702275931835175,0.6019977168304601,4
2062,-7.00427358650001,5.1790298195,0.71414190530777,0.6384256148193534,4
2063,91.8040557945,24.3290290535,0.559838652610779,0.5813855009907839,4
2064,76.5373897385,11.6040295625,0.712903559207916,0.6211149120577343,4
2065,26.3623917455,58.5373610185,0.530675768852234,0.5056065179622938,5
2066,31.5873915365,58.5373610185,0.58555942773819,0.49105019969595376,5
2067,20.3457253195,54.8706944985,0.596987783908844,0.5131664740451864,5
2068,13.4040589305,53.2040278985,0.50258880853653,0.5201654722328795,5
2069,5.7123925715,52.2956946015,0.538036108016968,0.523495487159216,5
2070,-91.5376035385,47.5123614595,0.472784250974655,0.43499436806608066,5
2071,-93.9376034425,47.4206947965,0.368216156959534,0.45464084342487054,5
2072,-95.6126033755,47.2373614705,0.46325358748436,0.4690800115189232,5
2073,-69.8459377395,47.0373614785,0.579267621040344,0.512700893427794,5
2074,-94.1959367655,46.9040281505,0.429244130849838,0.45956513160668533,5
2075,-76.9542707885,46.1873615125,0.653507888317108,0.5348127500744716,5
2076,-91.4959368735,46.1540281805,0.543073236942291,0.5042065304598976,5
2077,-62.7959380215,46.0040281865,0.448587507009506,0.4802241764440212,5
2078,-88.7626036495,45.6873615325,0.654211521148682,0.4934981684863629,5
2079,-72.7042709585,45.2706948825,0.77267599105835,0.5373467089375641,5
2080,-68.0542711445,44.4456949155,0.489960074424744,0.4728433098814117,5
2081,-71.3459376795,43.7123616115,0.50860196352005,0.508250640900885,5
2082,-7.99594021350001,43.6956949455,0.504763960838318,0.5825105510864408,5
2083,-86.3042704145,43.4623616215,0.550109565258026,0.521427646140906,5
2084,-71.8876043245,43.1706949665,0.453229695558548,0.5228617879716602,5
2085,-77.3542707725,41.3623617055,0.489613831043243,0.5298190443775187,5
2086,-80.9126039635,39.7790284355,0.518944680690765,0.5572532636336159,5
2087,-82.1042705825,38.0706951705,0.536686539649963,0.546684149723773,5
2088,128.1290543415,37.6290285215,0.485235214233398,0.5540744806795641,5
2089,-93.5709367905,35.1956952855,0.530865550041199,0.5589397990370953,5
2090,-88.8292703135,34.6540286405,0.5093994140625,0.5309012464597002,5
2091,-81.9209372565,34.4290286495,0.501377761363983,0.5327524927498224,5
2092,-94.6709367465,34.3623619855,0.519839346408844,0.5593207310009688,5
2093,-94.7626034095,34.2373619905,0.555234730243683,0.5454406604458744,5
2094,-83.4209371965,33.6456953475,0.603124439716339,0.5310032272822774,5
2095,-88.4209369965,32.1706954065,0.594577491283417,0.5319114284499353,5
2096,-85.1876037925,32.0040287465,0.508237957954407,0.5322167275616481,5
2097,-90.7626035695,31.9623620815,0.608085095882416,0.5349884790043502,5
2098,-90.1459369275,31.5040287665,0.502843022346497,0.5255308242858444,5
2099,-90.2542702565,31.4206954365,0.610879719257355,0.526368796565016,5
2100,152.8623866855,-26.5876355765,0.783433556556702,0.7088408197056275,5
2101,16.1290588215,52.7040279185,0.477901041507721,0.5270871472127995,5
2102,-78.7542707165,37.8290285135,0.490671366453171,0.5416913030018421,5
2103,-84.7542704765,36.0956952495,0.560982406139374,0.5392475357477186,5
2104,-80.6709373065,38.4123618235,0.438300460577011,0.53778205502508,5
2105,96.2707222825,27.7956955815,0.298115611076355,0.5605786212434523,5
2106,-79.4626040215,47.7040281185,0.47649347782135,0.45768322466372796,5
2107,12.3123923075,45.1373615545,0.674686253070831,0.5807726993340632,5
2108,23.7123918515,52.6873612525,0.510416924953461,0.4982390656385961,5
2109,2.19572604550001,47.4623614615,0.592163920402527,0.55971334200267,5
2110,27.1207250485,59.3290276535,0.477904856204987,0.4888984078269692,5
2111,9.30405909449999,49.8040280345,0.533933877944946,0.5271616598314885,5
2112,17.0873921165,48.2790280955,0.487532556056976,0.5682568061275194,5
2113,19.8623920055,42.3540283325,0.660195469856262,0.48403120759839846,5
2114,15.4623921815,50.8873613245,0.604810237884521,0.5017476595180018,5
2115,9.37072575849999,47.3123614675,0.420257836580276,0.5346330461153318,5
2116,4.10405930249999,49.8206947005,0.586158215999603,0.604439727930743,5
2117,21.8457252595,48.4623614215,0.590917646884918,0.5722342682782355,5
2118,7.32905917349999,47.4456947955,0.615242898464203,0.5559377558568895,5
2119,1.36239274549999,45.5706948705,0.509788691997528,0.5800643991645371,5
2120,-8.02094021249999,42.6456949875,0.521986842155457,0.5725337751793356,5
2121,30.4623915815,56.8206944205,0.571593344211578,0.5113213343529134,5
2122,12.3123923075,56.0373611185,0.55117279291153,0.5259462909838013,5
2123,11.4957256735,45.4623615415,0.655515670776367,0.6076886597663699,5
2124,30.2123915915,58.1123610355,0.440572261810303,0.5018627118453691,5
2125,-80.4542706485,34.5706953105,0.497225552797318,0.5334924317229437,5
2126,-89.9876036005,33.8290286735,0.552623927593231,0.5407880449506345,5
2127,-71.1626043535,41.5040283665,0.527237594127655,0.5145177684777654,5
2128,-94.7542700765,35.7706952625,0.630260825157166,0.5826427771894329,5
2129,31.8290581935,57.9623610415,0.477901041507721,0.4961205884748724,5
2130,13.9290589095,53.1956945655,0.654015183448792,0.5416166981703532,5
2131,4.53739261850001,51.5206946325,0.529168486595154,0.5222759324770759,5
2132,-79.7792706755,41.9456950155,0.571071922779083,0.556062894842958,5
2133,-72.1792709795,41.4790283675,0.538470089435577,0.5147848895378796,5
2134,-91.2459368835,32.2790287355,0.524284482002258,0.551871412087748,5
2135,-85.2459371235,39.3873617845,0.522479176521301,0.5747114743057834,5
2136,29.4040582905,57.2456944035,0.477929979562759,0.4996131824860484,5
2137,-92.7126034915,47.0456948115,0.399552464485168,0.4550594440694132,5
2138,12.7040589585,53.7040278785,0.492457002401352,0.5491769443434871,5
2139,4.4373926225,49.5623613775,0.604373216629028,0.5765539475545085,5
2140,-88.1376036745,43.1290283015,0.376666665077209,0.5395062745760969,5
2141,-3.64594038749999,47.8123614475,0.60115259885788,0.5536433866687238,5
2142,-91.7876035285,38.0123618395,0.627232849597931,0.574580378297836,5
2143,-85.0042704665,42.8123616475,0.644952178001404,0.5322620167964087,5
2144,12.0790589835,45.6373615345,0.566271483898163,0.5525479367168823,5
2145,-92.2292701775,45.1706948865,0.433279663324356,0.5017349230214174,5
2146,-89.0959369695,44.0123615995,0.497809678316116,0.5244658053639657,5
2147,-82.6126038955,40.0790284235,0.739011168479919,0.5543781247140285,5
2148,12.0040589865,52.1040279425,0.505031049251556,0.5511084117052646,5
2149,-3.82094038049999,42.9623616415,0.685894429683685,0.6049545938811014,5
2150,-86.8792703915,38.9206951365,0.420560121536255,0.572156087054288,5
2151,24.2540584965,58.4123610235,0.562701284885406,0.49352482817305804,5
2152,-83.0292705455,43.6290282815,0.451528251171112,0.5276456112625507,5
2153,-93.2709368025,48.4040280905,0.402411699295044,0.457295394888985,5
2154,11.4123923435,55.6373611345,0.570564925670624,0.5420694177460899,5
2155,19.4040586905,51.2290279775,0.617333173751831,0.5327589014383537,5
2156,6.80405919449998,49.9040280305,0.551800310611725,0.5764547200777422,5
2157,11.6123923355,55.8206944605,0.638009488582611,0.5584870409773762,5
2158,-75.7709375025,39.5790284435,0.537778615951538,0.5279415625137903,5
2159,-83.8876038445,44.2706949225,0.490357309579849,0.5110221026505395,5
2160,126.5957210695,37.6373618545,0.67430168390274,0.5419714410976946,5
2161,15.0457255315,49.4040280505,0.468427538871765,0.48663952531147053,5
2162,-89.2542702965,37.1540285405,0.479070037603378,0.5691195731516122,5
2163,22.0623919175,48.4873614205,0.668578088283539,0.5735000543778982,5
2164,12.0040589865,52.6040279225,0.489477097988129,0.5355027523883799,5
2165,-88.0792703435,42.5123616595,0.555127739906311,0.5432122355295839,5
2166,-77.3209374405,37.6373618545,0.462066680192947,0.5355305976827743,5
2167,20.5873919765,54.5790278435,0.687956154346466,0.5244146237967452,5
2168,9.41239242349999,56.6040277625,0.537505984306335,0.5290119617436784,5
2169,-77.5876040965,42.9206949765,0.446194231510162,0.5577920431826678,5
2170,2.49572603350001,50.0123613595,0.60102516412735,0.6006872216447323,5
2171,0.412392783499996,44.7123615715,0.617012917995453,0.6056254977475061,5
2172,-75.8792708315,45.4290282095,0.37590691447258,0.48189553922984174,5
2173,12.9040589505,54.1040278625,0.535685837268829,0.5301877220397153,5
2174,-91.1626035535,43.6790282795,0.414308458566666,0.5600950224859466,5
2175,3.51239265949999,48.3206947605,0.66475921869278,0.621226132655065,5
2176,-88.6792703195,44.6623615735,0.416296899318695,0.5287704074932874,5
2177,13.6123922555,41.9040283505,0.662310421466827,0.6141287327455469,5
2178,-121.7959356615,54.2040278585,0.43705889582634,0.4323585821125424,5
2179,-117.1876025125,54.0706945305,0.428099125623703,0.426954343490865,5
2180,-115.7959359015,50.2040280185,0.454010665416718,0.42916514724644783,5
2181,-114.0376026385,49.9706946945,0.454778701066971,0.42962751405267996,5
2182,9.01239243949999,46.0206948525,0.639131724834442,0.5545174436182603,5
2183,-123.8626022455,44.6540282405,0.4366774559021,0.5098185622772943,5
2184,-110.9376027625,44.6123615755,0.427060097455978,0.42293527644662254,5
2185,-118.1292691415,44.2623615895,0.615599632263184,0.4434120313065893,5
2186,-109.1459361675,43.9790282675,0.399390697479248,0.4316690629697401,5
2187,-122.4792689675,43.7790282755,0.460155069828033,0.5310108329851432,5
2188,-120.8542690325,40.9873617205,0.402833670377731,0.46106936842639407,5
2189,-124.2376022305,40.5373617385,0.444481432437897,0.5164685999466235,5
2190,-92.4459368355,33.9040286705,0.517991900444031,0.5351854791226894,5
2191,-92.3709368385,32.6206953885,0.496385544538498,0.5269555775368335,5
2192,-81.0542706245,32.4706953945,0.607768535614014,0.5289226895833822,5
2193,-93.8709367785,31.5540287645,0.562717080116272,0.5478758423386715,5
2194,-106.7792695955,35.8623619255,0.440121561288834,0.4595405685768997,5
2195,8.26239246949999,46.2290281775,0.495037913322449,0.5056983421138643,5
2196,11.1540590205,46.8623614855,0.478831470012665,0.4683992379895574,5
2197,19.4957253535,49.5706947105,0.420257836580276,0.45959145455610156,5
2198,-112.7959360215,37.4956951935,0.453425824642181,0.46012528239954714,5
2199,-106.4792696075,37.5790285235,0.525721311569214,0.452163182788026,5
2200,14.8040588745,68.5040272865,0.577142834663391,0.4975836718496212,5
2201,-120.5876023765,44.4706949145,0.440121561288834,0.45258716189211373,5
2202,-77.4209374365,36.7206952245,0.509711802005768,0.5227376436532222,5
2203,5.3040592545,60.7623609295,0.50227278470993,0.4829359095667198,5
2204,-123.7959355815,54.0040278665,0.427938848733902,0.44216030783802074,5
2205,9.85405907250001,45.8790281915,0.440968573093414,0.5397395876751371,5
2206,-75.7126041715,38.9373618025,0.540253221988678,0.5281762757253932,5
2207,-84.7459371435,30.9290287895,0.607791364192963,0.5295311414357081,5
2208,13.9790589075,64.0373607985,0.456436187028885,0.47948163664422516,5
2209,29.1873916325,62.5040275265,0.535688400268555,0.4833078596703971,5
2210,-149.7126012115,61.2123609115,0.464075237512589,0.47531763924004145,5
2211,10.1707257265,59.4123609835,0.441979050636292,0.4932122477725055,5
2212,-112.9959360135,55.6040278025,0.411706477403641,0.4151626757774329,5
2213,-100.5959365095,52.8040279145,0.461014062166214,0.43600344197462787,5
2214,-96.2959366815,51.0873613165,0.394912272691727,0.4341449922935502,5
2215,-90.9959368935,49.6040280425,0.419999986886978,0.44284820609457437,5
2216,-73.2042709385,49.5956947095,0.463685423135757,0.45462104317361807,5
2217,-70.0626043975,48.0540281045,0.528118968009949,0.4864981479305556,5
2218,-89.5959369495,49.4040280505,0.458860605955124,0.4331136246291701,5
2219,-90.9959368935,50.4040280105,0.464058756828308,0.44536872529991556,5
2220,-71.5709376705,48.4623614215,0.455048173666,0.46419376059252565,5
2221,-97.3959366375,51.6040279625,0.465727716684341,0.438308173899737,5
2222,31.0123915595,57.6790277195,0.567280173301697,0.5120850690710407,5
2223,11.6207256685,-0.2209699645,0.610167264938354,0.6260416148037663,5
2224,150.9290534295,-28.6709688265,0.602018296718597,0.6615628191668904,5
2225,145.4790536475,-17.6126359355,0.771961212158203,0.6689435351540928,5
2226,-92.3626035055,30.4373621425,0.640395045280457,0.5399913669531781,5
2227,-107.0709362505,53.8456945395,0.418058544397354,0.42479171204578076,5
2228,-105.3959363175,46.5873614965,0.459031015634537,0.47201962487589977,5
2229,-97.4042699705,31.5040287665,0.519426226615906,0.6746022730261905,5
2230,-71.3126043475,-46.0293014655,0.515652656555176,0.5017836907960441,5
2231,-103.6126030555,32.8040287145,0.724089205265045,0.6876458509197504,5
2232,-102.4459364355,35.5706952705,0.724089205265045,0.6511446656313823,5
2233,-120.1876023925,48.5706947505,0.374379515647888,0.4611348156700052,5
2234,-100.9126031635,45.6540282005,0.415306985378265,0.48611494113147224,5
2235,-96.7459366635,33.7623620095,0.53022301197052,0.6128915102322832,5
2236,-111.1292694215,47.8873614445,0.408729016780853,0.46426464195346456,5
2237,-101.7959364615,44.5456949115,0.44809365272522,0.4799151408431653,5
2238,-96.4709366745,37.3873618645,0.486804872751236,0.5706356960265889,5
2239,-100.9376031625,33.8373620065,0.509645760059357,0.6696787630397383,5
2240,-108.0292695455,47.1373614745,0.453846752643585,0.4631265938673942,5
2241,-111.5959360695,47.0456948115,0.458438009023666,0.43637498300788224,5
2242,-101.7209364645,31.8456954195,0.724089205265045,0.6879602632193463,5
2243,-99.3876032245,41.7290283575,0.499244660139084,0.5034621896163158,5
2244,-103.4126030635,47.5540281245,0.50159877538681,0.47730147703524045,5
2245,-100.7376031705,30.3956954775,0.634501457214355,0.6508723179038378,5
2246,-101.2376031505,47.2540281365,0.427998095750809,0.48941325948168624,5
2247,-98.3959365975,40.0290284255,0.581285715103149,0.51217162444106,5
2248,-97.8626032855,37.9873618405,0.617380201816559,0.4866895995977387,5
2249,-104.5209363525,39.1790284595,0.440121561288834,0.47785950115027276,5
2250,-100.4959365135,48.9373614025,0.52453202009201,0.43382121597622514,5
2251,-103.1792697395,45.4790282075,0.440121561288834,0.4646668919115324,5
2252,-96.1876033525,34.6706953065,0.637910187244415,0.5878969954041428,5
2253,117.0457214515,42.9956949735,0.414797693490982,0.45935102054901483,5
2254,-92.7959368215,40.2623617495,0.565458834171295,0.5684586508786516,5
2255,-100.0876031965,45.4206948765,0.522298097610474,0.5074871308146085,5
2256,-97.4876033005,44.3706949185,0.408438384532928,0.5113900215848782,5
2257,-96.3709366785,45.2123615515,0.470854640007019,0.524547936348886,5
2258,-89.0876036365,38.7373618105,0.523896872997284,0.5625329395013687,5
2259,-94.5792700835,38.5290284855,0.69702422618866,0.5718004171288615,5
2260,-114.5959359495,52.4040279305,0.40554866194725,0.4355566313868522,5
2261,-95.1792700595,39.8873617645,0.415081739425659,0.572571284672346,5
2262,-98.8126032475,47.8123614475,0.443469792604446,0.4739724930031623,5
2263,-98.4209365965,47.1040281425,0.512254059314728,0.5054497105227967,5
2264,-90.1459369275,39.6956951055,0.567085564136505,0.5603502029988612,5
2265,-95.3376033865,39.8290284335,0.588628470897675,0.5376548862692057,5
2266,-99.4876032205,37.2790285355,0.408231526613235,0.49468974521421283,5
2267,-97.0709366505,35.7373619305,0.613885045051575,0.6003054060224847,5
2268,-93.8376034465,38.9290284695,0.664537489414215,0.5636036583025911,5
2269,-95.4876033805,44.0040282665,0.487597197294235,0.5230130815373137,5
2270,-95.2542700565,42.6206949885,0.528819799423218,0.5334227334106982,5
2271,-95.8376033665,45.1373615545,0.558762192726135,0.5170130847458202,5
2272,-102.2042697785,48.6956947455,0.576350271701813,0.4770393506150405,5
2273,-98.0126032795,42.2623616695,0.542742431163788,0.5165390220923336,5
2274,31.7540581965,-28.1876355125,0.753234148025513,0.6552409332092737,5
2275,15.9457254955,67.1623606735,0.568073451519012,0.5141292402039892,5
2276,7.4707258345,61.2123609115,0.544402658939362,0.4842127058199382,5
2277,-149.0209345725,60.4040276105,0.449999988079071,0.4550368866392662,5
2278,21.4623919415,69.5040272465,0.591212034225464,0.5284308252338606,5
2279,14.2290588975,65.8456940595,0.591212034225464,0.49046483708520267,5
2280,9.47905908749999,62.9373608425,0.591212034225464,0.49799348876755545,5
2281,7.50405916649999,59.7123609715,0.591212034225464,0.4747223195642902,5
2282,10.7540590365,62.4540275285,0.591212034225464,0.49516726145662143,5
2283,2.3290593735,41.8456950195,0.691408455371857,0.6137877340329335,5
2284,-1.27927381550001,39.0456951315,0.672045469284058,0.6058032650366657,5
2285,-1.51260713950001,38.7456951435,0.606798827648163,0.6038769328791237,5
2286,-119.6459357475,37.1623618735,0.702787578105927,0.657682636468513,5
2287,-4.17094036649999,40.6373617345,0.477901041507721,0.48149357970246326,5
2288,-2.96260708150001,37.0540285445,0.477901041507721,0.511672049469212,5
2289,-4.8626070055,39.1956951255,0.50644713640213,0.6033915171367777,5
2290,-5.57927364349999,36.1623619135,0.773311674594879,0.6504427653886794,5
2291,-120.6042690425,35.2790286155,0.653066635131836,0.6522846034374686,5
2292,-16.2876065485,28.5373622185,0.626331388950348,0.6277729380096727,5
2293,35.9623913615,35.8206952605,0.511049747467041,0.6349671266632073,5
2294,-5.94594029550001,40.3706950785,0.771317541599274,0.6008483811340579,5
2295,-9.21260683150001,38.9040284705,0.589377403259277,0.6525870321037756,5
2296,-118.8792691115,35.9540285885,0.75,0.655650195308706,5
2297,-15.6209399085,28.0540289045,0.631193459033966,0.6157797981716001,5
2298,-7.00427358650001,41.3873617045,0.778053820133209,0.6192168152433768,5
2299,0.020726132499988,38.6623618135,0.572517931461334,0.6327949273346619,5
2300,-5.64594030750001,39.3623617855,0.771317541599274,0.6131507324834148,5
2301,12.7457256235,42.4623616615,0.697572886943817,0.6206504085064857,5
2302,-4.0959403695,40.4123617435,0.62074601650238,0.6180532953297793,5
2303,-5.9626069615,40.5790284035,0.771317541599274,0.5803399589077735,5
2304,-2.50427376650001,39.3956951175,0.586789786815643,0.6149558080441561,5
2305,-0.345940519500004,41.0206950525,0.606798827648163,0.6109170971712841,5
2306,17.0707254505,39.1456951275,0.703000009059906,0.6351745396186556,5
2307,-118.2209358045,39.5540284445,0.48439833521843,0.5127288808601264,5
2308,-109.6042694825,39.3873617845,0.461052864789963,0.5038585518306565,5
2309,-114.9709359345,39.3290284535,0.49984735250473,0.5083884150058202,5
2310,-107.1876029125,35.0873619565,0.57064163684845,0.5419496814937222,5
2311,-106.61260293550001,33.2456953635,0.569185674190521,0.5614777972187049,5
2312,-108.5042695265,32.5040287265,0.616525709629059,0.59983521632278,5
2313,-111.4209360765,32.0123620795,0.786611199378967,0.6763526847886433,5
2314,-111.2626027495,31.4540287685,0.767311871051788,0.6536035196526565,5
2315,-109.2126028315,31.4456954355,0.602500021457672,0.6578088871968776,5
2316,-98.3876032645,27.8540289125,0.772573053836823,0.7037568682914733,5
2317,-108.4626028615,43.4623616215,0.509938538074493,0.48211734923345095,5
2318,-114.7376026105,35.2706952825,0.509938538074493,0.6101217055860864,5
2319,-114.7459359435,35.2373619505,0.509938538074493,0.6130134899486409,5
2320,-104.0542697045,32.0873620765,0.724089205265045,0.6807685081144224,5
2321,-109.2209361645,38.1040285025,0.509938538074493,0.5155373333970757,5
2322,-109.5126028195,35.6373619345,0.567243158817291,0.5396062745325998,5
2323,-109.2792694955,36.5790285635,0.565569937229156,0.5201359844707393,5
2324,-114.6126026155,33.0290287055,0.478975892066956,0.6643700045266328,5
2325,-99.1876032325,28.7290288775,0.724089205265045,0.7058856762318312,5
2326,-116.0792692235,39.5290284455,0.492010354995728,0.5116806985715916,5
2327,-99.4042698905,28.7456955435,0.724089205265045,0.7073956190119585,5
2328,-112.9209360165,32.8956953775,0.786611199378967,0.6640165382333041,5
2329,-89.7459369435,15.0040294265,0.711191534996033,0.6171010817802537,5
2330,-59.9376048025,-0.670969946500009,0.668049454689026,0.6026525964792151,5
2331,-69.0959377695,-11.9959694935,0.580099642276764,0.5865436574023977,5
2332,-51.4792718075,-26.6376355745,0.542491018772125,0.5669041944307015,5
2333,-50.0376051985,-26.8209689005,0.549819529056549,0.5726884246617231,5
2334,-49.1376052345,-26.3709689185,0.555890798568726,0.5727343913738668,5
2335,35.8623913655,7.15402974049999,0.528821229934692,0.5755486837945843,5
2336,-93.7959367815,49.6040280425,0.434806644916534,0.439995842708445,5
2337,-95.9876033605,49.5373613785,0.420213520526886,0.4368449466310112,5
2338,-90.4709369145,48.0706947705,0.350368708372116,0.43481536784251296,5
2339,-73.4792709275,48.0540281045,0.480973780155182,0.45355581657949734,5
2340,-76.5126041395,47.8790281115,0.444311738014221,0.455757704170863,5
2341,-78.9876040405,46.7456948235,0.407402187585831,0.5158961896247516,5
2342,-86.3959370775,46.5373614985,0.543374359607697,0.46507714823925156,5
2343,-73.7209375845,46.4040281705,0.607172429561615,0.506451823634467,5
2344,-77.2792707755,46.1373615145,0.724014282226562,0.5348137240518076,5
2345,-72.9042709505,44.3040282545,0.758569478988647,0.5561504044973073,5
2346,-68.5542711245,44.2540282565,0.57621043920517,0.488800137587638,5
2347,129.1707209665,36.0290285855,0.532055735588074,0.5519701624139313,5
2348,152.0873867165,-29.3293021335,0.730079472064972,0.642828050000303,5
2349,151.7790533955,-31.3709687185,0.621371984481812,0.6470330056428474,5
2350,151.5790534035,-31.8543020325,0.710184812545776,0.6475107887912105,5
2351,175.7790524355,-38.6793017595,0.628251254558563,0.6127398718178979,5
2352,-71.6876043325,-40.0876350365,0.564669072628021,0.5129098660254181,5
2353,170.7707193025,-43.0126349195,0.686267197132111,0.5550621516073185,5
2354,167.3540527725,-46.2126347915,0.606366872787476,0.6136408855627214,5
2355,167.7873860885,-46.8126347675,0.727408409118652,0.6082511246287374,5
2356,-72.2042709785,-47.7793013955,0.515999972820282,0.47796825842648194,5
2357,126.6457210675,35.1123619555,0.508116960525513,0.546454537624459,5
2358,-93.0626034775,48.5373614185,0.458860605955124,0.44096006779519104,5
2359,-74.1376042345,44.6290282415,0.578965485095978,0.5351554509815435,5
2360,-76.2376041505,43.8456949395,0.507102012634277,0.5165043058809061,5
2361,126.7790543955,35.6206952685,0.495803654193878,0.5304906727118298,5
2362,8.80405911450001,55.1790278195,0.632700383663177,0.5194785638710683,5
2363,-146.4209346765,60.9873609205,0.445363610982895,0.4811084110911687,5
2364,-144.4042680905,60.2873609485,0.450717598199844,0.4429061274514182,5
2365,-135.6959351055,58.1956943655,0.419163703918457,0.4343633680297899,5
2366,-133.2209352045,56.0956944495,0.431694269180298,0.4514299225758638,5
2367,-125.1959355255,55.8040277945,0.425435900688171,0.41846999753884473,5
2368,-120.7959357015,54.6040278425,0.410111546516418,0.43916516091782004,5
2369,-119.9959357335,52.8040279145,0.476936250925064,0.4364196533980794,5
2370,-127.5959354295,52.0040279465,0.428543865680695,0.4692836312176675,5
2371,-118.9959357735,51.4040279705,0.384245455265045,0.43659381475646636,5
2372,22.3373919065,49.0123613995,0.660357773303986,0.5584636674165693,5
2373,-116.5876025365,48.9873614005,0.432778149843216,0.4756010602920103,5
2374,-121.7959356615,42.6706949865,0.434706598520279,0.4464003256682385,5
2375,-108.5292695255,33.3706953585,0.497918844223022,0.46773152475030233,5
2376,-107.9542695485,33.2706953625,0.462780386209488,0.4988783126020553,5
2377,23.8957251775,48.6123614155,0.420257836580276,0.4534766292955886,5
2378,-95.7209367045,30.5290288055,0.503714799880981,0.5621852476686349,5
2379,-74.4376042225,39.9956950935,0.486666679382324,0.5200477072850562,5
2380,146.5873869365,65.2790274155,0.434886485338211,0.4413638168612938,5
2381,145.0707203305,63.8040274745,0.451738327741623,0.4516490540837083,5
2382,145.5040536465,62.9623608415,0.422177463769913,0.44642990635290125,5
2383,31.5040582065,62.7123608515,0.447541564702988,0.4845034129329947,5
2384,33.3707247985,62.6790275195,0.457262486219406,0.484943665337254,5
2385,31.4540582085,61.8456942195,0.470051258802414,0.4876077801967655,5
2386,149.5123868195,61.6206942285,0.460315227508545,0.4445750890657603,5
2387,12.8540589525,61.3540275725,0.463888108730316,0.4715302341273801,5
2388,32.6207248285,61.2540275765,0.509581863880157,0.47981633689972736,5
2389,-123.1959356055,60.8040275945,0.396076649427414,0.4413636336313857,5
2390,-119.1959357655,60.8040275945,0.49494257569313,0.4459141762109336,5
2391,-150.7542678365,60.7206942645,0.423994868993759,0.46066941725111177,5
2392,34.2540580965,60.2040276185,0.504155039787292,0.48446894848369715,5
2393,-125.7959355015,60.0040276265,0.508293449878693,0.449586093106399,5
2394,-123.9959355735,60.0040276265,0.423625260591507,0.44827662740503443,5
2395,-117.1959358455,60.0040276265,0.377963781356812,0.4346516638830924,5
2396,-129.9959353335,59.8040276345,0.418647617101669,0.4414417478470466,5
2397,-128.9959353735,59.6040276425,0.446243911981583,0.43814630655742987,5
2398,-121.5959356695,59.0040276665,0.473498582839966,0.4406650707192849,5
2399,-117.3709358385,58.6790276795,0.430976659059525,0.4464666136961843,5
2400,-129.5959353495,58.6040276825,0.351859778165817,0.44041582634257975,5
2401,-131.9959352535,58.2040276985,0.34064906835556,0.4400913044920672,5
2402,-114.7959359415,58.2040276985,0.399531304836273,0.4303944652842885,5
2403,-111.9959360535,56.8040277545,0.461745321750641,0.41943939204685865,5
2404,-115.2459359235,56.5206944325,0.412794858217239,0.4173349901751703,5
2405,-112.5042693665,55.7206944645,0.498513728380203,0.4184169375948885,5
2406,-95.7959367015,55.0040278265,0.434069216251373,0.44687979836296765,5
2407,-106.4126029435,54.6040278425,0.416499316692352,0.4303244163710664,5
2408,-101.5126031395,54.2790278555,0.421063214540482,0.4294019247472875,5
2409,-67.4626045015,52.5540279245,0.457294285297394,0.45634196451948156,5
2410,-91.9959368535,52.2040279385,0.454361647367477,0.45267645257306727,5
2411,-65.0626045975,51.7290279575,0.453760236501694,0.4563680596694065,5
2412,-72.6209376285,51.7123612915,0.458422154188156,0.4557200757163958,5
2413,-67.3792711715,51.6123612955,0.464653640985489,0.45618838926262517,5
2414,-59.0959381695,51.2123613115,0.455598056316376,0.45380302193809685,5
2415,-96.2376033505,50.8040279945,0.395160228013992,0.4322004408032806,5
2416,-56.3959382775,50.6040280025,0.454587250947952,0.45095566652797026,5
2417,-69.9876044005,50.5540280045,0.452161550521851,0.4556255911772232,5
2418,-64.3876046245,50.4706946745,0.453920692205429,0.44979003982244714,5
2419,-63.3626046655,49.7040280385,0.442049235105515,0.4486685002027451,5
2420,-81.7959372615,49.4040280505,0.407303005456924,0.44741474712782936,5
2421,-75.5709375105,48.7873614085,0.437756150960922,0.4542163629831532,5
2422,-66.7792711955,48.4040280905,0.461351901292801,0.4816185415912226,5
2423,-54.1959383655,48.4040280905,0.458332657814026,0.497701118148754,5
2424,-85.9959370935,48.2040280985,0.492385625839233,0.45741162948510133,5
2425,30.2873915885,67.6123606555,0.477901041507721,0.49319538175864225,5
2426,30.2457249235,60.8206942605,0.477901041507721,0.47899149682251047,5
2427,-103.3459363995,54.8123611675,0.392515927553177,0.4309302880504492,5
2428,-124.9959355335,64.4040274505,0.458860605955124,0.44628426584528297,5
2429,-94.9959367335,55.6040278025,0.458860605955124,0.44858838841568277,5
2430,-63.9542713085,52.1706946065,0.458860605955124,0.45431195900996957,5
2431,-153.7876010485,57.4873610605,0.372815877199173,0.4428094576502745,5
2432,33.2790581355,61.8206942205,0.477901041507721,0.4900216959498467,5
2433,28.4790583275,60.6956942655,0.420257836580276,0.48037017770492396,5
2434,147.0457202515,-24.8959689775,0.634865581989288,0.6449107511599067,5
2435,-92.5042701665,30.4706954745,0.493060380220413,0.5348332506932467,5
2436,148.0373868785,-25.1126356355,0.647540330886841,0.6560866845000056,5
2437,-116.7959358615,56.2040277785,0.419999986886978,0.41808737063309703,5
2438,-81.2292706175,26.2123623115,0.396172493696213,0.51027738006479,5
2439,172.3373859065,-42.7459682635,0.653801381587982,0.49941133553926975,5
2440,172.4373859025,-42.7459682635,0.720174729824066,0.5861393566416194,5
2441,171.4373859425,-43.5293015655,0.64666211605072,0.5764216064716204,5
2442,100.2540554565,38.5290284855,0.410287916660309,0.4400306663952169,5
2443,35.8040580345,7.53736305849999,0.476821094751358,0.5905723718986539,5
2444,148.8623868455,65.4290274095,0.497537046670914,0.4541722235159657,5
2445,149.6540534805,62.9540275085,0.424872219562531,0.44976958388480837,5
2446,145.5373869785,61.8623608855,0.433151751756668,0.44190504384447993,5
2447,-149.0709345705,60.7123609315,0.449999988079071,0.45189994098075803,5
2448,-135.8459350995,59.6540276405,0.441208273172379,0.45606686769487814,5
2449,8.14572580749999,59.5456943115,0.470958113670349,0.46611474499439554,5
2450,-135.4209351165,59.4623609815,0.448860675096512,0.4746404488443079,5
2451,-133.7709351825,58.5290276855,0.393109947443008,0.45410588750227376,5
2452,22.2707252425,69.1790272595,0.591212034225464,0.5317185226528315,5
2453,19.9707253345,68.4040272905,0.591212034225464,0.5307652151343876,5
2454,8.24572580349999,62.2123608715,0.591212034225464,0.47219662723378913,5
2455,-130.3959353175,65.2040274185,0.458860605955124,0.45631851992461603,5
2456,0.087392796500012,40.0956950895,0.606798827648163,0.6382301547781538,5
2457,13.2707256025,42.9956949735,0.659012079238892,0.6074662986362009,5
2458,-0.904273830499989,37.9123618435,0.606798827648163,0.6358868421768099,5
2459,-107.2042695785,39.3206951205,0.591238856315613,0.49278308812472715,5
2460,-115.9376025625,36.4123619035,0.488920271396637,0.5150459695963964,5
2461,-117.1459358475,36.2290285775,0.503667831420898,0.5120045406157739,5
2462,-115.1792692595,35.5956952695,0.504042327404022,0.5378703223728893,5
2463,-116.1792692195,33.3623620255,0.563463926315308,0.5947173709772522,5
2464,138.4123872635,-23.8209690205,0.774933338165283,0.6981972741894417,5
2465,-103.5542697245,29.8790288315,0.724089205265045,0.6911647979819361,5
2466,-109.8876028045,39.1706951265,0.520854949951172,0.5138663217505856,5
2467,-69.1959377655,-12.6959694655,0.576828360557556,0.5879921552165748,5
2468,-49.8626052055,-29.0709688105,0.532900631427765,0.5868569458389414,5
2469,107.8040551545,15.4790294075,0.457556366920471,0.5713995435997007,6
2470,108.0373884785,15.3373627465,0.559336125850677,0.5899055221130878,6
2471,177.5373856985,-17.6709692665,0.47052389383316,0.584317013547334,6
2472,29.6707249465,58.5456943515,0.456219911575317,0.48614810671780945,6
2473,34.8623914055,58.3123610275,0.596980154514313,0.4829438534245006,6
2474,27.7873916885,57.8540277125,0.496948450803757,0.49557845404602463,6
2475,32.0790581835,57.5206943925,0.580043315887451,0.48855698209013537,6
2476,7.3040591745,50.1040280225,0.581965804100037,0.5646600927409078,6
2477,7.55405916449999,48.9290280695,0.646777808666229,0.5556741277207603,6
2478,-73.1959376055,47.5040281265,0.456943929195404,0.48497746417063625,6
2479,-94.5459367515,47.2123614715,0.473818570375443,0.48998198711111196,6
2480,6.57905920350001,47.1873614725,0.467147201299667,0.5538151926497701,6
2481,-71.6792709995,45.6373615345,0.749604940414429,0.5321560487496644,6
2482,-69.3126044275,45.6123615355,0.534942150115967,0.5141466260446358,6
2483,-1.15427382050001,44.9206948965,0.511635422706604,0.5742030877865968,6
2484,-123.4376022625,44.5623615775,0.434940159320831,0.5056165049563645,6
2485,-73.4126042635,44.4706949145,0.539199352264404,0.5401449337960158,6
2486,-70.8709376985,44.4040282505,0.440854489803314,0.4791651970557388,6
2487,-71.4459376755,44.2956949215,0.498910993337631,0.550705412851128,6
2488,-75.3376041865,44.2790282555,0.462158292531967,0.5199417918780926,6
2489,128.1290543415,42.3456949995,0.465273439884186,0.46853728671975353,6
2490,-73.8709375785,42.3123616675,0.614244401454926,0.5297732034925132,6
2491,-78.4792707275,41.9873616805,0.686302661895752,0.57044606809773,6
2492,-72.3292709735,41.9706950145,0.492475301027298,0.520809847241976,6
2493,-79.7792706755,41.2540283765,0.544904291629791,0.5428767879469243,6
2494,-78.1459374075,40.8956950575,0.557564675807953,0.5362949237391675,6
2495,-81.7459372635,39.1373617945,0.446973294019699,0.5324240761003786,6
2496,-80.5959373095,39.0540284645,0.571588456630707,0.5391005830384673,6
2497,128.0457210115,37.9540285085,0.624341607093811,0.5510096915855961,6
2498,-93.3876034645,36.8040285545,0.646275520324707,0.5984830473120718,6
2499,-93.9459367755,35.9290285895,0.563187837600708,0.5818885199287374,6
2500,-85.2626037895,35.9040285905,0.510616481304169,0.5372897660834746,6
2501,-84.7209371445,34.7373619705,0.550605833530426,0.5317620231811712,6
2502,126.5290544055,33.2873620285,0.680756807327271,0.5543663000054966,6
2503,-87.6459370275,32.8290287135,0.498562067747116,0.5328117538215965,6
2504,118.1207214085,29.2456955235,0.536639451980591,0.5425696969288961,6
2505,151.2290534175,-33.1209686485,0.706514775753021,0.6895506160759428,6
2506,18.5207253925,53.5456945515,0.477901041507721,0.501245511214122,6
2507,-0.870940498500005,44.5873615765,0.50644713640213,0.5424401493444833,6
2508,-90.1876035925,45.6790281995,0.445336163043976,0.5019523394490832,6
2509,-3.43760706250001,42.8040283145,0.529274940490723,0.6094569743656022,6
2510,6.32072588049999,45.5373615385,0.642121970653534,0.5851369126851299,6
2511,-84.3126038275,33.1456953675,0.486742585897446,0.5419442837656573,6
2512,-85.9709370945,42.5373616585,0.532772123813629,0.5188037103551479,6
2513,-78.0626040775,38.5290284855,0.488328397274017,0.5539233185138397,6
2514,14.3373922265,50.1040280225,0.599669635295868,0.5490122207902525,6
2515,-0.837607166499993,48.2290280975,0.661602377891541,0.5974410448695672,6
2516,5.21239259149999,53.3706945585,0.547754883766174,0.5499719282527998,6
2517,5.27072592249999,51.3206946405,0.525648057460785,0.5276856322229537,6
2518,-94.7959367415,50.0040280265,0.426940828561783,0.4363881879957518,6
2519,4.01239263950001,44.4956949135,0.52603417634964,0.5407371857643527,6
2520,-70.6126043755,43.4040282905,0.543104648590088,0.5127015992589382,6
2521,28.3873916645,56.3790277715,0.513695955276489,0.5113636301608924,6
2522,-81.2459372835,35.5040286065,0.497270792722702,0.5374956122420299,6
2523,27.1040583825,59.3290276535,0.47811222076416,0.48622810270992567,6
2524,-78.4959373935,36.9206952165,0.56688004732132,0.533098491957382,6
2525,6.45405920849998,52.4873612605,0.461212456226349,0.5212823510290748,6
2526,-71.9959376535,-47.3959680775,0.515652656555176,0.47656024264172164,6
2527,18.0040587465,48.2790280955,0.602683901786804,0.5636488766152868,6
2528,-91.1959368855,45.4456948755,0.416666656732559,0.5027252657668692,6
2529,19.9540586685,48.5123614195,0.44116747379303,0.5845456081534101,6
2530,-72.5876042965,45.6040282025,0.441237270832062,0.5265342642711983,6
2531,-72.0042709865,-51.5626345775,0.515652656555176,0.49463221989888423,6
2532,13.7040589185,48.7040280785,0.546029806137085,0.5219245081566389,6
2533,-87.3959370375,32.4706953945,0.583256542682648,0.5405214693427786,6
2534,-88.9376036425,34.3540286525,0.540776371955872,0.5445149262461194,6
2535,-78.8292707135,39.5873617765,0.631231188774109,0.5632184550047508,6
2536,-80.7959373015,44.4040282505,0.392958283424377,0.4964436913628792,6
2537,17.8373920865,48.4540280885,0.74602884054184,0.5871340474813598,6
2538,-0.720940504499993,43.4040282905,0.703000009059906,0.576918880214766,6
2539,8.80405911450001,49.8040280345,0.557276725769043,0.557178837413302,6
2540,10.3040590545,53.8040278745,0.512725472450256,0.5468409366343766,6
2541,14.7873922085,50.7706946625,0.531037390232086,0.5248917925525632,6
2542,9.70405907849999,51.5040279665,0.480282813310623,0.5456655186420621,6
2543,16.8623921255,50.7040279985,0.467147201299667,0.5606542342541342,6
2544,-0.629273841500009,46.6706948265,0.659968912601471,0.5942945634063178,6
2545,-79.3542706925,47.1623614735,0.430130302906036,0.4589311778596655,6
2546,11.5040590065,53.4040278905,0.475464254617691,0.5284131395180263,6
2547,11.8040589945,52.6040279225,0.51095175743103,0.544707324327299,6
2548,-88.8876036445,37.9706951745,0.617384374141693,0.5579316950225454,6
2549,-83.5042705265,40.5956950695,0.476000010967255,0.5627122309557118,6
2550,1.35405941249999,46.9040281505,0.597812533378601,0.606495900636485,6
2551,-1.37094047849999,46.4873615005,0.598239898681641,0.5811016693891136,6
2552,0.412392783499996,46.0790281835,0.700354695320129,0.6145195507198875,6
2553,13.4040589305,51.3040279745,0.580457091331482,0.5450479820078774,6
2554,-76.8459374595,42.6290283215,0.667112648487091,0.5322598405392769,6
2555,18.4873920605,49.6873613725,0.569092512130737,0.5474833657894381,6
2556,-84.8959371375,43.8123616075,0.683171391487122,0.5136456454312518,6
2557,-76.8042707945,39.8540284325,0.499952882528305,0.5516593710211598,6
2558,12.5040589665,51.0040279865,0.585532486438751,0.552251508983418,6
2559,10.0040590665,48.3040280945,0.435541063547134,0.5247321877591916,6
2560,10.4040590505,51.3040279745,0.646514654159546,0.530862603750733,6
2561,8.80405911450001,47.7040281185,0.600022375583649,0.556920321527198,6
2562,-123.1459356075,45.0540282245,0.459646970033646,0.5309845199693541,6
2563,-2.70427375849999,43.1540283005,0.561559796333313,0.5710238095693329,6
2564,-78.0626040775,36.8123618875,0.472199440002441,0.5309374718746965,6
2565,-85.7209371045,34.5290286455,0.562718152999878,0.5431501126995738,6
2566,-95.4959367135,31.8123620875,0.505395650863647,0.606945151861539,6
2567,-7.0709402505,43.5373616185,0.601840138435364,0.6136227167738012,6
2568,-89.1876036325,37.8290285135,0.525389432907104,0.5664743991610895,6
2569,7.11239251550001,49.0373613985,0.529119968414307,0.5998004096220516,6
2570,-3.59594038950002,48.6290280815,0.601542770862579,0.5755580680778216,6
2571,7.8790591515,49.0040280665,0.542957603931427,0.5854392137927872,6
2572,-94.8709367385,48.7706947425,0.38114657998085,0.44050782505758634,6
2573,14.8790588715,53.9123612035,0.488771855831146,0.5415941590267638,6
2574,-83.5792705235,41.7706950225,0.58211213350296,0.5339075839294657,6
2575,12.0040589865,52.4040279305,0.512521743774414,0.5426314782433163,6
2576,-62.7959380215,46.4040281705,0.493421524763107,0.4723649591219884,6
2577,-76.3292708135,45.4956948735,0.432183891534805,0.4771014108977428,6
2578,-74.3959375575,45.1206948885,0.548556685447693,0.5120909817659315,6
2579,-76.2459374835,40.2790284155,0.543651342391968,0.5442906532301698,6
2580,-80.1959373255,44.2040282585,0.307142853736877,0.5101225701403678,6
2581,16.7957254615,52.2290279375,0.516398131847382,0.5497255951060174,6
2582,4.9707259345,46.2956948415,0.639405846595764,0.575620232422868,6
2583,-92.2542701765,37.9456951755,0.555129408836365,0.5855272603531617,6
2584,8.0040591465,51.7040279585,0.609116017818451,0.5716398846929656,6
2585,10.0123923995,45.0456948915,0.450500011444092,0.5577289851845663,6
2586,9.4040590905,49.2040280585,0.607807457447052,0.5629626479758992,6
2587,-121.5959356695,56.6040277625,0.437587112188339,0.42825492141570937,6
2588,-115.8459358995,54.7456945035,0.441345810890198,0.43336211660929075,6
2589,-117.2376025105,54.0456945315,0.435778975486755,0.42920908735556357,6
2590,-124.9959355335,49.4040280505,0.454519629478455,0.49079409882567127,6
2591,-118.6876024525,48.7956947415,0.45969420671463,0.45240539746581526,6
2592,-119.9376024025,48.3456947595,0.447182029485703,0.448679247121952,6
2593,-118.6292691215,48.2040280985,0.458771169185638,0.44570257838245486,6
2594,26.0540584245,47.2956948015,0.491462469100952,0.5524194806762319,6
2595,-120.9959356935,47.1873614725,0.456824272871017,0.4825617114261302,6
2596,-114.5042692865,46.8873614845,0.462641984224319,0.44981173754380566,6
2597,-112.3792693715,46.2706948425,0.45969420671463,0.44223438632452794,6
2598,-122.9959356135,45.6790281995,0.440315723419189,0.5099775413624439,6
2599,24.9707251345,45.6290282015,0.423655480146408,0.46957514648291226,6
2600,-119.0626024375,44.0123615995,0.439087748527527,0.45514932907136757,6
2601,-114.3876026245,43.8623616055,0.406496465206146,0.43075053687969267,6
2602,-70.6376043745,41.3873617045,0.558241665363312,0.5148263213624537,6
2603,-123.8709355785,40.7540283965,0.484509527683258,0.5747878124329597,6
2604,-124.0209355725,40.5623617375,0.482146501541138,0.529972692197517,6
2605,-74.9126042035,39.3873617845,0.541570484638214,0.5205946086392811,6
2606,-108.4209361965,35.2623619495,0.440910637378693,0.47969398475997393,6
2607,-111.1126027555,34.7040286385,0.529734253883362,0.5237333527820799,6
2608,-92.2709368425,32.7206953845,0.494312107563019,0.5321363718722013,6
2609,-105.1042696625,32.6290287215,0.540500998497009,0.5931213000819415,6
2610,-86.0459370915,30.8873621245,0.53087991476059,0.5192093778087153,6
2611,-94.7459367435,30.2540288165,0.540523409843445,0.537184669426613,6
2612,-83.3292705335,29.5790288435,0.517671704292297,0.5225906539060684,6
2613,-82.3626039055,29.3290288535,0.753876745700836,0.5255504549443893,6
2614,-105.0042696665,36.7373618905,0.440121561288834,0.4653289622091325,6
2615,-77.5459374315,35.1790286195,0.495434373617172,0.5227326892337805,6
2616,-76.1459374875,35.4040286105,0.528179049491882,0.5268492667956305,6
2617,-116.1209358885,44.3873615845,0.34064906835556,0.4371475606325881,6
2618,-82.0292705855,29.5623621775,0.626622378826141,0.5254278352298605,6
2619,-107.4292695695,40.8540283925,0.379104346036911,0.43309205557116287,6
2620,-104.7959363415,32.0873620765,0.505893528461456,0.5441912368272818,6
2621,18.8207253805,49.5123613795,0.420257836580276,0.5181411260583721,6
2622,-111.5126027395,41.4290283695,0.392515927553177,0.42857455778505527,6
2623,-114.5542692845,48.5956947495,0.423901677131653,0.4607125446763277,6
2624,-111.1709360865,42.9540283085,0.342238426208496,0.44294359306034664,6
2625,-120.3042690545,42.2040283385,0.454172998666763,0.4599806221075983,6
2626,-107.1792695795,36.6290285615,0.53104555606842,0.513543560300059,6
2627,6.81239252750001,45.6290282015,0.424855977296829,0.5360163051240387,6
2628,17.7623920895,49.3206947205,0.527199387550354,0.5580738831984744,6
2629,-115.3709359185,48.1873614325,0.464702188968658,0.4408679352714533,6
2630,-104.7959363415,44.5123615795,0.452946126461029,0.463265470131002,6
2631,-105.4209363165,42.3706949985,0.44292277097702,0.46800105197140146,6
2632,97.0040555865,28.0956955695,0.532263219356537,0.5481624384045504,6
2633,-114.0376026385,49.9623613615,0.4593865275383,0.4345202942582543,6
2634,-95.0792700635,32.2540287365,0.604023516178131,0.5674433451159413,6
2635,-80.2042706585,33.3623620255,0.493973881006241,0.5350628964754192,6
2636,-80.7626039695,27.4540289285,0.485817641019821,0.5187720986381847,6
2637,-105.7959363015,42.5456949915,0.392515927553177,0.4498062079888077,6
2638,-83.3042705345,31.3123621075,0.503195345401764,0.5336755052358021,6
2639,-87.4709370345,30.5040288065,0.645608067512512,0.5238912974442942,6
2640,-85.7792704355,30.6123621355,0.495600283145905,0.5221110373626471,6
2641,25.3790584515,69.4540272485,0.534927546977997,0.5160677316239881,6
2642,12.1290589815,64.4456941155,0.472030758857727,0.4816829456361818,6
2643,10.5123923795,64.1790274595,0.434749901294708,0.4991610094374328,6
2644,11.7957256615,61.0540275845,0.468632727861404,0.4681699542624217,6
2645,34.0790581035,58.6290276815,0.447980940341949,0.48854660577990194,6
2646,-114.6376026145,55.6456944675,0.414454072713852,0.4230770948921884,6
2647,-107.6209362285,55.1706944865,0.419999986886978,0.42526667723365436,6
2648,-106.0792696235,54.3373611865,0.450050562620163,0.42078246740710057,6
2649,-99.9959365335,51.0040279865,0.479791074991226,0.44326878791701246,6
2650,-90.1959369255,50.6040280025,0.44007197022438,0.4452801297093128,6
2651,-71.0376043585,50.3540280125,0.457566231489182,0.4559158571891154,6
2652,-64.7959379415,48.9206947365,0.455845832824707,0.4620450397764282,6
2653,-81.7959372615,48.8040280745,0.440921694040298,0.4350365817992968,6
2654,-64.3876046245,48.5123614195,0.465063452720642,0.4871578168783493,6
2655,-54.5959383495,48.4040280905,0.45725291967392,0.45316986156561667,6
2656,25.1540584605,69.3456939195,0.477901041507721,0.513192853553553,6
2657,-78.8876040445,48.5873614165,0.392515927553177,0.45337183304549644,6
2658,-97.1792699795,28.7540288765,0.755685031414032,0.662215895976988,6
2659,37.5040579665,-3.3793031715,0.594963788986206,0.6472947732285976,6
2660,-111.5459360715,48.9373614025,0.450814008712769,0.43149503128453215,6
2661,-105.6042696425,46.8040281545,0.46539494395256,0.4705150864253868,6
2662,-111.3209360805,46.2706948425,0.466602772474289,0.4630617593591095,6
2663,-99.0209365725,42.8040283145,0.603672981262207,0.48856201282900824,6
2664,-95.4959367135,34.2040286585,0.604528784751892,0.5805125797651516,6
2665,-98.0876032765,31.9123620835,0.683576762676239,0.6702895913913574,6
2666,144.5790536835,-35.3376352265,0.714345395565033,0.6872618482080735,6
2667,173.4123858635,-42.6043016025,0.586666464805603,0.6437700488296344,6
2668,-111.1292694215,47.9040281105,0.408438384532928,0.462374024599661,6
2669,-108.2126028715,46.5206948325,0.445233523845673,0.45620432703166813,6
2670,-104.5459363515,45.8373615265,0.440121561288834,0.45853694418368174,6
2671,-106.6542696005,45.1873615525,0.459368288516998,0.46196906361073964,6
2672,-106.9376029225,45.7290281975,0.440121561288834,0.45851174841042885,6
2673,-103.1209364085,42.6290283215,0.440121561288834,0.4662252360321859,6
2674,-103.6459363875,37.5373618585,0.57064163684845,0.5377445600620543,6
2675,-104.1959363655,44.7373615705,0.540572464466095,0.45688999426417587,6
2676,-101.5626031375,35.6456952675,0.724089205265045,0.5905868177226028,6
2677,-97.3292699735,39.3623617855,0.628535211086273,0.5176197823211136,6
2678,-105.9959362935,48.0290281055,0.408438384532928,0.46907124764661534,6
2679,-100.1209365285,48.9373614025,0.382837653160095,0.4384703885172541,6
2680,-100.3959365175,37.2623618695,0.643299221992493,0.49310424717874923,6
2681,-102.0209364525,40.0040284265,0.408438384532928,0.48065528325848,6
2682,-102.7459364235,40.8540283925,0.408438384532928,0.4739443209517616,6
2683,-105.0459363315,35.8373619265,0.560724198818207,0.5256370610350981,6
2684,-100.6709365065,45.1373615545,0.511319577693939,0.48372783903481303,6
2685,-101.4626031415,34.8873619645,0.700175702571869,0.6323695417706247,6
2686,-98.7209365845,37.4290285295,0.475330263376236,0.4825781234636914,6
2687,-96.7709366625,38.2623618295,0.554403305053711,0.5474988633310516,6
2688,-95.3126033875,35.8873619245,0.60911762714386,0.5838117659508264,6
2689,-99.0709365705,36.1040285825,0.496604144573212,0.5332390790933216,6
2690,-101.1542698205,34.2790286555,0.651866257190704,0.6320751392452728,6
2691,-102.9959364135,46.8623614855,0.564432263374329,0.4855048209110421,6
2692,-71.7376043305,-51.8209679005,0.515999972820282,0.5360387726146667,6
2693,-93.0542701445,41.4373617025,0.615397036075592,0.5371659792406029,6
2694,-95.4876033805,35.7206952645,0.57463002204895,0.5983235467785613,6
2695,-98.1126032755,51.1790279795,0.419999986886978,0.43837151768858745,6
2696,-89.8626036055,40.5623617375,0.544403910636902,0.5586021048825244,6
2697,-95.2876033885,40.8790283915,0.50773549079895,0.5285662921255282,6
2698,109.9873884005,48.5956947495,0.480852574110031,0.447636370977687,6
2699,-93.5292701255,41.9456950155,0.384132355451584,0.5436797996780649,6
2700,-98.2209366045,35.1956952855,0.652307868003845,0.6167093253470507,6
2701,-98.5876032565,33.9123620035,0.724089205265045,0.6676082853607239,6
2702,-116.9959358535,47.3040281345,0.440121561288834,0.4726986823650269,6
2703,-94.5209367525,38.6623618135,0.568637907505035,0.5995784136757294,6
2704,-94.0709367705,42.4040283305,0.571642935276031,0.5405572539491138,6
2705,170.6540526405,-45.8876348045,0.602143168449402,0.617045424440324,6
2706,-88.5292703255,42.3706949985,0.620560586452484,0.5425157713677481,6
2707,-95.9292700295,47.9873614405,0.364702522754669,0.46242646776202206,6
2708,-94.0792701035,41.4123617035,0.604161620140076,0.5464538725957802,6
2709,-99.7459365435,43.4373616225,0.534308731555939,0.4933645843850784,6
2710,-118.9959357735,56.0040277865,0.398639857769012,0.42782619014548295,6
2711,16.9957254535,68.6706939465,0.517304658889771,0.5297150551173726,6
2712,6.5957258695,62.3706941985,0.495000511407852,0.49651253945260654,6
2713,16.6957254655,68.6456939475,0.477901041507721,0.5087621430817983,6
2714,15.7873921685,67.8373606465,0.591212034225464,0.5139897875720338,6
2715,10.9790590275,62.4873608605,0.591212034225464,0.5068136602620119,6
2716,6.92072585649998,43.5123616195,0.694708228111267,0.616136680800344,6
2717,2.87072601849999,43.4706949545,0.724571883678436,0.6235241975533263,6
2718,9.4040590905,39.3290284535,0.743874490261078,0.6452161383571144,6
2719,-5.52094031249999,36.3123619075,0.781437277793884,0.6343404652296706,6
2720,-121.0042690265,35.7290285975,0.705401241779327,0.6415127276844498,6
2721,-119.2459357635,34.7373619705,0.48439833521843,0.5925480164571336,6
2722,-119.3292690935,34.4206953165,0.666599988937378,0.6599126838311535,6
2723,-6.57094027049999,39.1956951255,0.714345395565033,0.6389265515478942,6
2724,-2.2792737755,38.5290284855,0.50644713640213,0.5904772424180149,6
2725,16.1123921555,40.5540284045,0.63502049446106,0.6351283490530472,6
2726,2.90405935050001,41.7290283575,0.618224859237671,0.637885165774295,6
2727,-1.66260713349999,40.6456950675,0.510491788387299,0.5106950362247041,6
2728,-8.85427351250001,37.1956952055,0.50644713640213,0.6378459957361404,6
2729,6.21239255149999,43.2873616285,0.689183533191681,0.6388317529657817,6
2730,-122.5792689635,38.3290284935,0.512799978256226,0.5802264763420246,6
2731,8.14572580749999,44.5373615785,0.666772127151489,0.599930889578063,6
2732,-6.77094026250001,41.3873617045,0.771317541599274,0.5983202397006536,6
2733,-5.7209403045,41.1623617135,0.630622804164886,0.6141475806256823,6
2734,-118.4209357965,43.4623616215,0.512682497501373,0.4812943181971959,6
2735,-118.4959357935,43.4540282885,0.512682497501373,0.47598945708435525,6
2736,-114.8042692745,40.7706950625,0.509051203727722,0.5105674850899351,6
2737,-109.1626028335,40.5956950695,0.513963520526886,0.4991280343686229,6
2738,-116.6959358655,39.6123617755,0.48439833521843,0.4833847098148707,6
2739,-117.6626024935,37.5373618585,0.505745708942413,0.5121444304146648,6
2740,-106.4126029435,42.6706949865,0.509938538074493,0.48281426759369195,6
2741,-112.5042693665,41.3706950385,0.509938538074493,0.5005432345386664,6
2742,-119.7959357415,40.1290284215,0.509938538074493,0.504666224952972,6
2743,-107.7959362215,34.8623619655,0.57064163684845,0.515808797662001,6
2744,-112.3376027065,38.9373618025,0.509938538074493,0.5108768340898592,6
2745,-115.1126025955,40.7290283975,0.547960937023163,0.4982961417091063,6
2746,-100.0209365325,28.5873622165,0.724089205265045,0.7123429298826703,6
2747,-114.8376026065,39.7290284375,0.497853934764862,0.5069202930766017,6
2748,-98.6876032525,26.3456956395,0.724089205265045,0.7031631812861988,6
2749,-98.4709365945,27.1123622755,0.724089205265045,0.693686701116544,6
2750,-99.4126032235,27.2456956035,0.724089205265045,0.7024105391179096,6
2751,-97.5459366315,25.9873623205,0.509607195854187,0.6954518703427477,6
2752,-104.5209363525,33.7123620115,0.724089205265045,0.6733356164529078,6
2753,-10.7709401025,7.7206963845,0.695442378520966,0.6192875948447412,6
2754,-11.0376067585,7.4540297285,0.739863395690918,0.6217542074666103,6
2755,-52.3959384375,-12.7959694615,0.665852546691895,0.6006381518595889,6
2756,-49.2292718975,-26.4626355815,0.569884061813354,0.5714313548837696,6
2757,95.3373889865,27.8873622445,0.470326244831085,0.5710739358326425,6
2758,-62.6542713605,-15.2876360285,0.458725810050964,0.6473699517880315,6
2759,-66.1292712215,-17.3293026135,0.497124999761581,0.5503194221864911,6
2760,-93.0042701465,48.5373614185,0.416534155607224,0.44429890669196537,6
2761,-72.2542709765,47.8790281115,0.463943660259247,0.4701824394362059,6
2762,-74.3292708935,47.8623614455,0.450482487678528,0.4639493749245533,6
2763,-71.7792709955,47.4040281305,0.427654206752777,0.46809655358819835,6
2764,-68.9876044405,47.3706947985,0.567159235477448,0.5151296601320067,6
2765,-75.9542708285,46.9206948165,0.487080514431,0.5076374857166697,6
2766,12.9623922815,46.2873615085,0.646762609481812,0.5460510788982885,6
2767,-77.1959374455,45.0040282265,0.414700210094452,0.5252777516255487,6
2768,10.4373923825,44.3040282545,0.621907114982605,0.5656469478716267,6
2769,152.1540533805,-29.3376354665,0.650913059711456,0.6737859714129121,6
2770,150.5207201125,-35.2126352315,0.739001035690308,0.6599362917886459,6
2771,148.5623868575,-35.3959685575,0.585533320903778,0.6244170420326228,6
2772,148.1207202085,-35.6543018805,0.585483074188232,0.6191251589571232,6
2773,177.0790523835,-38.8543017525,0.609907448291779,0.5816043368875295,6
2774,167.8707194185,-47.0293014255,0.779892563819885,0.6056091698459757,6
2775,-74.3542708925,48.9456947355,0.458860605955124,0.4556840149254236,6
2776,16.7540587965,52.3040279345,0.550265371799469,0.5359201839280368,6
2777,30.9707248945,55.9456944555,0.491942852735519,0.5192806541331054,6
2778,6.1290592215,51.1873613125,0.660901725292206,0.5256899852149471,6
2779,-65.1959379255,46.4040281705,0.466664254665375,0.49005710106144945,6
2780,-87.1792703795,45.0790282235,0.50631982088089,0.4822220030794692,6
2781,-139.1626016335,59.5040276465,0.390979200601578,0.4353088923561068,6
2782,-151.3959344775,59.2790276555,0.390979200601578,0.4611404285895796,6
2783,-150.9792678275,59.2706943225,0.393776893615723,0.44434542186830184,6
2784,-134.7626018095,58.1873610325,0.432838797569275,0.443871394152063,6
2785,-117.8792691515,57.1373610745,0.410475134849548,0.4220910260358983,6
2786,-132.8042685545,55.3706944785,0.42465940117836,0.44560477060128495,6
2787,-127.7959354215,55.2040278185,0.419240951538086,0.4479558499629604,6
2788,-126.3959354775,54.6040278425,0.405075907707214,0.4279918149471901,6
2789,-118.7209357845,54.5290278455,0.421053647994995,0.4396978443419756,6
2790,-116.2459358835,52.4123612635,0.421353936195374,0.43046021458920536,6
2791,-121.1959356855,52.2040279385,0.420067518949509,0.4167035647308837,6
2792,-116.9959358535,51.4040279705,0.455196112394333,0.4456252720290442,6
2793,-118.9959357735,51.2040279785,0.445608377456665,0.4762040111426466,6
2794,-114.5709359505,50.2873613485,0.427060097455978,0.4194823160308892,6
2795,-126.3959354775,50.0040280265,0.443657517433167,0.48249517889411814,6
2796,-120.5792690435,48.7790280755,0.370709210634232,0.4339121626178142,6
2797,-113.4959359935,47.3373614665,0.441037744283676,0.4170418249122097,6
2798,-107.3459362395,44.6873615725,0.426289945840836,0.42731179122291074,6
2799,-123.6626022535,42.9206949765,0.443568557500839,0.5496948965282463,6
2800,-121.5292690055,40.0373617585,0.414723873138428,0.4584578998061326,6
2801,-104.9792696675,39.1373617945,0.433540105819702,0.42992824556374143,6
2802,-81.6376039345,33.2206953645,0.500899791717529,0.5401016861562832,6
2803,-108.3209362005,33.3706953585,0.440121561288834,0.5048268982069546,6
2804,-139.3792682915,59.4290276495,0.390979200601578,0.4463695011315681,6
2805,-81.9126039235,30.7790287955,0.521654963493347,0.5187467812439951,6
2806,31.0957248895,68.7623606095,0.574841201305389,0.5137057705452898,6
2807,-129.5959353495,68.2040272985,0.420473158359528,0.44615997228179133,6
2808,29.5207249525,68.1873606325,0.483641028404236,0.49867787357294147,6
2809,-130.3959353175,67.6040273225,0.420473158359528,0.4440742952698095,6
2810,34.6957247455,66.9706940145,0.477525919675827,0.4930019067905744,6
2811,-127.5959354295,66.6040273625,0.507142841815948,0.444212268254758,6
2812,32.3790581715,65.8706940585,0.474959969520569,0.48000787316751703,6
2813,33.7873914485,65.8456940595,0.499549627304077,0.47965897213955333,6
2814,33.0207248125,65.2790274155,0.474411576986313,0.49171828004358153,6
2815,149.8790534715,65.1873607525,0.461955159902573,0.4454805341423734,6
2816,30.2623915895,64.7373607705,0.471316456794739,0.48164777095558653,6
2817,34.2957247615,64.6706941065,0.485839694738388,0.4837316514774901,6
2818,30.9040582305,63.8623608055,0.517061591148376,0.48205187491429985,6
2819,-116.9959358535,63.4040274905,0.45331859588623,0.443802295411438,6
2820,32.1290581815,62.7040275185,0.469626575708389,0.48087019498322014,6
2821,30.2707249225,62.6040275225,0.464338660240173,0.48113591315940507,6
2822,-120.5959357095,62.0040275465,0.454334080219269,0.44999201176987325,6
2823,146.9290535895,61.9873608805,0.420473158359528,0.44984194403623423,6
2824,149.2373868305,61.5706942305,0.435215920209885,0.4528772211414133,6
2825,143.2207204045,61.3873609045,0.38450962305069,0.44414917794128733,6
2826,-114.5959359495,60.4040276105,0.422428846359253,0.4471508146179137,6
2827,9.8790590715,60.3790276115,0.452114671468735,0.46584367146302585,6
2828,-119.9959357335,60.2040276185,0.433654129505157,0.44629661204643645,6
2829,34.8290580735,60.0373609585,0.573597848415375,0.47611944775605775,6
2830,31.3623915455,59.8206943005,0.541669487953186,0.49057248980210416,6
2831,-128.1959354055,59.6040276425,0.427060097455978,0.4366838647052898,6
2832,-120.5959357095,59.4040276505,0.397877007722855,0.43734502301378436,6
2833,-122.3959356375,58.8040276745,0.481568187475204,0.4330251687653875,6
2834,-153.6876010525,57.4456943955,0.375630974769592,0.44868001832863774,6
2835,-111.4542694085,57.1206944085,0.419999986886978,0.43251931631984447,6
2836,-114.4542692885,56.7956944215,0.393119543790817,0.4285212853413629,6
2837,-115.3376025865,56.1123611155,0.393404871225357,0.41575152975466456,6
2838,-106.0459362915,55.5290278055,0.43689626455307,0.43760046276549475,6
2839,-98.4542699285,54.8623611655,0.426026523113251,0.4354206662675392,6
2840,-103.3459363995,54.7290278375,0.434934884309769,0.43237887200774505,6
2841,-109.5959361495,54.6040278425,0.397323906421661,0.41947903509169243,6
2842,-68.5959377895,52.5456945915,0.46537971496582,0.4560133357926004,6
2843,-79.3542706925,51.5456946315,0.448748260736465,0.44453003498433763,6
2844,-67.6626044935,51.4373613025,0.452312558889389,0.4568781852465712,6
2845,-89.3959369575,51.2040279785,0.469768166542053,0.45158501097389536,6
2846,-63.9042713105,50.8623613255,0.457969397306442,0.4543333584839583,6
2847,-64.3959379575,50.7456946635,0.454249709844589,0.4548585455844677,6
2848,-79.3876040245,50.6540280005,0.435051679611206,0.44561489151729305,6
2849,-61.5459380715,50.4873613405,0.451674371957779,0.4541501399006676,6
2850,-69.9542710685,50.3373613465,0.455862760543823,0.4555782671265303,6
2851,-80.9959372935,50.0040280265,0.460995942354202,0.44507644676437674,6
2852,-67.8126044875,49.9040280305,0.453141719102859,0.4549238589680837,6
2853,-83.7959371815,49.2040280585,0.467407286167145,0.4294388373279138,6
2854,-85.7959371015,49.0040280665,0.432000130414963,0.4343338736137044,6
2855,-79.2792706955,48.1456947675,0.439253062009811,0.4591256456429536,6
2856,-55.1959383255,48.0040281065,0.459338158369064,0.45172556533258723,6
2857,27.9207250165,60.5456942715,0.477901041507721,0.47492682434900735,6
2858,-125.7959355015,66.2040273785,0.458860605955124,0.4479204242084317,6
2859,-129.9959353335,65.8040273945,0.458860605955124,0.4476063831312839,6
2860,-120.9959356935,60.8040275945,0.458860605955124,0.4525019860369105,6
2861,-77.7876040885,50.6706946665,0.458860605955124,0.4530933518766495,6
2862,-77.5959374295,49.4290280495,0.458860605955124,0.45211185504338885,6
2863,-69.9126044035,48.7206947445,0.458860605955124,0.4698305007233722,6
2864,149.2373868305,-25.6376356145,0.763307571411133,0.6521073002838627,6
2865,147.9373868825,-26.3959689175,0.563937366008759,0.6740748096381597,6
2866,150.7290534375,-27.8209688605,0.696637749671936,0.6676126045732478,6
2867,-117.5959358295,58.0040277065,0.415154725313187,0.41957520111940916,6
2868,171.0290526255,-44.0209682125,0.468497455120087,0.609447523962236,6
2869,149.2457201635,65.7123607315,0.517385005950928,0.45355125588391865,6
2870,5.17905925950001,61.7040275585,0.518186569213867,0.49460631285845275,6
2871,145.3123869875,61.3290275735,0.40557324886322,0.44791551942499125,6
2872,150.2040534585,60.5206942725,0.476716697216034,0.456002530908887,6
2873,-141.2459348835,60.0206942925,0.381172955036163,0.45624376498954844,6
2874,-136.2209350845,59.4290276495,0.449127644300461,0.46725616368092104,6
2875,-135.3542684525,57.3873610645,0.414557665586472,0.477253992440761,6
2876,19.6707253465,68.4790272875,0.591212034225464,0.5276657345198019,6
2877,19.7540586765,68.4290272895,0.591212034225464,0.5299442769762749,6
2878,15.9207254965,38.2290284975,0.556367635726929,0.6319023800002423,6
2879,-118.1292691415,43.1790282995,0.512682497501373,0.48423367701558834,6
2880,-117.7626024895,37.3956951975,0.507035374641418,0.5083314426352307,6
2881,-118.5709357905,41.0290283855,0.509938538074493,0.5056654968629647,6
2882,-106.4459362755,32.7540287165,0.724089205265045,0.6703714404403994,6
2883,-55.7792716355,5.2623631495,0.62140291929245,0.6327049388998529,6
2884,-69.3959377575,-12.7959694615,0.581838846206665,0.5776029591526579,6
2885,-39.1126056355,-14.4793027275,0.67071658372879,0.6018827007676435,6
2886,107.7373884905,15.4040294105,0.762655198574066,0.5597630769204696,7
2887,11.2040590185,50.6040280025,0.445204496383667,0.5172964369791654,7
2888,5.79572590149999,48.1706947665,0.665551424026489,0.5851736844997587,7
2889,2.06239271749999,47.6790281195,0.601832091808319,0.5576822309289435,7
2890,-72.3042709745,47.4623614615,0.635117411613464,0.47595052300121055,7
2891,1.1540594205,46.5206948325,0.697218179702759,0.5950458653144153,7
2892,-89.2792702955,46.4873615005,0.426622420549393,0.4833392293704567,7
2893,-70.4626043815,46.4290281695,0.441053330898285,0.5072212030213867,7
2894,-85.2792704555,46.2373615105,0.484739005565643,0.462037789804485,7
2895,-66.9959378535,46.2040281785,0.704172492027283,0.5274568584940794,7
2896,-72.0626043175,45.4290282095,0.413895219564438,0.5170913654695009,7
2897,-63.5959379895,45.0040282265,0.458329290151596,0.47886208838535355,7
2898,-67.1626045135,44.8373615665,0.442334055900574,0.46548389194703105,7
2899,-70.3542710525,44.8123615675,0.501465439796448,0.4984653175206603,7
2900,-84.4876038205,44.5623615775,0.41455140709877,0.47175941872151556,7
2901,-71.0292710255,43.3873616245,0.496467530727386,0.5200168124907935,7
2902,-0.554273844499988,43.1040283025,0.658883035182953,0.5665754153577117,7
2903,-78.3209374005,42.7790283155,0.777786374092102,0.5555017242997826,7
2904,-73.2126042715,42.3873616645,0.550548315048218,0.5488977688416279,7
2905,-8.85427351250001,41.7540283565,0.703000009059906,0.5901984174001117,7
2906,-8.15427354050001,40.5873617365,0.508392989635468,0.5432729595000388,7
2907,-83.3542705325,39.1040284625,0.700293898582458,0.5561248256006356,7
2908,-83.2376038705,39.0290284655,0.579964101314545,0.5538118671621404,7
2909,-82.1292705815,38.6456951475,0.538038372993469,0.546129976274409,7
2910,-80.1126039955,37.3623618655,0.518925547599792,0.5634820333359202,7
2911,-85.2292704575,36.9040285505,0.604342877864838,0.5421703450039763,7
2912,-83.2126038715,36.4123619035,0.577638030052185,0.554754569037388,7
2913,-81.9792705875,35.9206952565,0.443881273269653,0.528442876070536,7
2914,-82.7292705575,35.7540285965,0.523818671703339,0.5506015077266715,7
2915,-80.7792706355,34.4956953135,0.534642815589905,0.5291383261783174,7
2916,-90.8209369005,34.2290286575,0.472374051809311,0.5690121334452619,7
2917,-84.6126038155,34.2206953245,0.568246841430664,0.5232893139456393,7
2918,-87.7792703555,34.0040286665,0.597449243068695,0.5196829742199668,7
2919,-88.6459369875,32.9290287095,0.493228614330292,0.5368230821237507,7
2920,-91.2709368825,31.6540287605,0.583160638809204,0.5409250974832244,7
2921,173.8873858445,-41.3709683185,0.68189924955368,0.6180594311039234,7
2922,28.2957250015,58.2456943635,0.477901041507721,0.4949003795864082,7
2923,18.5540587245,53.5290278855,0.477901041507721,0.5137790075344975,7
2924,20.8123919675,43.2956949615,0.420257836580276,0.45676041070813206,7
2925,2.3290593735,47.3706947985,0.50644713640213,0.5876362164325598,7
2926,-96.4209366765,50.4623613415,0.419999986886978,0.4486953054469884,7
2927,174.9457191355,-38.3376351065,0.578507661819458,0.5879508911257108,7
2928,-72.1792709795,-51.3209679205,0.515999972820282,0.512994794784931,7
2929,0.929059429500001,42.5540283245,0.516062140464783,0.4560112187125402,7
2930,127.8457210195,35.9790285875,0.482157558202744,0.5449461149054794,7
2931,-0.379273851499988,48.5456947515,0.601725876331329,0.5809926749220924,7
2932,-84.0126038395,33.5123620195,0.493870288133621,0.532509105088161,7
2933,127.8040543545,36.8790285515,0.699517488479614,0.5478636388970215,7
2934,-84.5126038195,32.4623620615,0.637298345565796,0.5404688256359661,7
2935,10.5040590465,53.2040278985,0.48343950510025,0.520139889924531,7
2936,-91.2542702165,30.5790288035,0.493590593338013,0.5478420737533788,7
2937,9.79572574150001,44.4873615805,0.67779952287674,0.5905702206616721,7
2938,-74.1126042355,40.2790284155,0.500887930393219,0.5149873482185038,7
2939,-84.0292705055,33.3873620245,0.513941884040833,0.5291988627855222,7
2940,-0.337607186500009,42.4956949935,0.477901041507721,0.6129529074391183,7
2941,3.87905931149999,48.0290281055,0.701584756374359,0.5861993748440602,7
2942,6.2540592165,47.9706947745,0.665669858455658,0.5586279970010833,7
2943,-84.8459371395,39.1623617935,0.506309270858765,0.55027935284985,7
2944,129.4123876235,36.6373618945,0.723971962928772,0.5421289690165658,7
2945,10.2040590585,47.7040281185,0.453601151704788,0.5355589057914143,7
2946,-75.5459375115,46.5123614995,0.6827033162117,0.51053417680548,7
2947,0.5207261125,43.6540282805,0.69627434015274,0.6121048820851511,7
2948,-73.2209376045,43.5540282845,0.588341414928436,0.5389905368020386,7
2949,14.6957255455,50.2040280185,0.581145942211151,0.5296546149565804,7
2950,4.69572594549999,47.7290281175,0.670670688152313,0.5937397177489364,7
2951,-82.7959372215,32.9706953745,0.511566519737244,0.5403935110796786,7
2952,-1.20427381850001,45.6956948655,0.510193228721619,0.5574260238679963,7
2953,23.8790585115,52.8540279125,0.684876799583435,0.5054657729846785,7
2954,-76.3542708125,45.5040282065,0.58504319190979,0.46777726605660663,7
2955,24.2457251635,58.4123610235,0.552961409091949,0.49658649957063156,7
2956,6.26239254949999,48.1540281005,0.58745139837265,0.5737006272758755,7
2957,12.6040589625,49.4040280505,0.456270515918732,0.5290261473736337,7
2958,3.60405932250001,46.5873614965,0.60135817527771,0.5812310002058089,7
2959,19.1623920335,53.1290279015,0.490085422992706,0.544166454025736,7
2960,-91.3876035445,44.7873615685,0.737474679946899,0.5039187538989699,7
2961,-84.6376038145,38.9123618035,0.547325015068054,0.5583471046489089,7
2962,-86.4709370745,41.7790283555,0.765737414360046,0.5148180598559416,7
2963,6.91239252349999,52.9373612425,0.396124988794327,0.5264501177100356,7
2964,-83.9876038405,40.7623617295,0.562402188777924,0.5526311731767745,7
2965,-0.662607173499993,47.6956947855,0.557171940803528,0.597467516000549,7
2966,1.76239272949999,50.7873613285,0.591364979743958,0.5663442921444571,7
2967,-84.2626038295,43.5123616195,0.499700129032135,0.5306412122128735,7
2968,-88.4042703305,42.8956949775,0.619332730770111,0.5332932359005813,7
2969,11.8373923265,44.5706949105,0.450500011444092,0.583315117944247,7
2970,-86.4959370735,36.2623619095,0.65342903137207,0.5590160786341118,7
2971,-84.0792705035,35.7873619285,0.516466915607452,0.5462512720583521,7
2972,5.32905925349999,49.3706947185,0.54561448097229,0.5750780854318013,7
2973,11.2040590185,49.8040280345,0.573868691921234,0.5578758440247679,7
2974,-91.2042702185,30.2290288175,0.4778211414814,0.5402075766884726,7
2975,-3.23760707049999,47.8290281135,0.60208535194397,0.5786711546803398,7
2976,-90.7959369015,45.3623615455,0.528539419174194,0.4809835673723124,7
2977,7.0123925195,52.3540279325,0.601410984992981,0.5457452435957428,7
2978,9.8040590745,53.0040279065,0.490140080451965,0.5209727497214094,7
2979,9.50405908650001,54.8040278345,0.587496161460876,0.5400750755453608,7
2980,13.4040589305,49.3123613875,0.519621610641479,0.5117061897872597,7
2981,-93.6376034545,45.6706948665,0.4998499751091,0.4842609106790132,7
2982,13.0040589465,48.5040280865,0.445453703403473,0.5415775510972793,7
2983,13.6540589205,49.9623613615,0.50451672077179,0.5521371462698494,7
2984,-85.6709371065,44.9540282285,0.359687149524689,0.47347988154772386,7
2985,10.1040590625,51.7040279585,0.482599854469299,0.5495443959291623,7
2986,14.4040588905,52.5040279265,0.60136890411377,0.5405053675885005,7
2987,9.1040591025,52.0040279465,0.630640268325806,0.542671418579907,7
2988,-85.8876037645,38.3123618275,0.599141061306,0.5574747479136117,7
2989,-96.2542700165,30.5373621385,0.690026223659515,0.5955432252408689,7
2990,-83.3959371975,39.9123617635,0.575067400932312,0.5619255086545135,7
2991,3.63739265449999,51.4623613015,0.396124988794327,0.5535804646267619,7
2992,-123.5959355895,55.6040278025,0.430245876312256,0.4405370046105774,7
2993,-120.3959357175,55.6040278025,0.393170744180679,0.4238742576839184,7
2994,-115.9292692295,54.0456945315,0.396624654531479,0.4234309285614299,7
2995,-122.3959356375,54.0040278665,0.46376034617424,0.4270576798048786,7
2996,-124.9959355335,49.6040280425,0.434312582015991,0.512719900507793,7
2997,-123.0626022775,48.9873614005,0.428582638502121,0.5300128302582999,7
2998,20.8373919665,48.8540280725,0.620913743972778,0.51031333347113,7
2999,-114.1042693025,48.4040280905,0.450492024421692,0.44337976555655995,7
0,4.0790593035,51.8456946195,0.519013643264771,0.54946193688185,0
1,-1.48760714049999,41.1790283795,0.606798827648163,0.6060097277264553,0
2,-3.52094039249999,37.3540285325,0.606798827648163,0.5961176381216402,0
3,3.1457260075,41.9456950155,0.586789786815643,0.621317484435315,0
4,12.4040589705,52.5040279265,0.526458084583282,0.5334506594555609,0
5,-111.0376027585,33.4206953565,0.498700320720673,0.5896155258057307,0
6,-95.9626033615,29.4290288495,0.60228157043457,0.5498160499062292,0
7,-111.1292694215,48.8456947395,0.429403185844421,0.4402998046069835,0
8,-3.8626070455,36.8123618875,0.577745676040649,0.6089336422844286,0
9,-114.5626026175,39.3956951175,0.396251827478409,0.47637112716871227,0
10,-117.6792691595,41.5873616965,0.392515927553177,0.4623693093822993,0
11,-59.7542714765,-16.8793026315,0.760501205921173,0.5928018791986369,0
12,-62.6626046935,-15.3209693605,0.487932682037354,0.6518081491008872,0
13,-3.17094040649999,43.0706949705,0.65765517950058,0.5781687916249315,0
14,6.62905920149998,47.1873614725,0.477565437555313,0.559586690903781,0
15,-77.9459374155,43.2540282965,0.663754463195801,0.5549255732010957,0
16,-1.19594048549999,43.3956949575,0.471427619457245,0.5645022876436087,0
17,1.96239272150001,50.2290280175,0.45969420671463,0.5805271388316415,0
18,10.9040590305,50.0040280265,0.569864153862,0.5331928291297078,0
19,-82.4209372365,40.7956950615,0.592928111553192,0.5795543030757504,0
20,-85.9876037605,41.1206950485,0.486817121505737,0.5746328846743309,0
21,-109.1042695025,34.0123619995,0.44065049290657,0.48280271316232887,0
22,-99.5876032165,29.6123621755,0.741205334663391,0.6259750788004742,0
23,-98.7709365825,36.2706952425,0.550564706325531,0.5865304969867368,0
24,-96.7876033285,47.0790281435,0.50287938117981,0.5053400785586646,0
25,-90.5459369115,42.1290283415,0.555449068546295,0.5495355096214831,0
26,4.94572593550001,44.6623615735,0.541253864765167,0.6035376304210477,0
27,6.5457258715,43.7790282755,0.477901041507721,0.5902292280902763,0
28,18.3623920655,40.3290284135,0.606798827648163,0.6215680589437088,0
29,17.2623921095,40.7540283965,0.726811647415161,0.6338463557578952,0
30,14.3373922265,37.4873618605,0.588762164115906,0.6408156205798297,0
31,-89.9959369335,15.7540293965,0.545814275741577,0.5783579650840739,0
32,76.5373897385,11.6040295625,0.712903559207916,0.5754319538933492,0
33,106.4290552095,14.5956961095,0.712759792804718,0.5496127255170747,0
34,-91.0126035595,31.9123620835,0.531351447105408,0.5385970084136699,0
35,13.3040589345,46.2456948435,0.612327814102173,0.5477806669146932,0
36,-86.8626037255,39.4206951165,0.571633100509644,0.562429362044942,0
37,16.7540587965,54.4040278505,0.597391664981842,0.5091961219252298,0
38,-91.0376035585,33.7540286765,0.527385354042053,0.5582838971528231,0
39,16.8707254585,52.2873612685,0.603788554668427,0.4990635856654447,0
40,3.72072598450001,47.5623614575,0.685893297195435,0.5975374551010754,0
41,-3.1542737405,48.4873614205,0.588884055614471,0.5834245436506694,0
42,-89.9876036005,34.4040286505,0.621127009391785,0.5651633737738476,0
43,-0.212607191500013,48.6206947485,0.530304312705994,0.5941715701029325,0
44,0.104059462500004,45.1040282225,0.604943931102753,0.5679037026154514,0
45,128.2873876685,36.1873619125,0.651659965515137,0.5450736798563662,0
46,-83.1376038745,43.4956949535,0.525980889797211,0.5450703939129552,0
47,18.3207254005,47.8456947795,0.654572248458862,0.578333383731754,0
48,10.5623923775,45.8873615245,0.425891399383545,0.48042842808218206,0
49,-120.8626023655,43.6123616155,0.440121561288834,0.44939467760710294,0
50,-80.7959373015,49.0040280665,0.460597544908524,0.4473940023412973,0
51,13.1040589425,-5.61263641550001,0.693885266780853,0.6071999388563942,0
52,-87.7959370215,39.5123617795,0.466764777898788,0.5807330083012902,0
53,-95.7376033705,33.4373620225,0.402268826961517,0.6065115652717938,0
54,6.62072586849999,60.0373609585,0.591212034225464,0.5177106139783394,0
55,6.8373925265,60.6790275995,0.591212034225464,0.5138438561279387,0
56,15.9207254965,38.2040284985,0.614486873149872,0.600035139802325,0
57,4.7790592755,43.7623616095,0.606798827648163,0.6431678697331364,0
58,-112.4876027005,38.2540284965,0.450345903635025,0.4629260290055348,0
59,-109.5209361525,39.5040284465,0.51877748966217,0.5049781843666067,0
60,-69.0959377695,-11.9959694935,0.580099642276764,0.602884676049143,0
61,-67.1292711815,18.3373626265,0.354067146778107,0.5562666220479551,0
62,127.0873877165,38.2123618315,0.7121262550354,0.537460713292147,0
63,-83.5042705265,33.4456953555,0.493719726800919,0.5293864830926791,0
64,6.4207258765,48.0540281045,0.56299501657486,0.5313653017629011,0
65,-83.8626038455,37.9373618425,0.525852978229523,0.5687355123802434,0
66,-75.7792708355,40.0873617565,0.484038650989532,0.5483726240025937,0
67,94.5707223505,28.1206955685,0.553742229938507,0.5232627997883569,0
68,4.5623926175,45.4623615415,0.701584756374359,0.5707538641518659,0
69,-92.6542701605,33.1040287025,0.541829943656921,0.5352633591140993,0
70,-94.1709367665,32.9540287085,0.552314639091492,0.5418639745178909,0
71,-128.1959354055,57.0040277465,0.341758787631989,0.4275342854978544,0
72,-93.9709367745,31.0790287835,0.527633309364319,0.521503880700366,0
73,-134.7292684775,56.2540277765,0.445518016815186,0.4351442989139244,0
74,-94.6126034155,32.3290287335,0.529724955558777,0.5421101916194788,0
75,-94.6126034155,31.4373621025,0.590217232704163,0.5389012819111538,0
76,-83.2126038715,31.7790287555,0.488000005483627,0.5292368251532925,0
77,150.0290534655,61.6873608925,0.528612375259399,0.4478681345639403,0
78,-129.5959353495,58.6040276825,0.351859778165817,0.4199239383401505,0
79,35.6040580425,61.1706942465,0.477753758430481,0.4703629523046462,0
80,-125.3959355175,63.8040274745,0.456740319728851,0.4472579290509474,0
81,-95.8626033655,34.1873619925,0.616652429103851,0.6115723287348703,0
82,-143.5626014575,60.9623609215,0.360344618558884,0.4745736421580211,0
83,4.63739261449999,49.9540280285,0.452098906040192,0.5346714310532604,0
84,-91.5792702035,35.3623619455,0.654269397258759,0.5727674692678112,0
85,-79.0292707055,39.1123617955,0.579337120056152,0.5435323682017525,0
86,127.5790543635,36.3373619065,0.556016504764557,0.5480033581271712,0
87,-77.3292707735,41.2206950445,0.543560683727264,0.5400645144931834,0
88,176.2790524155,-39.4543017285,0.766676604747772,0.5807601312874746,0
89,-79.3542706925,40.1373617545,0.566980838775635,0.5585496746113495,0
90,-75.9709374945,40.8206950605,0.558634579181671,0.5553695277709143,0
91,-78.2126040715,37.1873618725,0.541358947753906,0.541043499150507,0
92,-78.0376040785,35.9373619225,0.496536761522293,0.5395286297049574,0
93,-7.74594022350001,41.8123616875,0.591212034225464,0.5289286063008357,0
94,-86.2626037495,37.3623618655,0.532510995864868,0.5859938231132479,0
95,-79.7209373445,36.0040285865,0.461604177951813,0.5432341591706312,0
96,-79.3959373575,37.8956951775,0.506971001625061,0.5733468424686423,0
97,-83.7876038485,36.3790285715,0.462352186441422,0.5604540937430182,0
98,-105.2292696575,36.5040285665,0.425863236188889,0.4376579309021323,0
99,-121.1959356855,57.2040277385,0.399971961975098,0.42051247504718026,0
100,-88.3626036655,30.4373621425,0.467946410179138,0.5146459110172481,0
101,-124.7959355415,56.8040277545,0.35321968793869,0.43311516035395015,0
102,8.01239247949999,61.9456942155,0.477901041507721,0.514755953577571,0
103,20.0457253315,42.4956949935,0.637509167194366,0.5057477587767272,0
104,-85.3542704525,33.6040286825,0.540769815444946,0.52987112487091,0
105,-76.2292708175,43.4790282875,0.424947708845139,0.5442249334329431,0
106,12.1040589825,50.8040279945,0.623566567897797,0.5696721613062753,0
107,15.2373921905,49.4706947145,0.513506412506104,0.5314985930802182,0
108,-93.6209367885,37.7040285185,0.592578709125519,0.5844444883107877,0
109,-113.3459359995,47.8290281135,0.459199011325836,0.42845754846958717,0
110,20.2290586575,48.6873614125,0.661350667476654,0.5208990898470659,0
111,-121.5209356725,40.3456950795,0.41728264093399,0.4846469450665708,0
112,-139.3876016245,59.6123609755,0.393151253461838,0.4494301572387615,0
113,-119.5959357495,38.4540284885,0.422712326049805,0.44695597222808736,0
114,-113.8876026445,48.3623614255,0.45969420671463,0.4459657227583748,0
115,-144.5126014195,60.4706942745,0.390979200601578,0.4563336182088213,0
116,-123.5959355895,50.4040280105,0.422327518463135,0.4333986297819315,0
117,-74.4459375555,39.6956951055,0.48966383934021,0.5176330487586123,0
118,-76.1126041555,38.5040284865,0.544946908950806,0.5414082884388153,0
119,-75.6209375085,37.7540285165,0.515797436237335,0.55274044044827,0
120,-80.7959373015,50.0040280265,0.458860605955124,0.44489009201137925,0
121,17.7457254235,68.7540272765,0.591212034225464,0.5194751309089402,0
122,-91.7459368635,14.7540294365,0.561337947845459,0.5874158465580261,0
123,-69.2792710955,45.7540281965,0.412878513336182,0.4874485411370867,0
124,-74.4292708895,45.9956948535,0.767933487892151,0.528931621291563,0
125,-69.5626044175,47.1040281425,0.458860605955124,0.4559456844672474,0
126,151.2957200815,-33.0543019845,0.649565577507019,0.6930423849183769,0
127,-90.9959368935,48.6040280825,0.410793364048004,0.4394467418295013,0
128,-87.4376037025,45.8623615255,0.376283168792725,0.48872098424032095,0
129,-84.5376038185,44.4623615815,0.513241589069366,0.4806982988348682,0
130,-85.4209371165,44.5373615785,0.518929898738861,0.5061437275924668,0
131,-121.5959356695,53.8040278745,0.367408663034439,0.4227835861304174,0
132,-120.7959357015,52.2040279385,0.344171434640884,0.43310566756289764,0
133,-117.9459358155,57.1623610735,0.413773208856583,0.42529058046164997,0
134,-121.5959356695,50.0040280265,0.44571116566658,0.48160893510294756,0
135,-82.1459372475,31.1290287815,0.488000005483627,0.5159968045954086,0
136,-72.7042709585,49.5206947125,0.443557411432266,0.44973405852168,0
137,-69.7876044085,50.3456946795,0.457400441169739,0.4566303414204679,0
138,-70.3042710545,50.9956946535,0.455532103776932,0.4542797466488943,0
139,-73.0126042795,50.7373613305,0.458204030990601,0.4539923531758751,0
140,-106.4126029435,54.6206945085,0.420519888401031,0.42745664090592617,0
141,12.2290589775,61.4040275705,0.440379112958908,0.48153450522269003,0
142,-61.5959380695,50.9206946565,0.446611016988754,0.45151647662817224,0
143,-107.1542695805,53.9123612035,0.421000152826309,0.43404590782751395,0
144,-83.7959371815,48.2040280985,0.471346080303192,0.4426431004074071,0
145,-86.3959370775,48.8040280745,0.495346367359161,0.46328838904652064,0
146,-85.9959370935,48.2040280985,0.492385625839233,0.4577924254778057,0
147,-87.9959370135,48.8040280745,0.464575380086899,0.45284521187987453,0
148,-90.9959368935,49.6040280425,0.419999986886978,0.4477493070408685,0
149,-55.9959382935,49.8040280345,0.447340786457062,0.4663477490051772,0
150,-66.7959378615,46.8040281545,0.634163677692413,0.4810837642998776,0
151,-103.1459364075,53.7206945445,0.398112773895264,0.43291605066282013,0
152,-75.1792708595,43.6290282815,0.506287634372711,0.5144622921795333,0
153,9.83739240649999,46.2290281775,0.570507943630219,0.4887173545338844,0
154,-76.9459374555,47.9123614435,0.477086037397385,0.46092953762487116,0
155,-76.3209374805,47.1040281425,0.601106882095337,0.4796670202225542,0
156,-72.2792709755,51.7206946245,0.458639025688171,0.4569049951224088,0
157,32.5540581645,67.5956939895,0.459993541240692,0.4957186002762536,0
158,33.4707247945,63.5373608185,0.488278150558472,0.47761798993641696,0
159,25.6457251075,70.3456938795,0.591212034225464,0.5354374880779158,0
160,-8.9459401755,39.8040284345,0.50644713640213,0.5839421058790804,0
161,-93.9959367735,49.8040280345,0.444188803434372,0.44166409356765957,0
162,-115.1126025955,44.7790282355,0.441096216440201,0.443736515739017,0
163,-78.9626040415,51.1373613145,0.458860605955124,0.4467282352525718,0
164,-77.6709374265,50.5040280065,0.458860605955124,0.4484986928859004,0
165,-71.4709376745,48.8206947405,0.485671609640121,0.4810366081375937,0
166,-78.1459374075,48.0123614395,0.456898242235184,0.4562835853832375,0
167,-85.0292704655,29.9373621625,0.520758330821991,0.4989448871707273,0
168,-71.6209376685,45.0290282255,0.711082100868225,0.519978789726679,0
169,-124.9959355335,49.4040280505,0.454519629478455,0.4836431746398659,0
170,32.7290581575,62.4040275305,0.48918741941452,0.4767994205590484,0
171,-131.3459352795,55.4123611435,0.432885050773621,0.4561471925231397,0
172,-116.9959358535,63.4040274905,0.45331859588623,0.44998632798893917,0
173,-126.1959354855,66.4040273705,0.433928221464157,0.44899167319549055,0
174,141.8290537935,63.0623608375,0.469838380813599,0.4513626307803956,0
175,-108.5042695265,55.7123611315,0.454184234142303,0.4294882049698581,0
176,-111.0459360915,39.4790284475,0.771436035633087,0.4384488435460942,1
177,-108.5709361905,37.6040285225,0.444282442331314,0.45310179754873514,1
178,-109.2292694975,35.9123619235,0.440121561288834,0.505439034152257,1
179,2.1540593805,41.9206950165,0.612344086170197,0.6184952206611046,1
180,-4.81260700749999,39.9290284295,0.606798827648163,0.5963496815793877,1
181,1.1540594205,49.9040280305,0.654486298561096,0.5662801058524354,1
182,-112.0542693845,36.3706952385,0.420316964387894,0.4392384367560928,1
183,-96.9876033205,28.6373622145,0.470374405384064,0.597398961149242,1
184,11.9040589905,42.8790283115,0.559481203556061,0.6209102079153553,1
185,-6.00427362650001,36.2040285785,0.572600185871124,0.648828831471316,1
186,-88.8792703115,33.6790286795,0.521679699420929,0.5470351759315786,1
187,14.8873922045,48.9290280695,0.421921789646149,0.517289749365009,1
188,-85.0542704645,42.7290283175,0.55160665512085,0.5354724116986365,1
189,-88.3459369995,42.7956949815,0.537821531295776,0.5448258352593973,1
190,-87.4209370365,40.2206950845,0.568111538887024,0.5900710758906865,1
191,6.1290592215,48.6456947475,0.685117483139038,0.5568779656072749,1
192,-95.1376033945,45.2623615495,0.45997229218483,0.5114201942321842,1
193,5.22905925750001,49.0790280635,0.643179416656494,0.5638893608631629,1
194,5.10405926249999,48.2956947615,0.63429182767868,0.5814714873617364,1
195,-93.2459368035,44.5790282435,0.533239185810089,0.5166815609230359,1
196,-106.8792695915,35.9040285905,0.558133721351624,0.4847368738440576,1
197,-109.8042694745,33.9706953345,0.424989849328995,0.48641872566206057,1
198,-91.6876035325,33.4956953535,0.499525099992752,0.5541854015771319,1
199,-120.4126023835,45.9790281875,0.440121561288834,0.47020164009060456,1
200,-114.5292692855,44.2040282585,0.45969420671463,0.4288942296442169,1
201,-107.0126029195,40.5456950715,0.392515927553177,0.45562125282668503,1
202,-92.2959368415,38.7373618105,0.643084645271301,0.5868263913673106,1
203,-93.9126034435,38.9706951345,0.676068961620331,0.587704171736106,1
204,-6.68760693249999,37.7456951835,0.623465597629547,0.6475833878086391,1
205,15.3873921845,40.1123617555,0.614486873149872,0.6155834614081012,1
206,-97.5459366315,25.9873623205,0.509607195854187,0.6189550511466291,1
207,-91.3209368805,31.0623621175,0.547001779079437,0.5467928790156072,1
208,152.8790533515,-30.1209687685,0.750429153442383,0.6632992165783701,1
209,-96.0292700255,31.8873620845,0.612436234951019,0.6314799388585808,1
210,175.1707191265,-39.6959683855,0.588330030441284,0.6041562699030653,1
211,9.30405909449999,47.7040281185,0.597483098506927,0.5408964229136536,1
212,152.6873866925,-30.7043020785,0.775310814380646,0.6625702471555034,1
213,-74.2626042295,42.9540283085,0.465865969657898,0.5354175484638058,1
214,-93.6626034535,45.4290282095,0.414705455303192,0.49654687339196746,1
215,0.070726130499992,47.1706948065,0.603569746017456,0.6136522972835524,1
216,126.2207210845,34.3873619845,0.600782930850983,0.5434119962610962,1
217,4.34572595949999,48.6540280805,0.477901041507721,0.5904834514524703,1
218,3.06239267749999,48.8123614075,0.644990861415863,0.5896737830976623,1
219,8.24572580349999,56.3706944385,0.530888974666595,0.5255931016934626,1
220,-82.6376038945,29.1706955265,0.518123924732208,0.5075479181820945,1
221,-120.9959356935,51.4040279705,0.460723161697388,0.4401692956043255,1
222,-110.9959360935,40.3456950795,0.392515927553177,0.431234654773252,1
223,10.4457257155,64.1790274595,0.591212034225464,0.4947138254588373,1
224,16.6623921335,7.8706963785,0.715668499469757,0.6504285138555529,1
225,-98.1876032725,29.6623621735,0.660000026226044,0.666343338591943,1
226,7.80405915450001,44.0956949295,0.61921638250351,0.5636672480061327,1
227,-117.4792691675,33.6956953455,0.701318442821503,0.6060692826336386,1
228,14.5873922165,40.8623617255,0.597688436508179,0.6136303103249986,1
229,15.9790588275,41.7706950225,0.732972919940948,0.620938389662917,1
230,-91.4959368735,15.5040294065,0.455371379852295,0.5484046494015767,1
231,151.8207200605,-31.5959687095,0.758248031139374,0.6355553541653479,1
232,-91.0626035575,37.3040285345,0.538064420223236,0.5598465416144366,1
233,-84.6709371465,32.3290287335,0.522315680980682,0.5307092981226056,1
234,-92.1376035145,37.6373618545,0.568373739719391,0.5761177482473306,1
235,29.4207249565,56.2373611105,0.477901041507721,0.5037938764821456,1
236,32.3540581725,57.6623610535,0.449848234653473,0.5000379414153878,1
237,-92.8126034875,36.2623619095,0.601231276988983,0.5844950543270434,1
238,-82.5542705645,33.0540287045,0.493881285190582,0.5304123134463606,1
239,-93.0709368105,36.9373618825,0.534132182598114,0.5869825713166802,1
240,175.5873857765,-40.7709683425,0.724995374679565,0.6041094326612771,1
241,-94.7792700755,30.7206954645,0.495320230722427,0.5281719110730918,1
242,-87.0292703855,31.0290287855,0.467774957418442,0.522478684297644,1
243,-93.5459367915,31.8456954195,0.51686704158783,0.5351403248560505,1
244,-123.0292689455,46.9873614805,0.448974281549454,0.5231504171505043,1
245,-94.7292700775,33.6040286825,0.668076574802399,0.5452251141748321,1
246,-81.9126039235,32.5290287255,0.522905170917511,0.5356123600663684,1
247,-142.3459348395,60.3373609465,0.355714291334152,0.467914725790335,1
248,-148.6709345865,59.9706942945,0.449632406234741,0.4500643399769499,1
249,-78.2126040715,38.0873618365,0.534628808498383,0.550048163136355,1
250,-79.6376040145,37.3290285335,0.436607152223587,0.5346788926555582,1
251,-80.7042706385,39.0040284665,0.448434233665466,0.5508279390745756,1
252,-77.9459374155,40.8040283945,0.628575325012207,0.5359779501505211,1
253,-92.2792701755,35.5040286065,0.531512200832367,0.5709170289446995,1
254,-85.4709371145,35.5540286045,0.630202651023865,0.5346889180929123,1
255,-86.6042704025,38.2623618295,0.608072817325592,0.5564012854127489,1
256,-82.5542705645,39.2956951215,0.605467975139618,0.5532634864664521,1
257,21.1707252865,48.9540280685,0.50633704662323,0.5553722188141083,1
258,-4.2709403625,42.8790283115,0.771317541599274,0.601091899263466,1
259,-96.3876033445,48.9206947365,0.432773262262344,0.4605738377354791,1
260,-77.6959374255,40.0290284255,0.545694172382355,0.5557867926116586,1
261,-85.3626037855,32.5290287255,0.575959742069244,0.5269799472824498,1
262,-77.4959374335,37.4373618625,0.539304375648499,0.5278283151539916,1
263,-107.3792695715,39.2290284575,0.420070886611938,0.43169529891200126,1
264,-107.2959362415,38.6456951475,0.425432503223419,0.42560686927501906,1
265,-123.2626022695,45.9790281875,0.428702414035797,0.5273273194539303,1
266,-107.5292695655,44.7206949045,0.419512778520584,0.42743969892673056,1
267,-106.2876029485,36.7706952225,0.437700718641281,0.4325373071027392,1
268,-106.6626029335,39.4956951135,0.3598572909832,0.42386972863605726,1
269,-107.6626028935,37.6956951855,0.418138802051544,0.4314956742293901,1
270,-105.4042696505,39.9706950945,0.438828229904175,0.4417099955269965,1
271,18.7123920515,49.0290280655,0.424256950616837,0.4708970782945757,1
272,-124.3959355575,53.8040278745,0.427248358726501,0.4356627913832129,1
273,-114.8959359375,51.4790279675,0.420012056827545,0.43251776248206125,1
274,-102.6209364285,52.3790279315,0.400969982147217,0.4260466995353703,1
275,16.4290588095,67.8706939785,0.591212034225464,0.5083951971084754,1
276,-5.0876069965,42.7373616505,0.477901041507721,0.5541467267536149,1
277,-86.8709370585,31.7290287575,0.519148409366608,0.5290195883241904,1
278,-79.6126040155,41.6123616955,0.439568728208542,0.5600987999788749,1
279,22.1040585825,48.9956947335,0.650197505950928,0.5633319577820702,1
280,-69.6542710805,44.6873615725,0.476878136396408,0.5231362741564595,1
281,16.3873921445,49.0623613975,0.430520713329315,0.544679036534346,1
282,-85.0709371305,45.5540282045,0.641363501548767,0.5067500569803116,1
283,28.3457249995,57.0956944095,0.477901041507721,0.502843230326057,1
284,-80.4376039825,41.2123617115,0.581797242164612,0.5526328536031889,1
285,-120.6626023735,38.5123618195,0.540852189064026,0.6103327253678996,1
286,-93.2209368045,33.7540286765,0.561387956142426,0.5385863330159604,1
287,-126.3959354775,53.2040278985,0.4372578561306,0.42296668775777563,1
288,-126.3959354775,56.2040277785,0.340912818908691,0.41056943924321054,1
289,-119.3709357585,37.8706951785,0.427060097455978,0.4326830809498141,1
290,-119.5959357495,50.2040280185,0.439795911312103,0.4447969660174705,1
291,-111.1959360855,46.2290281775,0.459812551736832,0.4455412879294002,1
292,-71.7376043305,49.6040280425,0.447493135929108,0.4685858607199031,1
293,149.8790534715,65.1873607525,0.461955159902573,0.4486606863810794,1
294,-56.1959382855,53.0040279065,0.464509069919586,0.4503018851392179,1
295,-78.8292707135,48.7206947445,0.373016446828842,0.46130514197923633,1
296,5.3623925855,61.1040275825,0.478507697582245,0.4816768327729507,1
297,22.0873919165,69.9290272295,0.592485010623932,0.5451375777449204,1
298,-73.9459375755,46.8456948195,0.395883411169052,0.49644158081576256,1
299,-74.4709375545,44.1706949265,0.728911221027374,0.5148786654409397,1
300,-67.9709378145,44.5290282455,0.407761335372925,0.5169003457702632,1
301,-72.3042709745,41.0540283845,0.627462387084961,0.5119099003519885,1
302,-77.1959374455,45.0040282265,0.414700210094452,0.5318324075523027,1
303,-84.5959371495,47.4040281305,0.423681259155273,0.4670321170351201,1
304,-88.1709370065,47.3790281315,0.763000547885895,0.4695476327030065,1
305,18.5290587255,53.5123612195,0.478143006563187,0.5102759557085039,1
306,9.1040591025,49.4040280505,0.533503532409668,0.5341259129262124,1
307,-123.5959355895,51.4040279705,0.427495509386063,0.4354653265930556,1
308,-116.9959358535,49.6040280425,0.345605581998825,0.49904586449065996,1
309,-125.1959355255,50.2040280185,0.435250788927078,0.49829868446298825,1
310,25.1873917925,47.0623614775,0.420257836580276,0.4647527469463107,1
311,-81.6042706025,33.0706953705,0.442775696516037,0.534369180117314,1
312,-79.3459373595,33.3373620265,0.493854939937592,0.5223971876301444,1
313,-80.1042706625,33.4206953565,0.457808345556259,0.529752185287692,1
314,-65.3376045865,51.0456946515,0.455845862627029,0.4567398609318094,1
315,-62.4042713705,50.5623613375,0.451158434152603,0.45317912819337375,1
316,-105.3376029865,53.6540278805,0.422172755002975,0.4228797452835054,1
317,-57.1959382455,49.6040280425,0.458481073379517,0.45761271766837786,1
318,-102.0876031165,53.5040278865,0.428070396184921,0.4254753883739277,1
319,-93.1959368055,51.6040279625,0.441526025533676,0.44863705105895785,1
320,-98.8376032465,52.0873612765,0.473907321691513,0.4438000055632295,1
321,-104.1959363655,53.6040278825,0.415117830038071,0.46126460593645857,1
322,26.4790584075,57.6956943855,0.472791969776154,0.48536742150450857,1
323,3.74572598349999,44.8623615655,0.478941380977631,0.5532279040190706,1
324,12.3790589715,64.4706941145,0.424345672130585,0.5106509495843896,1
325,-101.4376031425,56.6706944265,0.419999986886978,0.44557934085742007,1
326,-66.4792712075,48.5373614185,0.449411004781723,0.4667622018172363,1
327,-75.5292708455,47.3956947975,0.445590704679489,0.458083596113216,1
328,-60.0792714635,51.9206946165,0.471107095479965,0.45564897561279033,1
329,-62.0126047195,49.2373613905,0.452187657356262,0.4563659516036756,1
330,-64.5126046195,48.6540280805,0.455607950687408,0.48847464351882725,1
331,10.1540590605,59.6290276415,0.445926636457443,0.4882914382328834,1
332,-68.1709378065,52.0706946105,0.456474363803864,0.4579517127515223,1
333,10.6873923725,60.1706942865,0.474306225776672,0.47514467956711104,1
334,-151.3376011465,60.0456942915,0.497536420822144,0.45717882224890966,1
335,-69.3626044255,52.1123612755,0.459953546524048,0.4566136911883307,1
336,29.0790583035,69.1540272605,0.477901041507721,0.5028590343230057,1
337,-95.3709367185,48.1206947685,0.430720895528793,0.45933013297290476,1
338,7.80405915450001,53.5040278865,0.469232022762299,0.549283355639944,1
339,0.5790594435,47.8290281135,0.678569078445435,0.5947821447260582,1
340,-120.6626023735,48.5623614175,0.428032070398331,0.4465357167139303,1
341,-76.8209374605,50.0123613595,0.458860605955124,0.44849902827494265,1
342,-98.9959365735,55.6040278025,0.413109570741653,0.44403978289570933,1
343,-83.6709371865,30.1123621555,0.43110391497612,0.5023643043952759,1
344,30.2623915895,65.3123607475,0.477901041507721,0.47409497304308823,1
345,32.1457248475,62.9956941735,0.470685601234436,0.47713940625049706,1
346,33.2373914705,67.0040273465,0.423883050680161,0.5005455326089161,1
347,-77.9042707505,51.9206946165,0.459935247898102,0.45164636675003517,1
348,-118.9959357735,65.6040274025,0.42190033197403,0.45608254309859175,1
349,-121.5959356695,59.0040276665,0.473498582839966,0.4366653333920468,1
350,-113.1376026745,43.7623616095,0.45969420671463,0.45307578173508495,2
351,-89.4376036225,38.5040284865,0.586792826652527,0.593550190518894,2
352,1.2707260825,41.5456950315,0.661608040332794,0.6222950539316451,2
353,-89.5209369525,37.7956951815,0.472286134958267,0.576793288530582,2
354,7.46239250150001,47.8540281125,0.624452471733093,0.5701371746555819,2
355,16.2707254825,49.6873613725,0.537674486637115,0.5096397238092927,2
356,2.3373927065,50.7706946625,0.596767425537109,0.5602729253059844,2
357,-91.7126035315,32.1040287425,0.617441236972809,0.554940792911267,2
358,-84.7459371435,43.3123616275,0.560922563076019,0.5289902823938147,2
359,-91.6209368685,42.8706949785,0.58085834980011,0.5307525548949852,2
360,0.929059429500001,47.1123614755,0.599133491516113,0.6042379457655096,2
361,-92.6709368265,45.0290282255,0.500695586204529,0.5024455377499664,2
362,-92.3626035055,31.3206954405,0.551641464233398,0.5365815605504313,2
363,-110.6292694415,43.9373616025,0.390419334173203,0.4322368101560075,2
364,-116.1876025525,44.3040282545,0.437730312347412,0.44100840536204855,2
365,-111.5209360725,42.1540283405,0.488856315612793,0.42909388307989454,2
366,-116.9376025225,44.5706949105,0.443700760602951,0.4503668590747687,2
367,-129.5959353495,65.6040274025,0.474061965942383,0.4485637113769276,2
368,-94.9876034005,37.2290285375,0.417183518409729,0.6000674676943616,2
369,-90.7792702355,40.1123617555,0.632852017879486,0.5899484489707592,2
370,-92.6209368285,44.1456949275,0.467805534601212,0.5153571122577411,2
371,-4.47927368750001,39.4040284505,0.50644713640213,0.5829135745480722,2
372,9.4040590905,39.2206951245,0.677180647850037,0.6280959392965664,2
373,5.7790592355,44.2373615905,0.665719211101532,0.5410854876608571,2
374,16.3707254785,40.7456950635,0.604759812355042,0.6389303311266549,2
375,-61.8626047255,-16.7043026385,0.679835021495819,0.647552956177952,2
376,152.0707200505,-32.4126353435,0.75151926279068,0.681230586796655,2
377,152.2373867105,-29.5376354585,0.670002996921539,0.6897617218331923,2
378,151.8457200595,-24.7876356485,0.77370697259903,0.6952761419893544,2
379,-96.5542700045,29.7873621685,0.679900050163269,0.5813258014889262,2
380,-90.5042702465,30.4456954755,0.52538013458252,0.5182842752833554,2
381,-85.9042704305,36.1706952465,0.534852683544159,0.5522140162642188,2
382,15.7207255045,54.1790278595,0.493211567401886,0.5350402393473509,2
383,1.50405940650001,49.3623613855,0.682179033756256,0.5766252852545332,2
384,19.4373920225,51.3623613055,0.634893834590912,0.5158629640315409,2
385,-111.7042693985,40.5623617375,0.34064906835556,0.44725573667811636,2
386,-116.9959358535,51.4040279705,0.455196112394333,0.45636496927808873,2
387,-111.7209360645,41.1956950455,0.702261924743652,0.4904091121897797,2
388,33.9457247755,59.7790276355,0.491320222616196,0.49772976519649975,2
389,-104.0126030395,43.8040282745,0.440837323665619,0.48096424927183345,2
390,-97.2209366445,31.9040287505,0.649683117866516,0.6525402926066406,2
391,6.7707258625,62.2956942015,0.566387474536896,0.5140495081560014,2
392,16.2040588185,40.0373617585,0.781321942806244,0.5897396728047806,2
393,16.3290588135,38.7456951435,0.508050680160522,0.5833131550912399,2
394,14.9373922025,37.0540285445,0.73640650510788,0.6380478895818578,2
395,-85.8626037655,31.4873621005,0.490631014108658,0.5357181093272422,2
396,4.1957259655,47.0540281445,0.47286382317543,0.5440350788932528,2
397,-77.1709374465,38.9706951345,0.550416231155396,0.5414080980796003,2
398,129.0957209695,36.4290285695,0.4649358689785,0.5481576118132108,2
399,-82.3042705745,37.8373618465,0.489380180835724,0.5366200461536814,2
400,-95.4376033825,50.0790280235,0.426270067691803,0.43671478195094554,2
401,21.9790585875,44.1290282615,0.655151128768921,0.5530192098833195,2
402,-0.712607171499997,42.7790283155,0.591521322727203,0.5037060090002056,2
403,-85.4959371135,37.4873618605,0.689281404018402,0.5601202180324579,2
404,-90.5459369115,36.7206952245,0.590857982635498,0.5726146879534142,2
405,-91.3209368805,36.5623618975,0.596666693687439,0.576571854414438,2
406,-114.5876026165,50.2456946835,0.422087728977203,0.4207911199343828,2
407,-116.5042692065,52.0040279465,0.39320370554924,0.4349472749934785,2
408,34.3540580925,58.6123610155,0.422950655221939,0.4954190642503092,2
409,35.3457247195,59.5873609765,0.477901041507721,0.48625103374887696,2
410,-123.7959355815,57.8040277145,0.405647099018097,0.42174604470394567,2
411,11.5873923365,-0.2209699645,0.633843839168549,0.6114357589996168,2
412,-147.4042679705,61.1123609155,0.449793487787247,0.4664064400998814,2
413,-1.6376071345,40.2206950845,0.477901041507721,0.5067334439967256,2
414,-2.54594043150001,38.2706951625,0.614486873149872,0.5645816799893207,2
415,-109.4459361555,37.9040285105,0.350161731243134,0.4569697690412489,2
416,127.8540543525,36.9873618805,0.668275654315948,0.5565259487880879,2
417,-93.5209367925,34.8206953005,0.536141276359558,0.5550749068950064,2
418,-85.2542704565,31.9123620835,0.496007263660431,0.5344011547966512,2
419,167.8040527545,-46.2293014575,0.660904407501221,0.5716364754386307,2
420,-77.5626040975,38.4206951565,0.508520722389221,0.5374288684421398,2
421,-87.4459370355,32.1623620735,0.493531048297882,0.5426486764386438,2
422,-81.1959372855,44.8040282345,0.338334530591965,0.5072812263530654,2
423,-80.9459372955,40.5540284045,0.581903576850891,0.5589616849979611,2
424,-91.9042701905,36.0956952495,0.577511072158813,0.5678839394214946,2
425,-78.1376040745,39.1706951265,0.512736439704895,0.5569442142417741,2
426,-78.3959373975,36.4540285685,0.527999699115753,0.5349444104298462,2
427,-85.8459370995,38.3290284935,0.557256758213043,0.5568019512701711,2
428,-2.95427374850001,47.8123614475,0.528739094734192,0.5613912328841096,2
429,-86.8626037255,35.1706952865,0.638661205768585,0.5602280618269795,2
430,-124.3292688935,47.8123614475,0.46273273229599,0.49931055838734234,2
431,-111.5626027375,44.2956949215,0.427060097455978,0.43533961384756276,2
432,-115.7959359015,50.2040280185,0.454010665416718,0.43800208794778117,2
433,-124.5959355495,55.4040278105,0.421210378408432,0.409298075081365,2
434,-95.0292700655,34.1540286605,0.493870288133621,0.551788662975993,2
435,-117.3459358395,54.7290278375,0.405476003885269,0.42873020904371456,2
436,-49.4126052235,-26.3709689185,0.576190054416656,0.5825129767600967,2
437,-49.5876052165,-28.1709688465,0.551304936408997,0.5908029947355014,2
438,-82.0542705845,35.3790286115,0.499902337789536,0.526657396405935,2
439,-89.4626036215,33.3623620255,0.535514652729034,0.5436881174637344,2
440,-84.2792704955,33.3040286945,0.453671544790268,0.5265965313437551,2
441,21.7373919305,48.4623614215,0.68364542722702,0.5742489206079444,2
442,-94.4959367535,35.1873619525,0.718186259269714,0.5909690128235869,2
443,-83.7626038495,33.9873620005,0.572055697441101,0.5305825416859038,2
444,-110.5626027775,42.3790283315,0.352273225784302,0.4438410841729096,2
445,-92.2459368435,33.8540286725,0.517965853214264,0.5370068147444869,2
446,-80.9209372965,32.5540287245,0.518373489379883,0.5177395020772536,2
447,-112.7209360245,47.0873614765,0.40677484869957,0.4292154509125304,2
448,-118.7959357815,51.8040279545,0.451849520206451,0.45446077343174857,2
449,-79.2209373645,49.3623613855,0.431596964597702,0.4470507603399925,2
450,-63.9876046405,51.3206946405,0.457449913024902,0.4567139121202111,2
451,-63.3876046645,49.5290280455,0.439211815595627,0.4553969005487082,2
452,-62.3459380395,51.8706946185,0.458955734968185,0.45315267476098775,2
453,-59.6292714815,51.1373613145,0.453082025051117,0.45096910433209464,2
454,11.6957256655,64.9873607605,0.497988104820251,0.49285610574323196,2
455,-74.7792708755,47.9623614415,0.480601578950882,0.44906371282404267,2
456,-72.5959376295,47.6873614525,0.551969051361084,0.5065204374710217,2
457,12.0040589865,49.9040280305,0.432952046394348,0.4805449007624236,2
458,-79.0126040395,46.7373614905,0.650173485279083,0.4754029298840627,2
459,-71.4126043435,43.8373616065,0.749737322330475,0.5080612475737771,2
460,-90.1876035925,46.2706948425,0.410014420747757,0.467301696553768,2
461,14.8373922065,52.8456945795,0.477901041507721,0.5071421639462518,2
462,12.1040589825,53.6040278825,0.519885540008545,0.5293071182670095,2
463,92.8790557515,27.2790289355,0.457703977823257,0.5294307287292062,2
464,9.7457257435,56.4123611035,0.402241140604019,0.5265131734366831,2
465,10.5623923775,46.6123614955,0.439611852169037,0.4778021928795069,2
466,-80.1126039955,32.7790287155,0.493870288133621,0.519371985480942,2
467,-79.2292706975,33.9373620025,0.552843570709229,0.5185568853208483,2
468,12.4957256335,60.1706942865,0.468746036291122,0.47024611775600383,2
469,-72.7959376215,48.7956947415,0.447865158319473,0.45720725876600055,2
470,-70.9126043635,49.3290280535,0.457310140132904,0.45642082927568756,2
471,-74.1959375655,51.4040279705,0.423044800758362,0.45584091026216295,2
472,-55.1959383255,48.0040281065,0.459338158369064,0.45441759459850994,2
473,-84.5959371495,50.0040280265,0.356622606515884,0.4522421163087048,2
474,-90.9959368935,50.4040280105,0.464058756828308,0.44863755810429495,2
475,-119.6626024135,56.4540277685,0.416469067335129,0.4226980331217786,2
476,-49.9542718685,-27.6293022015,0.560936570167542,0.589602744917926,2
477,-73.2209376045,41.8623616855,0.77523410320282,0.5158273502904357,2
478,167.8957194175,-46.8126347675,0.781980574131012,0.5401259052920658,2
479,-89.1876036325,45.9123615235,0.466171026229858,0.47075243908153197,2
480,-64.5959379495,44.2040282585,0.48807880282402,0.5004270095967183,2
481,-93.1959368055,54.4040278505,0.47053062915802,0.442560814000675,2
482,9.8040590745,61.1873609125,0.470029592514038,0.4953628349185038,2
483,26.0457250915,59.6040276425,0.478152930736542,0.47850354350015767,2
484,7.07905918349999,53.1040279025,0.585494339466095,0.5458198182533157,2
485,-71.2709376825,42.0206950125,0.518760502338409,0.5161291354750388,2
486,-69.0542711045,45.0873615565,0.435944259166718,0.5107894014229727,2
487,-67.1626045135,52.5956945895,0.458860605955124,0.4566973833521659,2
488,-81.7959372615,49.4040280505,0.407303005456924,0.45090125344834353,2
489,-8.27094020250001,39.2873617885,0.703000009059906,0.6176709673773196,2
490,-96.4376033425,50.4540280085,0.416778653860092,0.4406501668988888,2
491,-115.7959359015,45.1040282225,0.438983589410782,0.43587118072139225,2
492,-98.5542699245,54.8040278345,0.45219475030899,0.44100816699312945,2
493,-61.5876047365,50.1456946875,0.484021842479706,0.4504823893935674,2
494,-109.3959361575,56.8040277545,0.398161798715591,0.4279503267398475,2
495,-82.2209372445,30.3873621445,0.564570069313049,0.5016179266824442,2
496,-81.4376039425,27.1123622755,0.530936479568481,0.5336306282675053,2
497,148.5540535245,64.6706941065,0.504975497722626,0.4555396656170797,2
498,36.5040580065,62.5706941905,0.564756572246552,0.4690729645918161,2
499,36.7290579975,66.3206940405,0.575871050357819,0.47668647871976777,2
500,28.4790583275,60.6956942655,0.420257836580276,0.4885182058120266,2
501,-126.3959354775,50.0040280265,0.443657517433167,0.4711723790431519,2
502,-132.5376018985,55.4623611415,0.435063570737839,0.4479612561906855,2
503,-135.6792684395,57.0873610765,0.405790537595749,0.4407925883062467,2
504,-129.5959353495,68.2040272985,0.420473158359528,0.4652537915231986,2
505,-120.5959357095,58.6040276825,0.506759881973267,0.4372253841110734,2
506,30.7790582355,59.1206943285,0.477901041507721,0.4959598627803674,2
507,33.4707247945,68.7373606105,0.601725876331329,0.5056407076570791,2
508,32.4040581705,66.1540273805,0.481844514608383,0.4755706693415032,2
509,-73.3876042645,44.8123615675,0.564380764961243,0.5060442746823718,2
510,-79.8626040055,9.1623629935,0.563436627388,0.5752495520111423,2
511,-113.4376026625,37.4790285275,0.65084832906723,0.4664960770483595,3
512,12.8040589545,47.8040281145,0.447475552558899,0.5086227510782684,3
513,1.76239272949999,44.4706949145,0.642639815807343,0.6275542225927817,3
514,10.7707257025,43.0873616365,0.495447039604187,0.6275432534046609,3
515,-53.3042717345,-26.4293022495,0.584307014942169,0.6140448434145891,3
516,-90.1292702615,45.6040282025,0.499097108840942,0.4688810052904929,3
517,-86.0459370915,42.3040283345,0.487408816814423,0.5476199675242193,3
518,9.20405909850001,50.6040280025,0.5430588722229,0.5451785274831149,3
519,11.5040590065,55.4706944745,0.520804107189178,0.529367946790926,3
520,-89.2126036315,43.3706949585,0.560986638069153,0.5256017398012779,3
521,-81.4042706105,41.3706950385,0.54117488861084,0.5589495573750093,3
522,-73.4542709285,45.3956948775,0.541491031646729,0.527040875674768,3
523,11.5040590065,48.7040280785,0.438995987176895,0.5349695008641335,3
524,-88.0626036775,44.3456949195,0.587059736251831,0.5253416468150733,3
525,9.90405907050001,54.6040278425,0.577707409858704,0.5368730816719715,3
526,-105.4292696495,33.6206953485,0.459430903196335,0.46576425498035856,3
527,-113.6876026525,48.9706947345,0.42307522892952,0.44209033455114055,3
528,-112.7542693565,44.3373615865,0.449041455984116,0.4203220568481185,3
529,-94.0376034385,37.2123618715,0.601846575737,0.5826254502260857,3
530,-7.4792735675,37.3373618665,0.586789786815643,0.625482220965104,3
531,9.17905909949999,41.1706950465,0.586789786815643,0.6235959308302687,3
532,-96.1709366865,49.4956947135,0.420019149780273,0.4354488414589627,3
533,10.6040590425,48.1040281025,0.449705004692078,0.5334487965957413,3
534,15.1873921925,44.4873615805,0.658253967761993,0.5558247170648866,3
535,25.6540584405,58.1290277015,0.518693804740906,0.4853490001435357,3
536,-96.5209366725,31.4706954345,0.724089205265045,0.6176468227937228,3
537,36.0123913595,58.5540276845,0.461842238903046,0.4949505150985421,3
538,-90.7376035705,34.2790286555,0.443882584571838,0.5636153375529567,3
539,5.04572593149999,46.9623614815,0.701584756374359,0.5853016772706546,3
540,7.80405915450001,48.4040280905,0.592965185642242,0.5560854292233645,3
541,-2.0459404515,48.4956947535,0.601225674152374,0.5589636510870225,3
542,9.4040590905,53.4040278905,0.545654118061066,0.5456981984020427,3
543,-121.6626023335,42.7873616485,0.440121561288834,0.4590057785420954,3
544,-91.9709368545,32.9373620425,0.575081527233124,0.5451730569014759,3
545,7.98739248050001,45.6206948685,0.490800112485886,0.5540486010980282,3
546,-82.5792705635,28.5790288835,0.56265252828598,0.5102666676074086,3
547,-98.7042699185,42.8040283145,0.573991298675537,0.5444221237024606,3
548,7.96239248149999,61.0790275835,0.591212034225464,0.5157882556593625,3
549,9.35405909249999,42.7206949845,0.746770203113556,0.6304067218090563,3
550,-116.7292691975,32.7623620495,0.668973445892334,0.6666034649399105,3
551,8.3540591325,44.5456949115,0.62218701839447,0.6104996858660888,3
552,15.4373921825,40.8540283925,0.775422334671021,0.6229514962995777,3
553,-89.9959369335,15.0040294265,0.589112758636475,0.5967639258618113,3
554,108.1207218085,15.1123627555,0.50398862361908,0.5965253835449895,3
555,-2.58760709649999,42.6706949865,0.720066606998444,0.6083620838821925,3
556,-92.8626034855,46.9123614835,0.41154158115387,0.4567374517436225,3
557,-83.1792705395,32.7956953815,0.430136561393738,0.5289710623337155,3
558,13.0040589465,53.1040279025,0.50963306427002,0.5162387586858617,3
559,-87.6542703605,33.3790286915,0.534571051597595,0.5284843304912371,3
560,169.0623860375,-46.5709681105,0.74334979057312,0.587109302769499,3
561,-93.3126034675,47.4623614615,0.448052495718002,0.44426507586771385,3
562,-76.7376041305,37.3123618675,0.547743439674377,0.5195315378001587,3
563,174.9207191365,-37.4709684745,0.653838932514191,0.6042998541903568,3
564,-95.5876033765,32.8623620455,0.659380674362183,0.5905947334358888,3
565,129.1623876335,35.7040285985,0.533007800579071,0.5478312986166072,3
566,8.90405911049999,50.0040280265,0.485216587781906,0.54023442589237,3
567,-83.5792705235,41.7706950225,0.58211213350296,0.5562740968825943,3
568,-81.9376039225,29.1373621945,0.493870288133621,0.510261423163013,3
569,-123.9959355735,42.7456949835,0.458185583353043,0.5120229935636785,3
570,-86.4209370765,30.5290288055,0.491557061672211,0.5080225436811814,3
571,-95.2459367235,32.0790287435,0.537605345249176,0.5624935435382392,3
572,-84.0792705035,31.7123620915,0.608164191246033,0.5295275677011159,3
573,34.2957247615,60.3456942795,0.477901041507721,0.4850441352665768,3
574,-126.7959354615,59.0040276665,0.481696546077728,0.4075714572261828,3
575,-131.3959352775,65.6040274025,0.458860605955124,0.4518624416669862,3
576,-129.9959353335,59.8040276345,0.418647617101669,0.4208610719187961,3
577,-131.9959352535,58.2040276985,0.34064906835556,0.41861074050255154,3
578,148.9873868405,61.3373609065,0.390669107437134,0.4533612337715047,3
579,171.0290526255,-44.0209682125,0.468497455120087,0.6114738692281102,3
580,-0.587607176500001,40.3290284135,0.477901041507721,0.5357455855256085,3
581,2.7957260215,43.6290282815,0.422920763492584,0.5616630370848869,3
582,-52.3959384375,-12.7959694615,0.665852546691895,0.5882064022537764,3
583,-88.1542703405,31.8706954185,0.589621901512146,0.5290604256947253,3
584,-93.0626034775,35.5623619375,0.540447235107422,0.5405523107014225,3
585,127.8207210205,37.8873618445,0.593647718429565,0.5536582919715746,3
586,128.3540543325,37.4123618635,0.569301187992096,0.5382828316724619,3
587,-8.62094018850001,42.1956950055,0.507651269435883,0.5914626591059483,3
588,-80.8376039665,34.7456953035,0.518866717815399,0.5239044711159138,3
589,-7.98760688050001,43.2790282955,0.504904747009277,0.5598415194148961,3
590,-80.9376039625,36.6956952255,0.376433223485947,0.5510934150810419,3
591,-105.7626029695,39.4290284495,0.42891401052475,0.421080109969545,3
592,-106.0542696245,40.7706950625,0.405985414981842,0.4222513432348525,3
593,-119.4209357565,43.8790282715,0.431975871324539,0.44484480649827957,3
594,18.9207253765,49.7790280355,0.548141360282898,0.5426772553441183,3
595,11.1540590205,61.7540275565,0.434428036212921,0.4767807627504622,3
596,-59.9042714705,-2.4043032105,0.702275931835175,0.6068248910808105,3
597,-49.8626052055,-29.0709688105,0.532900631427765,0.6089169676809671,3
598,-49.2209385645,-28.8043021545,0.612232685089111,0.5693673118550877,3
599,-65.1709379265,48.1206947685,0.511243402957916,0.4922557506985525,3
600,-84.9292704695,33.0123620395,0.509284675121307,0.5235171099141165,3
601,-81.9459372555,33.6873620125,0.493941813707352,0.519948776782122,3
602,-94.8126034075,36.4706952345,0.633423089981079,0.5949807746370998,3
603,22.4707252345,60.5373609385,0.575571358203888,0.48891462531551405,3
604,-80.1959373255,46.0040281865,0.632134556770325,0.47646798300305676,3
605,-75.8376041665,42.4290283295,0.508335649967194,0.536723562039697,3
606,-75.4126041835,41.5873616965,0.52377587556839,0.5398929025145177,3
607,-93.5626034575,38.2873618285,0.550731539726257,0.570979089615796,3
608,-111.3209360805,44.8790282315,0.435050129890442,0.4271817468191841,3
609,-120.9792690275,41.0290283855,0.386088728904724,0.4810149456279284,3
610,9.50405908650001,63.4456941555,0.477901041507721,0.5060174107418782,3
611,15.1873921925,67.3206940005,0.541079342365265,0.5029612839979996,3
612,-81.5542706045,30.8123621275,0.510455727577209,0.507874929062689,3
613,-60.4376047825,50.8040279945,0.456406772136688,0.45265929763040064,3
614,-58.0292715455,51.6540279605,0.458860605955124,0.45261658683104317,3
615,-114.5959359495,60.4040276105,0.422428846359253,0.45059422130270754,3
616,-57.3959382375,53.4040278905,0.458860605955124,0.4540197036526698,3
617,-117.0876025165,59.7290276375,0.402210295200348,0.443078064786,3
618,6.39572587749998,59.0373609985,0.477901041507721,0.4909001571120993,3
619,95.6040556425,27.9873622405,0.606674313545227,0.5092859419930303,3
620,-72.5459376315,47.0790281435,0.545012831687927,0.5125349739169156,3
621,-78.7292707175,40.8706950585,0.44950059056282,0.5536107873203583,3
622,-69.4459377555,47.6956947855,0.392957955598831,0.4833502132895838,3
623,-73.2209376045,46.4290281695,0.660396039485931,0.5300214862519771,3
624,-78.2126040715,41.6456950275,0.682659268379211,0.5297739660648043,3
625,-82.3959372375,46.8040281545,0.426484495401382,0.45025647351186676,3
626,-74.8376042065,46.9373614825,0.656261622905731,0.4691532928641787,3
627,-84.2376038305,45.4790282075,0.455897986888885,0.4746234812165043,3
628,-64.7959379415,46.4040281705,0.452643424272537,0.5024729142723924,3
629,5.8873925645,51.6290279615,0.644990861415863,0.5445792596047337,3
630,-78.1126040755,34.0623619975,0.514429450035095,0.5293246955394468,3
631,-124.5959355495,51.8040279545,0.427060097455978,0.437845356275738,3
632,-126.7959354615,51.2040279785,0.429147243499756,0.4337730860268062,3
633,-116.7959358615,50.6040280025,0.34064906835556,0.43602916184602997,3
634,-69.8876044045,48.2373614305,0.440861433744431,0.5037240485551752,3
635,-104.2459363635,54.6123611755,0.421169489622116,0.4326103765597936,3
636,-66.5959378695,51.4540279685,0.470648884773254,0.4543553163583963,3
637,-68.5292711255,50.2373613505,0.451108068227768,0.4595269090544236,3
638,-66.6626045335,50.3956946775,0.454300999641418,0.4542023825254023,3
639,-91.9959368535,51.6040279625,0.418818563222885,0.4492569083949613,3
640,-100.9959364935,53.4040278905,0.471216678619385,0.4424056233848925,3
641,-56.3959382775,52.2040279385,0.455231577157974,0.45472441126224505,3
642,-82.9959372135,48.6040280825,0.460915774106979,0.4465956500660539,3
643,-50.9376051625,-26.4626355815,0.630733728408813,0.5746129583978954,3
644,-71.5542710045,42.8873616445,0.408819139003754,0.5322327147494572,3
645,-90.0459369315,31.6290287615,0.588452160358429,0.5298756267406673,3
646,18.6790587195,52.8956945775,0.421031773090363,0.5135564368252667,3
647,14.3373922265,53.7040278785,0.557232141494751,0.5266814534192774,3
648,1.5707260705,47.5123614595,0.587535202503204,0.5862769630681153,3
649,16.4040588105,53.2623612295,0.606856107711792,0.5077697285057453,3
650,-62.3959380375,45.4040282105,0.498731672763824,0.5010887513204015,3
651,20.0790586635,54.8873611645,0.594109952449799,0.5134661917420712,3
652,24.2790584955,47.8873614445,0.599009037017822,0.5046213453353969,3
653,-115.5959359095,60.8040275945,0.437345296144485,0.4517664540511196,3
654,-122.2042689785,44.8206949005,0.442497223615646,0.4703497705053339,3
655,-122.8626022855,47.9206947765,0.42775484919548,0.5162215016095505,3
656,-123.5126022595,47.5040281265,0.434540718793869,0.4438689488363961,3
657,25.5207251125,69.4206939165,0.591212034225464,0.5219708668758888,3
658,-61.3542714125,51.8290279535,0.457210302352905,0.45446974869228035,3
659,-99.9959365335,56.2206944445,0.402637958526611,0.4390682994524123,3
660,30.3457249195,62.8706941785,0.477901041507721,0.47784406351865755,3
661,-98.5959365895,56.4040277705,0.458860605955124,0.4445920888106485,3
662,-96.5959366695,53.4040278905,0.458860605955124,0.449851491518014,3
663,-116.3459358795,46.7290281575,0.436190783977509,0.4731377135250748,3
664,-116.8126025275,48.8373614065,0.410326451063156,0.4539927914757863,3
665,-120.0626023975,48.0290281055,0.427974104881287,0.44963233680984294,3
666,-121.2792690155,45.8790281915,0.415084272623062,0.48842369973364147,3
667,30.8957248975,63.5790274835,0.441006392240524,0.47563077317189595,3
668,-97.6876032925,55.6040278025,0.422623932361603,0.44023889062824617,3
669,-114.7959359415,58.2040276985,0.399531304836273,0.42876806086873903,3
670,-120.5959357095,62.0040275465,0.454334080219269,0.45008453104571344,3
671,-0.387607184500013,43.8873616045,0.462533622980118,0.5762603898832473,3
672,-82.1126039155,27.5206955925,0.650901556015015,0.5173572784291127,3
673,36.0540580245,63.4540274885,0.482289463281631,0.48604074399733377,3
674,-80.6126039755,26.1290289815,0.415516018867493,0.5353563273799642,3
675,-70.2959377215,46.7290281575,0.60670804977417,0.4711684038135879,3
676,-132.3959352375,53.4040278905,0.439661681652069,0.45124244923207085,3
677,-119.7959357415,57.4040277305,0.431305348873138,0.42704909849995243,3
678,-86.6376037345,45.6290282015,0.413118630647659,0.4879485873496785,3
679,-5.59594030950001,42.0540283445,0.396124988794327,0.6177828925893024,3
680,-0.970940494500013,37.9290285095,0.606798827648163,0.625519015535655,4
681,12.3123923075,45.1373615545,0.674686253070831,0.5805115398101323,4
682,4.65405928050001,52.6456945875,0.60115259885788,0.5483785137889604,4
683,-1.5209404725,47.3956947975,0.471427619457245,0.567647771659328,4
684,-88.8209369805,39.3623617855,0.625629305839539,0.5683450295437765,4
685,-75.5959375095,45.5706948705,0.695825576782227,0.5096381195041626,4
686,29.0957249695,59.6956943055,0.450166821479797,0.4908437119364797,4
687,-73.0959376095,44.2456949235,0.450653076171875,0.535357974237773,4
688,10.5040590465,49.3040280545,0.502216815948486,0.5546939430355566,4
689,-0.3542738525,47.7373614505,0.614486873149872,0.5868236456990039,4
690,-89.4542702885,44.8040282345,0.522807896137238,0.49452122954345684,4
691,5.17072592650001,47.5540281245,0.636275947093964,0.6068274805597403,4
692,-82.8626038855,40.2040284185,0.603767395019531,0.5628194501580798,4
693,-88.7542703165,43.9956949335,0.477934509515762,0.525422297972786,4
694,6.80405919449998,46.0623615175,0.493111819028854,0.5330306608160144,4
695,-114.2876026285,44.8040282345,0.45969420671463,0.4329048501523791,4
696,-121.9126023235,37.0123618795,0.505589723587036,0.628903163552196,4
697,28.5873916565,57.8206943805,0.481299698352814,0.49617312380044987,4
698,-123.3959355975,62.0040275465,0.432871729135513,0.4488392743202235,4
699,-112.5959360295,60.6040276025,0.419658869504929,0.4469910888642324,4
700,-97.9792699475,30.2206954845,0.643016636371613,0.6402593859796283,4
701,-98.0209366125,48.0206947725,0.44488650560379,0.5076920639744951,4
702,-96.2126033515,47.8706947785,0.502213776111603,0.4918748976164125,4
703,-89.3126036275,41.1123617155,0.564818739891052,0.5583004633530344,4
704,-90.2209369245,40.8623617255,0.75258606672287,0.5655019739071845,4
705,-98.3209366005,35.5373619385,0.408438384532928,0.6057014187310422,4
706,-92.5209368325,39.8373617665,0.533069968223572,0.5709780363730592,4
707,-95.2292700575,38.8206951405,0.524764895439148,0.6074316256248986,4
708,-122.5542689645,38.3540284925,0.659606754779816,0.6123022455890599,4
709,0.370726118499988,40.8040283945,0.614486873149872,0.6006159283111894,4
710,-88.7459369835,15.5040294065,0.398333340883255,0.5533860346874302,4
711,-89.4959369535,16.5040293665,0.619814217090607,0.5753199402577587,4
712,-96.0042700265,30.5790288035,0.49447774887085,0.5966241180953437,4
713,16.9290587895,50.2456946835,0.420257836580276,0.49016106750825716,4
714,-1.1792738195,45.0456948915,0.510462522506714,0.5539821037497273,4
715,-83.7292705175,44.3540282525,0.433363974094391,0.488270368681693,4
716,-84.4376038225,37.5123618595,0.684711694717407,0.544202172237639,4
717,150.2457201235,-35.3876352245,0.732925057411194,0.6654110660651322,4
718,-91.4209368765,29.9290288295,0.428333342075348,0.5167962564517462,4
719,3.59572598950001,46.6123614955,0.605935573577881,0.5672782199882398,4
720,2.1040593825,46.8540281525,0.701584756374359,0.5818592018256105,4
721,126.9123877235,34.5706953105,0.58011531829834,0.5566370974539572,4
722,-0.2959405215,46.3706948385,0.453659296035767,0.5964937474744023,4
723,9.5207257525,55.3123611475,0.659756064414978,0.5112863274411744,4
724,2.77905935550001,49.5623613775,0.641006231307983,0.5701417224174249,4
725,-89.7209369445,43.9706949345,0.595707178115845,0.4961117322371417,4
726,-91.1126035555,43.4956949535,0.52517157793045,0.5171143195071829,4
727,0.4040594505,46.0040281865,0.496076583862305,0.6073326666130048,4
728,-104.4876030205,44.4873615805,0.440121561288834,0.4523635140093531,4
729,-112.4126027035,34.4706953145,0.572655022144318,0.5443525429814304,4
730,5.63739257450001,60.4373609425,0.390979200601578,0.5127283790328195,4
731,-90.2042702585,31.0290287855,0.628811180591583,0.5284207714298179,4
732,-97.3209366405,30.8290287935,0.660000026226044,0.6317245489747835,4
733,-93.0709368105,38.8040284745,0.552049815654755,0.6112177292270612,4
734,12.9207256165,42.9290283095,0.614486873149872,0.6063088291886061,4
735,-111.8292693935,37.6540285205,0.440121561288834,0.49580471286918826,4
736,-73.2876042685,10.5290296055,0.464486718177795,0.6105226937684028,4
737,107.5457218315,15.8123627275,0.636607766151428,0.5707189066481079,4
738,-74.6376042145,40.7790283955,0.543104648590088,0.5356279316925009,4
739,128.4623876615,38.2373618305,0.565942585468292,0.5522939238249864,4
740,23.8707251785,52.7790279155,0.536292731761932,0.4973535897298242,4
741,2.54572603150001,46.2540281765,0.603490054607391,0.60387789426045,4
742,-88.1876036725,33.7790286755,0.489652663469315,0.5346598465095773,4
743,-1.4709404745,49.3456947195,0.578728973865509,0.5709005473383082,4
744,-95.6459367075,47.3623614655,0.471234321594238,0.4618826785295314,4
745,-95.0709367305,46.5540281645,0.497957170009613,0.4785690663427673,4
746,-1.07094049049999,46.7790281555,0.59181010723114,0.5974421110716921,4
747,7.50405916649999,49.6040280425,0.603225409984589,0.559880245759321,4
748,-92.2792701755,36.8623618855,0.640573441982269,0.5683802770635175,4
749,8.0040591465,50.3040280145,0.572181761264801,0.5385677070561381,4
750,-77.9959374135,44.0040282665,0.307142853736877,0.5344372564951988,4
751,-93.3042701345,32.7123620515,0.500677406787872,0.5325650383069244,4
752,-82.2209372445,29.7290288375,0.465215861797333,0.5274554802961496,4
753,-113.5209359925,44.5790282435,0.411289930343628,0.4285770310892161,4
754,-122.7959356215,56.6040277625,0.412868201732635,0.42309626438528997,4
755,-129.3959353575,56.4040277705,0.347506016492844,0.4426497223032858,4
756,-123.3209356005,38.5790284835,0.495891004800797,0.5564953317021215,4
757,-84.8292704735,31.3956954375,0.542630136013031,0.5229604019290776,4
758,-94.9209367365,33.0290287055,0.49727588891983,0.5722212117103386,4
759,-123.5959355895,61.2040275785,0.419553339481354,0.4419653354057123,4
760,34.3373914265,64.9623607615,0.477901041507721,0.4863007774989125,4
761,-129.1959353655,61.2040275785,0.458860605955124,0.4329120995779568,4
762,-123.5959355895,60.6040276025,0.40438637137413,0.44441540549548936,4
763,-8.62927352150001,42.8956949775,0.641803562641144,0.5478377406786381,4
764,-80.0626039975,38.2373618305,0.534973978996277,0.5468277738914523,4
765,15.2707255225,50.9290279895,0.420257836580276,0.49757623176664034,4
766,-95.2876033885,35.0290286255,0.623886048793793,0.5769909219730892,4
767,-88.1709370065,32.9540287085,0.57340943813324,0.5395673653747448,4
768,-81.8876039245,36.2206952445,0.655292332172394,0.5509536506986208,4
769,175.5040524465,-38.7543017565,0.539484620094299,0.584357192189922,4
770,151.9123867235,-28.6209688285,0.782772183418274,0.6637129476375004,4
771,172.9290525495,-41.0876349965,0.512084662914276,0.6318083195762466,4
772,-82.3876039045,34.1956953255,0.546256422996521,0.5270232292854229,4
773,-106.8626029255,37.1623618735,0.402687937021255,0.44509118204923437,4
774,-115.3459359195,53.3456945595,0.416261851787567,0.4280659464161,4
775,-117.1876025125,54.0706945305,0.428099125623703,0.4211613718676466,4
776,-115.5376025785,54.8123611675,0.436784684658051,0.4334341360851175,4
777,-126.7959354615,55.2040278185,0.34064906835556,0.41409138543477575,4
778,-107.5709362305,39.8123617675,0.375692039728165,0.4274838504099038,4
779,7.8790591515,46.3206948405,0.642892181873322,0.5191759907659027,4
780,-111.9959360535,57.8040277145,0.458860605955124,0.4327399825135269,4
781,-6.4959402735,41.8706950185,0.50644713640213,0.576756123742832,4
782,-54.9626050015,5.37069647849999,0.750861167907715,0.5932550543101623,4
783,3.5040593265,44.1456949275,0.570930778980255,0.5290207376409669,4
784,-87.5626036975,31.5373620985,0.566035270690918,0.5266365544614845,4
785,2.17905937949999,48.0040281065,0.701584756374359,0.5603624236108055,4
786,-88.7876036485,34.5623619775,0.543284893035889,0.5465770328496213,4
787,-86.0709370905,32.3873620645,0.51732212305069,0.5371838074972606,4
788,-78.8626040455,36.0040285865,0.488088190555573,0.5298718279129606,4
789,19.5957253495,49.3040280545,0.422680258750916,0.497640963016222,4
790,-123.5959355895,54.8040278345,0.360612869262695,0.41273723599774403,4
791,-128.3959353975,54.6040278425,0.384825110435486,0.47330330412792904,4
792,-138.6209349885,59.1706943265,0.390979200601578,0.44926564840411465,4
793,-123.5959355895,54.2040278585,0.4137102663517,0.418206102733905,4
794,9.35405909249999,46.7290281575,0.497956246137619,0.48795524239141685,4
795,19.3457253595,69.9873605605,0.59535539150238,0.5222587436948033,4
796,-122.7292689575,39.6206951085,0.444234371185303,0.470322205218205,4
797,-73.9542709085,47.6123614555,0.504824876785278,0.4758762880459701,4
798,-70.5542710445,45.2540282165,0.461281150579453,0.5243902418877711,4
799,-71.3709376785,48.1456947675,0.446800917387009,0.47008485153512136,4
800,11.4290590095,59.5206943125,0.475616753101349,0.4833952991844023,4
801,-88.7376036505,45.0873615565,0.380566596984863,0.477331829203737,4
802,-74.4209375565,42.0706950105,0.696961283683777,0.5443021619324973,4
803,-80.5959373095,48.0040281065,0.424013912677765,0.454920131035829,4
804,-85.7709371025,43.6290282815,0.537316560745239,0.49563206189646963,4
805,-63.1959380055,45.0040282265,0.417363196611404,0.4949896034394327,4
806,-83.5959371895,46.8040281545,0.454467982053757,0.4617813401600293,4
807,-72.2376043105,-48.2376347105,0.515999972820282,0.495819527427347,4
808,-76.0126041595,46.0790281835,0.462076902389526,0.5115790586994012,4
809,-86.0792704235,43.0206949725,0.505683183670044,0.525099049392541,4
810,-72.8792709515,45.8123615275,0.606681704521179,0.5191465383895639,4
811,-72.3376043065,46.4623615015,0.413460373878479,0.5079002349690246,4
812,-124.3959355575,52.6040279225,0.485029369592667,0.43852542431738,4
813,-123.5959355895,49.6040280425,0.421002209186554,0.4293295870209415,4
814,-76.3292708135,35.8873619245,0.483228415250778,0.5286107589616321,4
815,-76.7459374635,35.1123619555,0.536319494247437,0.5245867234519965,4
816,-67.4876045005,51.2123613115,0.458860605955124,0.4589228041726169,4
817,12.2040589785,60.8123609275,0.470768630504608,0.4640388626882288,4
818,-105.0792696635,54.2540278565,0.424092262983322,0.4272615310100686,4
819,-63.5792713235,51.9623612815,0.456695944070816,0.45358607892294844,4
820,-83.9959371735,49.4040280505,0.442860752344131,0.43912766368086026,4
821,98.8123888475,61.2790275755,0.474851012229919,0.4515047278018629,4
822,-89.5959369495,49.4040280505,0.458860605955124,0.4366974214797921,4
823,7.40405917050001,59.4623609815,0.47517603635788,0.4917227617518303,4
824,-130.0459353315,55.9290277895,0.463421851396561,0.4721762455457328,4
825,168.1957194055,-44.4459681955,0.582116007804871,0.5634776150024434,4
826,-74.3126042275,44.9706948945,0.670355200767517,0.5066024929487527,4
827,24.6873918125,58.8540276725,0.460240811109543,0.4872366994472024,4
828,4.8540592725,51.4123613035,0.597947955131531,0.5512644413886191,4
829,-73.7209375845,42.3873616645,0.590636253356934,0.5405001697882611,4
830,-71.5542710045,41.4290283695,0.475623369216919,0.5264771514953461,4
831,-70.4626043815,41.6873616925,0.516687512397766,0.5285503779790311,4
832,11.5957256695,63.7706941425,0.481478005647659,0.5068665845584496,4
833,170.5540526445,-45.8126348075,0.588401257991791,0.5899475337218789,4
834,9.66239241349999,61.8040275545,0.560399174690247,0.48133256493748716,4
835,-48.7792719155,-26.0126355995,0.655625641345978,0.5558502964713697,4
836,7.80405915450001,52.3040279345,0.579997360706329,0.5519695650250157,4
837,-73.2626042695,51.4206946365,0.430086731910706,0.4595908491797439,4
838,-96.5959366695,54.0040278665,0.452319175004959,0.4434113245998466,4
839,31.3623915455,59.8206943005,0.541669487953186,0.48767105608499,4
840,-96.1959366855,52.8040279145,0.467426359653473,0.4488342093780614,4
841,-87.9959370135,49.6040280425,0.465988218784332,0.44837490031953564,4
842,30.4790582475,69.6873605725,0.578534364700317,0.5329622999696801,4
843,10.1040590625,52.9040279105,0.475580424070358,0.5279140611299197,4
844,-114.8209359405,46.9290281495,0.430546641349792,0.4420029063437343,4
845,-121.0209356925,46.4373615025,0.451908618211746,0.44897979582340236,4
846,-116.1959358855,47.3123614675,0.444456905126572,0.4599626058394067,4
847,-120.8792690315,47.7956947815,0.441968619823456,0.4588736594902371,4
848,-114.7292692775,46.2456948435,0.436991482973099,0.4386512588328637,4
849,-75.4209375165,51.2123613115,0.458037823438644,0.451689474024484,4
850,-73.9626042415,51.9956946135,0.463559746742249,0.45096908744923253,4
851,-115.2459359235,56.5206944325,0.412794858217239,0.4235030576942503,4
852,-105.3709363185,54.8123611675,0.41970494389534,0.42902099246174347,4
853,-65.2292712575,50.3290280135,0.458248823881149,0.45509704014149305,4
854,-72.5792709635,-38.6543017605,0.501340687274933,0.5385328609695843,4
855,-81.8876039245,28.4373622225,0.540530800819397,0.5381533853800352,4
856,33.1873914725,60.9540275885,0.481201350688934,0.47891223304106917,4
857,33.0207248125,65.2790274155,0.474411576986313,0.47902671291614823,4
858,-76.3292708135,36.6123618955,0.516308546066284,0.5260874889953164,4
859,-123.7959355815,48.6040280825,0.45969420671463,0.4751209068508173,4
860,-127.5959354295,52.2040279385,0.423810482025146,0.4515164879927853,4
861,33.5873914565,64.4040274505,0.484384685754776,0.47428119137845487,4
862,153.2623866695,-29.6043021225,0.786000967025757,0.6493170133852314,4
863,-121.9959356535,62.0040275465,0.487018465995789,0.4549757175125481,4
864,-122.9959356135,59.0040276665,0.457770884037018,0.4317484754414849,4
865,-86.2126037515,44.7040282385,0.657410323619843,0.5219885056404306,4
866,-74.6126042155,52.5706945905,0.439788311719894,0.45530137413552485,4
867,-61.1959380855,53.0040279065,0.455708384513855,0.45392081016705516,4
868,10.8623923655,60.8123609275,0.420257836580276,0.48632343082336693,4
869,-96.7709366625,33.8040286745,0.696571528911591,0.6272439693589871,4
870,145.2790536555,-35.8376352065,0.714345395565033,0.6529767422385547,5
871,-1.0042738265,42.2123616715,0.606798827648163,0.6068739312012512,5
872,5.8957258975,45.7123615315,0.698890805244446,0.5604406135473854,5
873,-114.2959359615,38.8206951405,0.434471756219864,0.456780560133161,5
874,-118.2376024705,45.4540282085,0.428040117025375,0.4475829967520728,5
875,-120.1876023925,42.3206950005,0.412094861268997,0.4370537252829376,5
876,150.0623867975,-28.2959688415,0.62187135219574,0.6472963157786541,5
877,-94.6959367455,30.0706954905,0.343823492527008,0.5411609265426041,5
878,-2.25427377650001,40.6123617355,0.614486873149872,0.5477755297254416,5
879,-1.97094045450001,42.2456950035,0.606798827648163,0.6074011152750828,5
880,-119.6292690815,34.7040286385,0.477339208126068,0.5121839381153807,5
881,14.8457255395,38.0373618385,0.594047844409943,0.6209856616440862,5
882,-52.5709384305,-26.4709689145,0.525951504707336,0.5833828403957719,5
883,-53.5959383895,-26.9543022285,0.486569672822952,0.5842622309899922,5
884,-89.5959369495,32.2290287375,0.50605845451355,0.5354675434767276,5
885,-80.4126039835,41.8873616845,0.440481096506119,0.5463654483823186,5
886,-83.8709371785,39.9956950935,0.581081867218018,0.5829035245236721,5
887,-83.5042705265,39.3040284545,0.574368119239807,0.5744912325752377,5
888,10.6040590425,48.7040280785,0.528616547584534,0.5521309940049324,5
889,14.1207255685,41.6456950275,0.651898324489594,0.6253801201896526,5
890,-91.9792701875,43.4206949565,0.432536333799362,0.527781194936683,5
891,-91.3626035455,34.5623619775,0.593903601169586,0.5672916720702336,5
892,-100.1709365265,48.8373614065,0.629999995231628,0.4619879529611587,5
893,-98.1126032755,51.1790279795,0.419999986886978,0.4557901286618378,5
894,-90.9292702295,39.4956951135,0.587846755981445,0.5892247423920227,5
895,-2.8042737545,42.0373616785,0.477901041507721,0.49403418114442454,5
896,-5.2542736565,39.1873617925,0.649701297283173,0.5878973148967181,5
897,-4.3292736935,38.4540284885,0.50644713640213,0.5913191010772906,5
898,-120.4792690475,34.7206953045,0.666599988937378,0.6434959760322934,5
899,11.9207256565,42.2456950035,0.786389410495758,0.6247303064280607,5
900,-116.6959358655,43.0456949715,0.602045297622681,0.47112571852959834,5
901,-61.4126047435,6.1123631155,0.757889866828918,0.6179850518238376,5
902,36.1040580225,7.27069640249999,0.610633730888367,0.5884819408284157,5
903,-91.1459368875,32.9373620425,0.542956233024597,0.5517902597686213,5
904,-89.9959369335,29.7456955035,0.556256592273712,0.5050278345705026,5
905,174.8707191385,-39.1293017415,0.686516463756561,0.6005914267486632,5
906,-91.9626035215,46.9623614815,0.421871364116669,0.4457430800989679,5
907,-96.1292700215,32.4873620605,0.630315780639648,0.6258485665623422,5
908,-89.8042702745,35.6623619335,0.636427760124207,0.5635811295064043,5
909,175.3457191195,-41.4876349805,0.569087326526642,0.6076439895465965,5
910,-89.2792702955,46.5873614965,0.434622317552567,0.48044796781404353,5
911,4.6707259465,46.3956948375,0.462426275014877,0.5738997819001888,5
912,-90.0792702635,43.3706949585,0.455248117446899,0.530226350840146,5
913,17.1540587805,51.2040279785,0.477901041507721,0.5351802184567306,5
914,-2.06260711749999,47.8456947795,0.50670063495636,0.5781093090463906,5
915,2.95405934850001,47.0123614795,0.614486873149872,0.5985861378640589,5
916,22.0790585835,54.6790278395,0.5389763712883,0.5158649506624745,5
917,126.6873877325,36.3706952385,0.556448757648468,0.5524380305478032,5
918,26.9790583875,58.2540276965,0.474885553121567,0.5017301287145735,5
919,-119.5792690835,37.2956952015,0.476179569959641,0.5808730381518512,5
920,6.55405920449999,44.5956949095,0.48471462726593,0.5289336557709821,5
921,35.1957247255,62.3373608665,0.449555724859238,0.4844051156529563,5
922,-97.6792699595,33.7456953435,0.752084374427795,0.6256567781507711,5
923,-118.9792691075,36.8456952195,0.686082482337952,0.5730014249918294,5
924,-120.3626023855,35.2956952815,0.75,0.6361855665845086,5
925,11.9290589895,43.9956949335,0.635227382183075,0.6006088461981962,5
926,-50.5792718435,-27.4543022085,0.612439692020416,0.5901710365883123,5
927,-85.9709370945,33.2206953645,0.495340198278427,0.5316985049584568,5
928,-94.4292700895,46.9873614805,0.535360872745514,0.454340940440641,5
929,-85.0792704635,36.3290285735,0.537559866905212,0.547364362108188,5
930,-79.0626040375,38.5206951525,0.528042852878571,0.552124062173022,5
931,128.0873876765,42.3623616655,0.465631127357483,0.4678308011370749,5
932,151.4540534085,-32.1459686875,0.725269675254822,0.6626480661818593,5
933,30.9707248945,55.9456944555,0.491942852735519,0.5008624367360905,5
934,-86.5959370695,32.8206953805,0.493870288133621,0.5354733087659976,5
935,-94.4709367545,45.6290282015,0.509692192077637,0.4811649883716437,5
936,-88.1376036745,31.1706954465,0.514138221740723,0.5138043323959451,5
937,-122.5126022995,43.9873616005,0.461323201656342,0.5298757039615456,5
938,-123.7459355835,39.8790284315,0.515459656715393,0.5583272375480948,5
939,-134.9376018025,58.9373610025,0.432022392749786,0.44630896599095343,5
940,-124.3292688935,43.2873616285,0.41180682182312,0.534043529966803,5
941,26.0540584245,47.2873614685,0.65508359670639,0.507933612860767,5
942,-78.9376040425,34.6956953055,0.517927646636963,0.5334781153775259,5
943,-134.3959351575,59.6040276425,0.400529116392136,0.43076602629762956,5
944,148.0373868785,-25.1126356355,0.647540330886841,0.6669522972944142,5
945,-5.64594030750001,39.7373617705,0.50644713640213,0.5976460181732535,5
946,-93.8126034475,35.7206952645,0.529566586017609,0.5584485327191216,5
947,-81.0292706255,38.4456951555,0.517436385154724,0.5343061715056752,5
948,152.8457200195,-26.6043022425,0.73362410068512,0.6953971808646839,5
949,-83.6626038535,35.7540285965,0.496369332075119,0.5447047966622499,5
950,-80.1626039935,36.5623618975,0.500411987304688,0.5262880549314065,5
951,128.1457210075,35.2873619485,0.477303355932236,0.5637024011351673,5
952,-94.2126034315,34.5456953115,0.643333315849304,0.5679755527957571,5
953,-81.2792706155,35.3290286135,0.561519503593445,0.5313848298723115,5
954,-117.0126025195,45.1790282195,0.453587144613266,0.442506967028097,5
955,-111.1792694195,43.0790283035,0.372311681509018,0.44830820525433823,5
956,-118.6709357865,54.5956945095,0.436367809772491,0.438194917007756,5
957,-104.9959363335,38.6123618155,0.44176584482193,0.44303283376852176,5
958,-115.9459358955,52.5540279245,0.425208151340485,0.4420528722213164,5
959,-124.0792689035,46.8040281545,0.424974620342255,0.5288798976700684,5
960,-107.0792695835,41.1790283795,0.393658190965652,0.41949107951922654,5
961,-120.5959357095,55.0040278265,0.438165217638016,0.4219790853376283,5
962,9.01239243949999,46.0873615165,0.648617208003998,0.5485585457837002,5
963,-100.9626031615,51.6956946255,0.420744150876999,0.4216245689356581,5
964,-121.3959356775,56.0040277865,0.392515927553177,0.43425444157862386,5
965,-3.82927371350002,40.8790283915,0.771317541599274,0.5303278169387314,5
966,-7.64594022750001,42.4873616605,0.5533447265625,0.5619845382933647,5
967,-76.2792708155,41.4706950345,0.548805058002472,0.5396790410147193,5
968,-87.3959370375,32.7706953825,0.493763029575348,0.5264790199892485,5
969,-83.2709372025,34.4706953145,0.549170911312103,0.5282622828244106,5
970,169.7540526765,-43.5626348975,0.573797523975372,0.5762506954421214,5
971,171.5623859375,-42.5209682725,0.533455669879913,0.5974945100872742,5
972,-87.1126037155,33.8373620065,0.543154060840607,0.5360654643463941,5
973,-81.0292706255,36.0290285855,0.579324185848236,0.521954631011344,5
974,-123.5209355925,40.9040283905,0.483734995126724,0.5213596889815459,5
975,-120.7126023715,39.4540284485,0.404512286186218,0.45295290861272175,5
976,-112.3042693745,46.4956948335,0.426358550786972,0.4324199798696318,5
977,-123.0876022765,41.3956950375,0.45034059882164,0.479007437468497,5
978,-123.3959355975,53.0040279065,0.433637320995331,0.43088888744191994,5
979,-127.5959354295,54.2040278585,0.365888208150864,0.4253993363639605,5
980,-110.3792694515,43.0206949725,0.403426468372345,0.4522011054745593,5
981,-122.1959356455,60.4040276105,0.471879422664642,0.4455038993690625,5
982,-62.3959380375,53.2040278985,0.456125974655151,0.4550259939520674,5
983,-113.6876026525,46.9540281485,0.464593142271042,0.4517953548215982,5
984,5.39572591749999,59.4123609835,0.429768294095993,0.4974832946873682,5
985,-86.4126037435,44.0873615965,0.518203020095825,0.5323264618282735,5
986,-71.0959376895,44.5040282465,0.425972789525986,0.5300116270882365,5
987,-68.2959378015,46.1456948475,0.355495989322662,0.5177552315567292,5
988,-67.9709378145,47.0540281445,0.467952340841293,0.4871547228968684,5
989,-67.9459378155,45.5790282035,0.476311534643173,0.5145298002429086,5
990,-71.7042709985,47.4373614625,0.454491794109344,0.4604982852201585,5
991,9.96239240150001,44.4540282485,0.660357773303986,0.5678944448662402,5
992,-82.3959372375,47.6040281225,0.425732642412186,0.43958727266363024,5
993,-77.2709374425,45.9706948545,0.413264602422714,0.49413411032745436,5
994,-83.3959371975,47.6040281225,0.459188163280487,0.44238881154951326,5
995,-65.7959379015,44.0040282665,0.445793837308884,0.5042844315842561,5
996,14.0040589065,52.4040279305,0.491226643323898,0.5237645083915258,5
997,-61.3959380775,45.2040282185,0.445196837186813,0.49688119981962103,5
998,-66.9959378535,47.4040281305,0.434904724359512,0.4964169210748189,5
999,8.7040591185,52.7040279185,0.630221426486969,0.5599337821643955,5
1000,93.5123890595,26.9790289475,0.434134662151337,0.5265283614123561,5
1001,-62.7959380215,46.4040281705,0.493421524763107,0.5014416231047791,5
1002,-94.0542701045,30.2706954825,0.491003781557083,0.5350081950112594,5
1003,-128.3959353975,56.2040277785,0.357723027467728,0.41683472377448805,5
1004,-80.8876039645,33.2290286975,0.495885163545609,0.517295107696976,5
1005,-74.2626042295,50.1540280205,0.458860605955124,0.45139325477531694,5
1006,-76.0626041575,50.7206946645,0.426701426506042,0.454338675903001,5
1007,-56.9959382535,50.8040279945,0.446754783391953,0.4570410531452172,5
1008,-106.7959362615,55.2040278185,0.465073794126511,0.42681460014632855,5
1009,-114.7042692785,55.6206944685,0.419761806726456,0.4165412361882814,5
1010,13.8207255805,64.8790274315,0.562863707542419,0.4699627779060008,5
1011,-6.40427361050001,39.8206951005,0.771765053272247,0.5891838529142857,5
1012,-80.7959373015,25.2706956825,0.686696231365204,0.5588233847905639,5
1013,7.14572584749999,46.6706948265,0.467147201299667,0.5186052121771961,5
1014,2.93739268249999,45.5706948705,0.541023075580597,0.531559096173618,5
1015,-93.9959367735,33.6706953465,0.578551292419434,0.541509742783855,5
1016,-89.7959369415,30.4956954735,0.458489865064621,0.5145594353512556,5
1017,-81.0292706255,26.6456956275,0.416718125343323,0.5566795863995687,5
1018,-96.3959366775,55.2040278185,0.440029799938202,0.44836433840841233,5
1019,-99.9626032015,54.6540278405,0.42022031545639,0.4394915207733667,5
1020,-115.5959359095,62.0040275465,0.410941451787949,0.45089365849056184,5
1021,-109.5959361495,57.4040277305,0.419999986886978,0.44121775745580877,5
1022,22.5957252295,58.8790276715,0.496437698602676,0.4821707785516231,5
1023,-8.72094018449999,40.6873617325,0.50644713640213,0.5526979700812812,5
1024,-95.5792700435,51.0540279845,0.426566332578659,0.4439009985729322,5
1025,-64.9459379355,49.1706947265,0.443854540586472,0.4768384902198483,5
1026,-101.7959364615,55.8040277945,0.458860605955124,0.44289289682860683,5
1027,-152.3376011065,57.6040277225,0.390979200601578,0.45087223140974503,5
1028,-64.7959379415,51.7373612905,0.442436516284943,0.4529302204606167,5
1029,32.2123915115,63.8540274725,0.477901041507721,0.4755165300325561,5
1030,-149.4876012205,61.4206942365,0.406930088996887,0.4895869361674189,5
1031,-73.7542709165,49.1456947275,0.452718138694763,0.45190814109600796,5
1032,3.95405930850001,51.2373613105,0.396124988794327,0.5654963017958894,5
1033,-114.4209359565,45.6623615335,0.435199528932571,0.43226859117473654,5
1034,-115.9876025605,48.1623614335,0.361573249101639,0.4367545914963504,5
1035,-122.0542689845,46.9540281485,0.460033714771271,0.48598852453035224,5
1036,-115.3376025865,47.4956947935,0.427060097455978,0.44050122770663086,5
1037,-121.2876023485,47.2623614695,0.45969420671463,0.461182488569348,5
1038,-78.7292707175,50.1873613525,0.431308805942535,0.4477889493804513,5
1039,-96.9126033235,56.0956944495,0.402640461921692,0.44613758284962207,5
1040,-112.9959360135,55.6040278025,0.411706477403641,0.418135749815464,5
1041,-74.9042708705,51.9290279495,0.438102602958679,0.4534057987259579,5
1042,-1.25427381649999,44.0206949325,0.50644713640213,0.5396362079376076,5
1043,-81.1376039545,28.9706955345,0.488000005483627,0.527480528138811,5
1044,31.6540582005,65.5873607365,0.442100286483765,0.47865959188685836,5
1045,-135.3042684545,57.6540277205,0.443701863288879,0.47110362330809186,5
1046,-119.9959357335,62.6040275225,0.453735083341599,0.45735577027235796,5
1047,-117.7959358215,60.2040276185,0.458860605955124,0.43888504115174165,5
1048,30.7457249035,57.5373610585,0.601725876331329,0.48591578191544754,5
1049,-2.2876071085,39.9206950965,0.612629294395447,0.5811506972265894,6
1050,-0.512607179500009,41.7456950235,0.606798827648163,0.5952783978952001,6
1051,-98.1292699415,29.0290288655,0.745585203170776,0.6328112424467616,6
1052,-120.4542690485,44.2790282555,0.445455431938171,0.44734290842891555,6
1053,-118.4126024635,44.1373615945,0.445657074451447,0.4446553452635943,6
1054,-114.2792692955,47.4623614615,0.445759057998657,0.5291356303725204,6
1055,-118.0126024795,34.2373619905,0.701902329921722,0.6088168296255739,6
1056,-120.4042690505,35.9956952535,0.696706354618073,0.6278143540138383,6
1057,142.8707204185,-34.6293019215,0.714345395565033,0.6484969262163358,6
1058,-4.59594034950001,36.6123618955,0.586789786815643,0.6066249673881633,6
1059,-52.1959384455,-26.9959688935,0.61981213092804,0.5662399569054397,6
1060,5.9623925615,46.5373614985,0.445616602897644,0.515589654503846,6
1061,4.18739263250001,48.0790281035,0.609052240848541,0.5978094118690355,6
1062,127.7373876905,43.9623616015,0.49465674161911,0.48319821218687053,6
1063,13.0040589465,48.8040280745,0.583046019077301,0.5409129052511853,6
1064,-83.9792705075,42.4706949945,0.510128319263458,0.5532676135374341,6
1065,-84.3876038245,41.2790283755,0.615768790245056,0.5552459393130771,6
1066,-90.5459369115,42.8873616445,0.447312891483307,0.5374546248034138,6
1067,11.8040589945,49.3040280545,0.493308842182159,0.5430841198325366,6
1068,-82.2626039095,41.3956950375,0.590484023094177,0.5574489812728387,6
1069,-109.5376028185,42.8540283125,0.429215162992477,0.42493200951845456,6
1070,-111.4292694095,43.7123616115,0.456238061189651,0.43556394267393234,6
1071,-109.4376028225,46.8123614875,0.445022225379944,0.43568565518180163,6
1072,10.3040590545,47.4040281305,0.492730855941772,0.4894761409812557,6
1073,-127.9959354135,65.4040274105,0.429250866174698,0.4528582442311283,6
1074,-111.2792694155,47.1206948085,0.459825724363327,0.48965621967579215,6
1075,-116.6126025355,46.0956948495,0.419766455888748,0.46294675514228684,6
1076,-96.3626033455,42.2206950045,0.497160375118256,0.5461002425597883,6
1077,-91.4792702075,38.8540284725,0.608526051044464,0.586677843532918,6
1078,-96.9542699885,36.4706952345,0.681242346763611,0.5972466764961994,6
1079,-102.0209364525,48.6123614155,0.578909635543823,0.4831402933150329,6
1080,-98.8876032445,47.9790281075,0.629999995231628,0.47452953629544714,6
1081,-91.6292702015,41.9706950145,0.532594323158264,0.5606429927830583,6
1082,-88.8042703145,40.4123617435,0.654042184352875,0.5696025931551348,6
1083,-95.6209367085,36.3456952395,0.599466502666473,0.6019341275281185,6
1084,-94.8292700735,38.0873618365,0.553729712963104,0.586359704056525,6
1085,-96.4626033415,39.6623617735,0.575178623199463,0.5722675015594607,6
1086,-5.77094030250001,37.8706951785,0.711540281772614,0.6232683728103791,6
1087,-121.1126023555,35.6623619335,0.662786483764648,0.6409743087247138,6
1088,9.31239242749999,39.8123617675,0.588580369949341,0.6270761224867497,6
1089,12.3040589745,41.7290283575,0.61536055803299,0.5997217774503755,6
1090,177.5373856985,-17.6709692665,0.47052389383316,0.5852022757628449,6
1091,-90.4126035835,32.7456953835,0.667758285999298,0.546834020852552,6
1092,152.6207200285,-31.3293020535,0.752499461174011,0.593106490354571,6
1093,150.0207201325,-36.1709685265,0.740296602249146,0.6675357806095239,6
1094,33.4457247955,57.7790277155,0.558736622333527,0.4888014839046494,6
1095,149.5290534855,-35.6876352125,0.63556432723999,0.612408871700684,6
1096,152.3207200405,-25.5876356165,0.78758704662323,0.698217860218918,6
1097,96.2707222825,27.7956955815,0.298115611076355,0.535830095702199,6
1098,28.3873916645,56.3790277715,0.513695955276489,0.5021815466485994,6
1099,-90.3876035845,47.8373614465,0.341109454631805,0.45302131521903616,6
1100,-76.9959374535,39.6956951055,0.555945932865143,0.5424269896909807,6
1101,-86.3542704125,41.7123616915,0.541394829750061,0.5538395314117215,6
1102,-89.2209369645,36.2206952445,0.677714347839355,0.5573127609220699,6
1103,-1.1209404885,48.6873614125,0.55694305896759,0.5709796634294408,6
1104,-91.9042701905,30.6706954665,0.529637396335602,0.5426174357969601,6
1105,-87.9792703475,43.7040282785,0.552823066711426,0.534047366485941,6
1106,5.52905924550001,45.0956948895,0.458404660224915,0.5609022595680736,6
1107,-122.5959356295,52.6040279225,0.428471386432648,0.4350320555525421,6
1108,29.3290582935,61.2623609095,0.463550865650177,0.4794931980339254,6
1109,6.98739252050001,61.4873609005,0.591212034225464,0.5111632904746096,6
1110,36.3123913475,34.5623619775,0.511049747467041,0.616091649614843,6
1111,12.7540589565,42.2873616685,0.737616121768951,0.6161676829945173,6
1112,5.87905923150001,43.3956949575,0.785695493221283,0.6157053201485622,6
1113,13.2707256025,41.7956950215,0.7255739569664,0.592866498094797,6
1114,-61.6876047325,8.1123630355,0.710212051868439,0.6438495231568468,6
1115,-7.00427358650001,5.1790298195,0.71414190530777,0.6137279188774821,6
1116,-91.4876035405,38.0206951725,0.603808283805847,0.5752964183037177,6
1117,-86.6542704005,34.4873619805,0.527227938175201,0.5383959110180422,6
1118,-83.0459372115,37.8123618475,0.528201520442963,0.5368645076145963,6
1119,11.2040590185,50.6040280025,0.445204496383667,0.497112306774207,6
1120,149.4123868235,-36.5543018445,0.579514801502228,0.6190496004009849,6
1121,-81.1876039525,37.2540285365,0.538265287876129,0.5506949984525186,6
1122,-88.6126036555,35.6873619325,0.61838161945343,0.5547011316424622,6
1123,-83.8042705145,32.4540287285,0.552348375320435,0.5209824114343574,6
1124,177.8040523545,-38.6793017595,0.71399998664856,0.6038383754579867,6
1125,8.10405914250001,51.2040279785,0.442867159843445,0.5316160716438071,6
1126,7.10405918250001,50.2040280185,0.509630799293518,0.5550831471478102,6
1127,-84.7959371415,36.9206952165,0.591702580451965,0.5428216144701614,6
1128,-77.1959374455,44.4040282505,0.582163691520691,0.4973859661905298,6
1129,-94.4126034235,47.8540281125,0.409655094146729,0.4387037500109965,6
1130,-79.8126040075,40.8540283925,0.540380299091339,0.555100199710084,6
1131,29.9373916025,56.8206944205,0.477901041507721,0.496737500487777,6
1132,-88.4292703295,36.8873618845,0.62015026807785,0.5694769991771923,6
1133,6.20405921849999,50.0040280265,0.576371431350708,0.5517680421903775,6
1134,-86.5792704035,36.4373619025,0.589616894721985,0.5594691959719255,6
1135,-85.8292704335,36.8040285545,0.594714462757111,0.5731983013423159,6
1136,-78.9959373735,44.2040282585,0.444060355424881,0.5155908683467652,6
1137,-79.3126040275,47.4123614635,0.457472115755081,0.4566040626185732,6
1138,-124.0626022375,41.5873616965,0.483576625585556,0.5427677526651301,6
1139,-92.9209368165,34.3123619875,0.532862305641174,0.545884872480354,6
1140,-122.3959356375,55.6040278025,0.420473158359528,0.4277120824924023,6
1141,-151.8459344595,59.3123609875,0.390979200601578,0.4656655798591688,6
1142,7.1290591815,45.0956948895,0.622079432010651,0.48895172621356653,6
1143,-85.5042704465,30.4456954755,0.566885828971863,0.5029827533197849,6
1144,-126.5959354695,60.0040276265,0.439750850200653,0.4367552273434442,6
1145,-133.1959352055,58.8040276745,0.34064906835556,0.44809476794953973,6
1146,-125.7959355015,58.2040276985,0.380348980426788,0.4269407600768061,6
1147,-133.3709351985,58.0956943695,0.449999988079071,0.5014665705844432,6
1148,-132.0042685865,56.7623610895,0.449999988079071,0.45672817265713406,6
1149,-145.6709347065,61.2040275785,0.355714291334152,0.48035905362118164,6
1150,-5.01260699950001,37.9790285075,0.50644713640213,0.6076297607056887,6
1151,-78.6126040555,39.9706950945,0.561650156974792,0.5532517377599536,6
1152,-92.2959368415,34.8623619655,0.619664669036865,0.5622181862718382,6
1153,-7.22927357750001,43.5206949525,0.589458465576172,0.5658719025903102,6
1154,118.1373880745,29.2456955235,0.509589731693268,0.5462585221344035,6
1155,-71.6876043325,-40.0876350365,0.564669072628021,0.5143795486904745,6
1156,-2.2209404445,43.2623616295,0.509357511997223,0.556314946364287,6
1157,-78.8709373785,37.4873618605,0.554497897624969,0.5302501584478341,6
1158,-122.8626022855,43.2873616285,0.456655651330948,0.5149419098965633,6
1159,-123.8792689115,43.7790282755,0.441968858242035,0.5273574145254945,6
1160,-105.5042696465,35.5706952705,0.449567198753357,0.45370667968743067,6
1161,-123.4542689285,45.4123615435,0.45969420671463,0.4878046609521944,6
1162,-118.3959357975,49.6040280425,0.439898699522018,0.4315309631697261,6
1163,-117.4959358335,58.8873610045,0.415295392274857,0.4260288578666822,6
1164,-131.9959352535,59.0040276665,0.34064906835556,0.4309005235393035,6
1165,-130.9959352935,59.4040276505,0.34064906835556,0.4294197054858977,6
1166,-71.7292709975,-51.8376345665,0.515999972820282,0.510533694591607,6
1167,-5.4376069825,36.5790285635,0.772300601005554,0.6211063923001379,6
1168,-85.0709371305,43.9706949345,0.411299526691437,0.5100084591101302,6
1169,18.2707254025,48.4540280885,0.740699052810669,0.5716719065328165,6
1170,-85.2792704555,34.2206953245,0.53132563829422,0.5337504784804052,6
1171,-7.96260688149999,40.9290283895,0.50762677192688,0.5455012747026604,6
1172,-89.4626036215,34.0040286665,0.529680252075195,0.5452360531330182,6
1173,11.5290590055,58.8956943375,0.484639197587967,0.4950057444538705,6
1174,-76.6959374655,42.0123616795,0.412373393774033,0.5568483470860475,6
1175,-89.7292702775,34.9623619615,0.576307654380798,0.555265605478163,6
1176,-123.1459356075,40.2540284165,0.458567321300507,0.5197328893832589,6
1177,-124.3959355575,53.2040278985,0.462657004594803,0.4231127781876117,6
1178,-77.9376040825,48.8206947405,0.451745629310608,0.44685295479755915,6
1179,-77.4876041005,49.5206947125,0.462268203496933,0.4496590841098126,6
1180,-95.0292700655,35.7790285955,0.697497963905334,0.5953685803943015,6
1181,19.9790586675,68.5373606185,0.591212034225464,0.4994358996604372,6
1182,-79.4709373545,47.9873614405,0.454576045274734,0.44929280933642823,6
1183,-85.6292704415,46.4206948365,0.389513522386551,0.5060259020392819,6
1184,-92.0709368505,46.2790281755,0.519401967525482,0.4677798563962453,6
1185,-88.3376036665,45.6623615335,0.420215010643005,0.48735946834718713,6
1186,-80.5959373095,47.2040281385,0.422362059354782,0.45063718064687386,6
1187,-81.7959372615,48.2040280985,0.345292389392853,0.44411582387099485,6
1188,-72.6126042955,-50.6126346155,0.515652656555176,0.49991852477760423,6
1189,-74.1042709025,40.2456950835,0.495614469051361,0.5144935514082726,6
1190,-87.3459370395,46.4456948355,0.787752687931061,0.4984356674145692,6
1191,-81.4709372745,32.0540287445,0.562355160713196,0.5053639595640149,6
1192,-126.3959354775,54.0040278665,0.431486487388611,0.43487299565422216,6
1193,-75.4292708495,38.7623618095,0.534038782119751,0.5163322446015518,6
1194,-68.2959378015,48.0790281035,0.441204071044922,0.46290690908781057,6
1195,-74.6292708815,50.8373613265,0.467509418725967,0.4531735703171906,6
1196,-72.2542709765,50.3290280135,0.456108063459396,0.460127694740835,6
1197,30.8540582325,62.1456942075,0.497565299272537,0.47866507711582224,6
1198,-92.9959368135,51.0040279865,0.460339039564133,0.4465330499073502,6
1199,-97.3959366375,51.7290279575,0.458860605955124,0.4463891878311243,6
1200,-58.9626048415,51.8456946195,0.44437164068222,0.4586490558539825,6
1201,-93.9959367735,50.8040279945,0.484801054000854,0.4435267991928549,6
1202,-54.5959383495,49.2040280585,0.461963504552841,0.46991131413310666,6
1203,-93.3126034675,30.2790288155,0.560758829116821,0.5061757220807522,6
1204,-116.7959358615,56.2040277785,0.419999986886978,0.42435901937670684,6
1205,8.62905912150001,59.8123609675,0.482197642326355,0.4924543263484223,6
1206,-50.2209385245,-28.3543021725,0.601972937583923,0.5838146758683903,6
1207,-72.8459376195,42.5456949915,0.487684845924377,0.5613461448541299,6
1208,-72.0459376515,41.8790283515,0.503365755081177,0.5615237690778042,6
1209,-123.5959355895,55.6040278025,0.430245876312256,0.4300923467570857,6
1210,-81.8376039265,26.4540289685,0.488000005483627,0.5301129219068292,6
1211,-95.5959367095,56.0040277865,0.458860605955124,0.44425326819018746,6
1212,-117.1959358455,61.8040275545,0.458860605955124,0.4460899847487604,6
1213,-124.7959355415,59.8040276345,0.462507784366608,0.4388411584143432,6
1214,-78.4542707285,47.3373614665,0.469580560922623,0.45370139947268384,6
1215,-76.0626041575,48.4040280905,0.429790079593658,0.45304668561340455,6
1216,11.1040590225,52.9040279105,0.521413028240204,0.5305450277207161,6
1217,-77.6709374265,46.6706948265,0.437191545963287,0.48472510641442934,6
1218,9.30405909449999,54.0040278665,0.514358401298523,0.5465135472225561,6
1219,8.74572578350001,55.8206944605,0.432096302509308,0.5235718208264135,6
1220,-121.6792689995,45.3040282145,0.427060097455978,0.4569878545293328,6
1221,-150.2292678575,60.5290276055,0.478504806756973,0.4570867389868942,6
1222,-71.2792710155,51.8123612875,0.458860605955124,0.45764120817339743,6
1223,29.0790583035,62.6456941875,0.421278238296509,0.48260344822491613,6
1224,-93.1959368055,52.8040279145,0.417014330625534,0.4454186588782621,6
1225,-117.3959358375,48.2540280965,0.509263157844543,0.45903696554618856,6
1226,-119.7959357415,48.9623614015,0.444887965917587,0.42690486747390566,6
1227,-111.8376027265,55.3290278135,0.419999986886978,0.4203413804018311,6
1228,31.0957248895,68.7623606095,0.574841201305389,0.49454548869699555,6
1229,148.2373868705,61.8040275545,0.391730427742004,0.4601795576965916,6
1230,-72.0376043185,45.9123615235,0.702836275100708,0.4962013054894996,6
1231,-130.4459353155,55.0873611565,0.449999988079071,0.4340102184630291,6
1232,5.9457258955,52.7873612485,0.617678940296173,0.5415348610220853,6
1233,34.9290580695,68.1206939685,0.436751335859299,0.49760692760990627,6
1234,149.6540534805,62.9540275085,0.424872219562531,0.46278310191934396,6
1235,34.4790580875,65.8206940605,0.508064985275269,0.48635204842706936,6
1236,-88.1876036725,36.2790285755,0.523280084133148,0.5651345096321952,6
1237,-3.30427373450001,40.4456950755,0.606798827648163,0.5956185072070445,7
1238,-0.379273851499988,44.5456949115,0.50644713640213,0.5554692571726574,7
1239,-87.7459370235,38.8290284735,0.568724632263184,0.5667310107002382,7
1240,-117.9709358145,44.6373615745,0.44707852602005,0.44371892488584486,7
1241,-115.4292692495,40.5373617385,0.452503740787506,0.437088651457544,7
1242,-121.2709356825,42.2456950035,0.443496257066727,0.49947938720720714,7
1243,150.4623867815,-26.3626355855,0.599904358386993,0.6604181081838221,7
1244,-89.6042702825,39.1623617935,0.682787299156189,0.5850219665637465,7
1245,-83.5626038575,38.4790284875,0.484312236309052,0.5694421286537604,7
1246,1.1040594225,46.5206948325,0.574971139431,0.5966034035538681,7
1247,-85.3126037875,39.4206951165,0.443550676107407,0.5685729069744957,7
1248,-89.5626036175,42.8123616475,0.528577148914337,0.5413609833560398,7
1249,-84.4459371555,39.5956951095,0.770778834819794,0.5711366571384566,7
1250,7.25405917649999,48.9040280705,0.472829043865204,0.5682405428260656,7
1251,9.30405909449999,48.5040280865,0.588850378990173,0.5657645232374896,7
1252,-77.1459374475,43.2040282985,0.578234553337097,0.537225970638199,7
1253,10.7623923695,44.6373615745,0.548824548721313,0.6130094678345158,7
1254,-85.2792704555,40.2623617495,0.579181015491486,0.5784474091131506,7
1255,-95.9459366955,46.4206948365,0.40024521946907,0.4832845538120268,7
1256,11.3040590145,47.6040281225,0.495435684919357,0.48200503512139486,7
1257,-120.3959357175,47.1956948055,0.455490946769714,0.4475397305108681,7
1258,29.1123916355,58.5456943515,0.601725876331329,0.494337773713375,7
1259,-113.1959360055,61.4040275705,0.418365865945816,0.44170461133635613,7
1260,-110.5959361095,47.4956947935,0.432006031274796,0.4491663822018517,7
1261,-96.7959366615,39.0790284635,0.690171599388123,0.5721658298909816,7
1262,-97.0876033165,35.5290286055,0.599186420440674,0.5714638116920537,7
1263,-91.5292702055,40.6290284015,0.490070134401321,0.5819628741183266,7
1264,-92.9626034815,43.4373616225,0.629999995231628,0.5027783603452318,7
1265,-90.3292702535,41.4706950345,0.449857741594315,0.5687197341340529,7
1266,-92.2959368415,40.4040284105,0.666484415531158,0.5759747399517241,7
1267,-96.4792700075,35.8623619255,0.690550148487091,0.575636877348604,7
1268,-95.2376033905,39.8873617645,0.559748589992523,0.5820578210192953,7
1269,-3.61260705550001,39.3123617875,0.50644713640213,0.5766224542963775,7
1270,-112.0459360515,42.7706949825,0.61967670917511,0.44432000822289774,7
1271,-89.0792703035,18.1873626325,0.609467744827271,0.6203149138497279,7
1272,-83.3459371995,8.41236302349999,0.495253205299377,0.5590930135536725,7
1273,8.10405914250001,47.2456948035,0.449814289808273,0.5241058865077989,7
1274,151.0207200925,-24.4043023305,0.756997466087341,0.7022985378703385,7
1275,19.4873920205,43.7540282765,0.477901041507721,0.5631236149525116,7
1276,13.0373922785,49.6456947075,0.471180647611618,0.5238228363129512,7
1277,-86.3126037475,38.8623618055,0.530166029930115,0.5700999734139658,7
1278,10.3457257195,57.0790277435,0.390979200601578,0.532057381889587,7
1279,126.5623877375,35.4373619425,0.50307309627533,0.5660713622711154,7
1280,-87.0292703855,37.4873618605,0.561866939067841,0.5602623913674873,7
1281,-91.6626035335,43.9790282675,0.522450983524323,0.5135300357590915,7
1282,6.15405922049999,49.3790280515,0.698617160320282,0.5895656945649226,7
1283,-91.6292702015,45.3540282125,0.621596455574036,0.4849241431327847,7
1284,-112.6542693605,37.6290285215,0.409133911132812,0.45832808127757463,7
1285,33.2373914705,58.5040276865,0.569659292697906,0.48657582601292193,7
1286,-96.4126033435,33.1956953655,0.648995697498322,0.6228155274180108,7
1287,8.9373924425,41.8790283515,0.757678329944611,0.6055737994922633,7
1288,-121.2126023515,38.9373618025,0.720300018787384,0.594527286834314,7
1289,14.0873922365,42.2290283375,0.641915738582611,0.6317679441722862,7
1290,12.8457256195,43.5956949495,0.637936770915985,0.6091030325399865,7
1291,1.79572606150001,45.9873615205,0.45969420671463,0.5347216939533492,7
1292,-90.2542702565,37.4456951955,0.545409560203552,0.566779791988037,7
1293,177.8457190195,-37.9543017885,0.556763589382172,0.5952167322434114,7
1294,-87.6126036955,35.8623619255,0.57960444688797,0.5620006484603125,7
1295,153.3290533335,-28.4709688345,0.75604122877121,0.6789159493004523,7
1296,152.0123867195,-26.9793022275,0.77131986618042,0.696927950604249,7
1297,175.9373857625,-40.1876350325,0.726444900035858,0.6025918340872305,7
1298,-76.6126041355,45.5873615365,0.4156454205513,0.49795959666466194,7
1299,-76.9459374555,37.9456951755,0.473136246204376,0.538192894567637,7
1300,-80.3959373175,43.6040282825,0.72275185585022,0.5277675894883497,7
1301,-77.6376040945,36.6123618955,0.554158747196198,0.5354805451668962,7
1302,-95.6376033745,31.2706954425,0.493870288133621,0.5887732089560672,7
1303,-81.5959372695,42.6040283225,0.460741072893143,0.5514162829079471,7
1304,-93.9126034435,32.3706953985,0.488666296005249,0.5387415783192607,7
1305,-122.5959356295,53.4040278905,0.448360741138458,0.45107122454467363,7
1306,-82.6126038955,32.4290287295,0.49051696062088,0.521739948090632,7
1307,-127.9959354135,59.6040276425,0.451787263154984,0.4291403415728526,7
1308,-153.4626010615,57.5790277235,0.378987729549408,0.44798947114016374,7
1309,36.9207246565,61.6790275595,0.426056802272797,0.47442760472403045,7
1310,-129.5959353495,57.8040277145,0.413900434970856,0.41711424318001167,7
1311,-124.9959355335,65.0040274265,0.458860605955124,0.4473597662064589,7
1312,30.4873915805,58.5456943515,0.453878432512283,0.4971037727497227,7
1313,173.4123858635,-42.6043016025,0.586666464805603,0.6192727069569534,7
1314,-135.8459350995,59.5123609795,0.449999988079071,0.4812756023836373,7
1315,6.6540592005,43.2040282985,0.670622169971466,0.6283387680510993,7
1316,2.6790593595,44.2373615905,0.591444075107574,0.5835394152284646,7
1317,-82.9959372135,35.4206952765,0.61525285243988,0.5463157341942274,7
1318,-84.2459371635,35.3873619445,0.51834762096405,0.5371624546279776,7
1319,127.2207210445,35.7623619295,0.470111668109894,0.563871751919303,7
1320,-81.8042705945,38.6706951465,0.577304661273956,0.5519955284435669,7
1321,-82.5626038975,38.4206951565,0.545006513595581,0.5508459311466387,7
1322,176.1207190885,-38.0876351165,0.63076114654541,0.6072346708401613,7
1323,152.7623866895,-29.1293021415,0.745138645172119,0.6953613072726013,7
1324,16.2123921515,50.7956946615,0.660357773303986,0.5174572119569725,7
1325,126.5290544055,33.4206953565,0.546582281589508,0.5553927024475896,7
1326,-76.9126041235,40.6956950655,0.507432699203491,0.5546652896101377,7
1327,-82.5042705665,34.8290286335,0.519234478473663,0.5291763860628025,7
1328,-123.4376022625,42.1290283415,0.462997555732727,0.501557467221334,7
1329,-123.5376022585,44.7706949025,0.45969420671463,0.49727940696744627,7
1330,-115.8792692315,54.0040278665,0.406309485435486,0.43297732277114126,7
1331,-118.7959357815,50.6040280025,0.455375075340271,0.4975444610643388,7
1332,-124.5959355495,54.4040278505,0.429263174533844,0.4179961878497384,7
1333,-121.5959356695,50.8040279945,0.45969420671463,0.4613478184705106,7
1334,10.7457257035,62.3456941995,0.591212034225464,0.4897437753020827,7
1335,-81.7959372615,48.8040280745,0.440921694040298,0.43980309847202337,7
1336,-133.1959352055,59.4040276505,0.527999997138977,0.408897067790979,7
1337,-128.1959354055,58.0040277065,0.34064906835556,0.40693960662041284,7
1338,-47.6126052955,-22.2876357485,0.688203573226929,0.5969718925735346,7
1339,-55.7709383025,5.2623631495,0.623589158058167,0.6485361442118709,7
1340,-48.7792719155,-27.7209688645,0.605633318424225,0.5838170019330675,7
1341,169.2540526965,-18.8876358845,0.539292693138123,0.5726706271268197,7
1342,-86.5042704065,46.2123615115,0.63737028837204,0.5024500919352661,7
1343,-70.8209377005,47.5290281255,0.446586579084396,0.481708447841908,7
1344,0.5790594435,42.9123616435,0.628495216369629,0.5349953904885922,7
1345,-79.0209373725,42.1123616755,0.59574818611145,0.5297304988908994,7
1346,-83.0126038795,33.8790286715,0.508524537086487,0.5261799188065761,7
1347,-94.0292701055,36.5956952295,0.619662821292877,0.57363679924108,7
1348,-83.5792705235,35.0290286255,0.67243230342865,0.5269387195623654,7
1349,10.4040590505,50.9040279905,0.479801625013351,0.5079235545867701,7
1350,1.54572607149998,42.8873616445,0.556367635726929,0.5718169630632203,7
1351,14.2373922305,49.7206947045,0.470952063798904,0.5118652422853008,7
1352,10.7873923685,56.3123611075,0.513867378234863,0.5307286169386877,7
1353,-77.4126041035,42.3873616645,0.728245437145233,0.5342537696033003,7
1354,-83.8709371785,43.1540283005,0.535147488117218,0.5340345379800157,7
1355,-114.7959359415,47.9706947745,0.466454893350601,0.4428815990533021,7
1356,-122.6709356265,40.8540283925,0.476570039987564,0.4984852903451719,7
1357,-112.0292693855,45.5123615395,0.378961205482483,0.42394027247945887,7
1358,-127.8292687535,53.0706945705,0.403895258903503,0.4665388978443757,7
1359,18.7457253835,69.2540272565,0.591212034225464,0.5273596747921544,7
1360,2.35405937249999,42.6790283195,0.642639815807343,0.5851600145220042,7
1361,-69.2209377645,46.3623615055,0.594096958637238,0.4823901616805215,7
1362,-84.7626038095,46.2873615085,0.473723918199539,0.4835781472271748,7
1363,-77.4376041025,41.7956950215,0.556838989257812,0.5316538481039526,7
1364,-72.2209376445,48.3290280935,0.458860605955124,0.466052748679565,7
1365,-66.9959378535,46.2040281785,0.704172492027283,0.4787175995316283,7
1366,-91.2292702175,48.0373614385,0.469999998807907,0.43605197090876313,7
1367,-78.1959374055,44.6040282425,0.459450781345367,0.49060663174338076,7
1368,-74.1376042345,41.4706950345,0.659626841545105,0.5373005353757294,7
1369,-82.9709372145,30.6706954665,0.481532692909241,0.509185107704149,7
1370,24.1123918355,48.5040280865,0.421115666627884,0.463198861613039,7
1371,-68.7792711155,49.3456947195,0.451636224985123,0.4554166003038061,7
1372,-67.9042711505,50.6956946655,0.452570140361786,0.46108904049433347,7
1373,-62.8209380205,51.0873613165,0.448368102312088,0.45231243104812696,7
1374,-70.8542710325,50.0540280245,0.447316825389862,0.45416424493092755,7
1375,-69.8042710745,49.5290280455,0.46842423081398,0.4551558659658242,7
1376,-108.4792695275,53.7540278765,0.458860605955124,0.42383092703362013,7
1377,-89.7959369415,51.0040279865,0.455943524837494,0.4481291676466005,7
1378,-56.1959382855,51.2040279785,0.45301279425621,0.45734969913901496,7
1379,-60.8042714345,51.3373613065,0.450816988945007,0.45338312109671464,7
1380,-114.1459359675,54.8706944985,0.394339174032211,0.42795003492363143,7
1381,10.6790590395,43.9706949345,0.556367635726929,0.5930031253050404,7
1382,-70.0542710645,44.1790282595,0.481173396110535,0.5149474208064465,7
1383,-64.3959379575,45.4040282105,0.454249769449234,0.49609198560838635,7
1384,-91.1209368885,46.5623614975,0.426823019981384,0.4926032151249534,7
1385,-120.1959357255,61.2040275785,0.433075100183487,0.44905166522836004,7
1386,-124.3959355575,59.0040276665,0.458860605955124,0.4307020946531201,7
1387,9.06239243749999,62.5623608575,0.589844524860382,0.49813792424187714,7
1388,149.2373868305,65.7123607315,0.509820878505707,0.45600737418565684,7
1389,-79.9959373335,44.2040282585,0.549761354923248,0.5200174789375733,7
1390,-70.0126043995,52.6706945865,0.458860605955124,0.4542655987308372,7
1391,-70.3292710535,52.0040279465,0.458204090595245,0.4531456820728868,7
1392,-98.7959365815,57.2040277385,0.458860605955124,0.44920371577632645,7
1393,-120.5959357095,59.4040276505,0.397877007722855,0.44168136394603486,7
1394,23.7707251825,69.6123605755,0.591212034225464,0.49536343141888456,7
1395,-74.9709375345,49.1373613945,0.448724716901779,0.4545953909837534,7
1396,-115.3626025855,44.0873615965,0.45969420671463,0.43773904248014406,7
1397,-118.1709358065,48.9790280675,0.424061447381973,0.4827343303125641,7
1398,-67.3376045065,49.5706947105,0.452413588762283,0.45531281077495345,7
1399,-111.3959360775,56.4040277705,0.370948135852814,0.4306322727374429,7
1400,-60.3959381175,53.4040278905,0.455987393856049,0.4646585977778123,7
1401,34.8123914075,63.7956941415,0.477901041507721,0.4872900992097671,7
1402,35.4207247165,66.9456940155,0.492913872003555,0.48344546059324983,7
1403,-71.0792710235,45.7206948645,0.495768189430237,0.5145351832301217,7
1404,-133.1542685405,56.5206944325,0.454905927181244,0.4450071988989894,7
1405,-135.1292684615,58.2956943615,0.433668583631516,0.4389802920134619,7
1406,-76.6626041335,52.0706946105,0.459678530693054,0.45184202606145446,7
1407,-128.7959353815,66.8040273545,0.440190404653549,0.45166038452058876,7
1408,-132.1959352455,68.0040273065,0.513579249382019,0.45221719345082007,7
1409,-123.5959355895,59.8040276345,0.467698276042938,0.4432717236946648,7
1410,-121.9959356535,58.2040276985,0.371988892555237,0.4277142749147446,7
1411,30.9957248935,66.4623607015,0.447295427322388,0.4694363074030882,7
1412,142.9873870805,63.3540274925,0.419601619243622,0.4446614162626632,7
1413,-2.08760711650001,39.3040284545,0.559983491897583,0.6046441521211734,8
1414,-109.8709361385,33.3456953595,0.466827213764191,0.5437651747675555,8
1415,-104.9459363355,37.9956951735,0.440121561288834,0.4770506305017215,8
1416,151.0207200925,-27.8793021915,0.627018690109253,0.6472784250698115,8
1417,-92.6126034955,30.3123621475,0.509369909763336,0.5165870239232027,8
1418,144.4040536905,-35.8209685405,0.714345395565033,0.647632033486404,8
1419,0.279059455500004,42.2873616685,0.477901041507721,0.5776884717909394,8
1420,141.3290538135,-34.1293019415,0.714575290679932,0.6389282314367802,8
1421,-2.1126071155,37.6706951865,0.608353316783905,0.5774811728525359,8
1422,13.7373922505,42.9956949735,0.578180253505707,0.6255564275478276,8
1423,152.3123867075,-26.2709689225,0.753396093845367,0.7133689353530555,8
1424,175.5290524455,-36.7376351705,0.640231490135193,0.580946668652639,8
1425,-78.7292707175,43.0956949695,0.572129487991333,0.5279100903220578,8
1426,-0.445940515500013,49.2623613895,0.60195130109787,0.5766034147563145,8
1427,-85.4209371165,38.8290284735,0.522691607475281,0.5669519124933557,8
1428,-75.2459375235,43.0290283055,0.597366809844971,0.5475339219880616,8
1429,-90.7376035705,45.1540282205,0.456717669963837,0.49336619823129635,8
1430,0.012392799499992,43.3706949585,0.598793148994446,0.5831366912116503,8
1431,10.4040590505,54.0040278665,0.507041096687317,0.5461352278385345,8
1432,-75.9126041635,44.0206949325,0.476000010967255,0.5465448647571594,8
1433,-106.8792695915,44.2790282555,0.427060097455978,0.42977102081444507,8
1434,150.0040534665,-31.7376353705,0.755907118320465,0.6374240762636271,8
1435,-98.1792699395,48.9790280675,0.627303302288055,0.4518801293423773,8
1436,-96.9792699875,40.7040283985,0.562589347362518,0.5753328011756212,8
1437,-92.6542701605,40.9623617215,0.608456313610077,0.5620015629950185,8
1438,-94.4459367555,41.7373616905,0.522074043750763,0.5408428501886864,8
1439,-118.9959357735,56.0040277865,0.398639857769012,0.44537264813541017,8
1440,-90.1709369265,39.5540284445,0.623873114585876,0.5875402353986037,8
1441,-123.2459356035,39.1873617925,0.531455755233765,0.6017074045169246,8
1442,-121.6626023335,36.2456952435,0.491303414106369,0.6048205833610248,8
1443,-8.40427353050001,37.2373618705,0.724065065383911,0.6312387357410579,8
1444,-5.87927363150001,38.7623618095,0.714345395565033,0.6185607030609077,8
1445,105.9707218945,14.2123627915,0.518835783004761,0.6131449612929205,8
1446,-91.7709368625,47.5790281235,0.480923652648926,0.4327442702713813,8
1447,-90.6459369075,44.4456949155,0.438961982727051,0.5209549433683179,8
1448,9.20405909850001,44.7456949035,0.665188550949097,0.5625931305844195,8
1449,152.8040533545,-27.4126355435,0.770757734775543,0.6913152167592286,8
1450,-1.07927382349999,48.0623614375,0.600509524345398,0.5747470295669582,8
1451,149.2207201645,-37.2043018185,0.594521820545197,0.6458235464297869,8
1452,-88.2459370035,37.5623618575,0.515864551067352,0.5739371569829883,8
1453,31.2623915495,56.9540277485,0.597000479698181,0.4876965079289254,8
1454,-97.1376033145,30.1373621545,0.607731759548187,0.611443334519032,8
1455,-90.7459369035,34.9706952945,0.531866133213043,0.5807585518024255,8
1456,-85.0959371295,38.1623618335,0.575198352336884,0.5789196076449278,8
1457,-84.5459371515,38.6123618155,0.564659774303436,0.5654191193229889,8
1458,5.8457258995,51.0206946525,0.396124988794327,0.5588280745337659,8
1459,3.60405932250001,49.2873613885,0.568096876144409,0.5948759076510268,8
1460,-86.8626037255,35.8623619255,0.517788648605347,0.567358141852555,8
1461,1.2123927515,48.7540280765,0.645586609840393,0.6005702065911935,8
1462,-90.4126035835,33.4873620205,0.607807815074921,0.5604046436049959,8
1463,-121.6792689995,43.6290282815,0.438163012266159,0.4557616070024626,8
1464,92.1290557815,27.3290289335,0.467187613248825,0.4844377756682777,8
1465,96.9957222535,28.2956955615,0.532500028610229,0.5508133588772551,8
1466,14.2373922305,65.6873607325,0.591212034225464,0.5014820973479335,8
1467,8.13739247449999,60.3540276125,0.591212034225464,0.4770495833613843,8
1468,16.9873921205,69.3706939185,0.591212034225464,0.512919720161315,8
1469,-120.1876023925,37.6206951885,0.734383285045624,0.6070268046780846,8
1470,4.32905929349999,44.2623615895,0.658490419387817,0.6035313916380376,8
1471,-84.0209371725,10.4206962765,0.497721463441849,0.5711859893192583,8
1472,-11.3042734145,7.3790297315,0.56183135509491,0.6039882850464596,8
1473,124.7040544785,11.0290295855,0.575586378574371,0.5800103816397345,8
1474,172.5373858985,-42.6043016025,0.749000012874603,0.5471734246557587,8
1475,-81.4126039435,37.8790285115,0.491656690835953,0.5449603674381183,8
1476,-79.8042706745,38.8790284715,0.493211030960083,0.5491387097760194,8
1477,148.5623868575,-35.3709685585,0.597853362560272,0.6084275320131597,8
1478,19.3540586925,48.5540280845,0.616062343120575,0.543957344338256,8
1479,174.9457191355,-38.3376351065,0.578507661819458,0.6081500177113847,8
1480,17.5873920965,49.4456947155,0.643353521823883,0.5680310926528261,8
1481,-91.2042702185,35.9373619225,0.522397458553314,0.5778346506084517,8
1482,173.7957191815,-41.8043016345,0.71399998664856,0.6194553952711338,8
1483,-94.0209367725,46.3290281735,0.398046582937241,0.48873470337521113,8
1484,-93.1709368065,31.2206954445,0.504569053649902,0.5240970444477703,8
1485,-92.7209368245,32.0623620775,0.500799119472504,0.5369893488897691,8
1486,-150.7042678385,59.3373609865,0.401239663362503,0.43868720139671974,8
1487,-124.2626022295,40.5373617385,0.393437922000885,0.5556281875139222,8
1488,-78.1376040745,34.6873619725,0.494083404541016,0.5261435319955784,8
1489,-117.7959358215,51.8040279545,0.405350178480148,0.4131791710249169,8
1490,-83.8876038445,31.0540287845,0.557724237442017,0.5165798908058405,8
1491,-79.9459373355,34.2290286575,0.557974278926849,0.5367058928815972,8
1492,-77.3292707735,36.0790285835,0.565791368484497,0.524360391784113,8
1493,-82.7876038885,30.0540288245,0.488000005483627,0.51369670770936,8
1494,-123.3959355975,63.0040275065,0.458860605955124,0.4459624003513894,8
1495,5.51239257949999,61.9706942145,0.567638278007507,0.4867022186660892,8
1496,-5.8959402975,40.3123617475,0.771317541599274,0.5829187085448926,8
1497,-7.0709402505,40.1290284215,0.622583210468292,0.5829531804093889,8
1498,-39.1126056355,-14.4793027275,0.67071658372879,0.6267166209518801,8
1499,-84.4042704905,34.7290286375,0.463346898555756,0.5426910074137744,8
1500,1.18739275249999,42.3623616655,0.477901041507721,0.5200787734692948,8
1501,-80.0792706635,39.8290284335,0.492667526006699,0.5664411591855181,8
1502,128.9290543095,37.0456952115,0.51197749376297,0.5564869930679969,8
1503,173.6290525215,-35.4626352215,0.441690713167191,0.5955036064104894,8
1504,20.8123919675,43.2956949615,0.420257836580276,0.4660683801055543,8
1505,175.7373857705,-37.5209684725,0.615578532218933,0.5912267134412457,8
1506,-72.2542709765,-51.2126345915,0.515999972820282,0.5057435080420171,8
1507,-82.4209372365,36.6623618935,0.553009927272797,0.5432478699060629,8
1508,-87.3126037075,38.0790285035,0.451143175363541,0.5636863707262738,8
1509,-83.0626038775,36.1040285825,0.546978354454041,0.5512398399460544,8
1510,-8.5876068565,41.3790283715,0.703000009059906,0.5542267991139807,8
1511,-93.4959367935,48.3790280915,0.394409447908401,0.44738200317220433,8
1512,-106.4209362765,41.4956950335,0.406987935304642,0.42348907938478547,8
1513,-105.1876029925,40.5706950705,0.440121561288834,0.4928491343844868,8
1514,-117.9959358135,53.6040278825,0.413975834846497,0.4185555105341637,8
1515,-121.5959356695,56.6040277625,0.437587112188339,0.42734748190541766,8
1516,-101.3626031455,52.6206945885,0.420298755168915,0.4235133442007168,8
1517,-99.7959365415,50.8040279945,0.396481513977051,0.42498571545159997,8
1518,-122.5959356295,57.2040277385,0.458611935377121,0.42874279532519044,8
1519,28.8123916475,59.1206943285,0.477901041507721,0.48676989503666784,8
1520,-6.6626069335,42.5123616595,0.556367635726929,0.5948377738396241,8
1521,-50.2292718575,-26.2459689235,0.562064468860626,0.5900137087074476,8
1522,-48.7792719155,-26.9959688935,0.646434903144836,0.5954711230977608,8
1523,-84.2542704965,43.9123616035,0.519328415393829,0.4982952533965429,8
1524,14.3873922245,50.5956946695,0.57790219783783,0.534973151126209,8
1525,-82.5042705665,43.0290283055,0.570877969264984,0.5395673112805612,8
1526,-89.3459369595,31.3873621045,0.539025962352753,0.5326645208118054,8
1527,-115.1126025955,48.7373614105,0.511010348796844,0.43696253530823925,8
1528,-113.4876026605,45.9123615235,0.393236309289932,0.44082663525069155,8
1529,-110.4126027835,46.6373614945,0.456101059913635,0.4348682960157288,8
1530,-121.3959356775,53.2040278985,0.375707745552063,0.4196323529939118,8
1531,-64.1209379685,49.9290280295,0.420473158359528,0.45664604277029325,8
1532,-120.3959357175,60.6040276025,0.475111275911331,0.4462855269914024,8
1533,-78.3626040655,46.3123615075,0.39870822429657,0.497786270248245,8
1534,8.0040591465,58.2623610295,0.473320841789246,0.48206053053328496,8
1535,-71.5876043365,46.7456948235,0.534548103809357,0.5185293506937031,8
1536,-73.6959375855,43.3873616245,0.474976688623428,0.5430563897209196,8
1537,-72.1292709815,44.5706949105,0.756833851337433,0.5219276108351015,8
1538,-83.9626038415,44.9206948965,0.48853725194931,0.4807968929676423,8
1539,-72.6376042945,45.0623615575,0.424881398677826,0.5351569496510615,8
1540,-70.3876043845,43.5290282855,0.451228976249695,0.5264656320289298,8
1541,-72.9459376155,43.6373616145,0.435505002737045,0.5418180827611502,8
1542,5.17072592650001,52.1206946085,0.596199035644531,0.5430806384100776,8
1543,-118.6376024545,56.6790277595,0.419660210609436,0.4190677336001634,8
1544,-128.5959353895,53.8040278745,0.434917002916336,0.42766224155190763,8
1545,5.7207259045,58.5540276845,0.475867360830307,0.5073944459468757,8
1546,-82.4626039015,31.6873620925,0.542456388473511,0.5349775209656318,8
1547,-67.3209378405,48.3623614255,0.385111302137375,0.48137026138878014,8
1548,-64.2542712965,50.570694670500004,0.445270955562592,0.45494911277391503,8
1549,-70.2209377245,48.7873614085,0.453291088342667,0.45363846347465125,8
1550,11.2790590155,62.9373608425,0.477901041507721,0.4996590470340844,8
1551,-68.7876044485,50.8540279925,0.457611590623856,0.45732383918471986,8
1552,-101.3792698115,54.1373611945,0.419765681028366,0.43405867154037453,8
1553,-89.5959369495,50.4040280105,0.444431096315384,0.4477422986426635,8
1554,-86.9959370535,49.8040280345,0.459437549114227,0.44876959016788637,8
1555,-109.8042694745,54.4790278475,0.392515927553177,0.42169254506439163,8
1556,-56.1959382855,49.0040280665,0.458860605955124,0.4679578828511002,8
1557,-117.5959358295,57.8040277145,0.393216490745544,0.42399226414126284,8
1558,7.83739248649999,58.8456943395,0.528594017028809,0.4701565406562979,8
1559,-51.1209384885,-27.8126355275,0.651315867900848,0.5730411956929328,8
1560,-51.5709384705,-26.6376355745,0.549017429351807,0.5951782580982543,8
1561,171.0873859565,-43.0126349195,0.763419151306152,0.5336881492928437,8
1562,-75.2542708565,44.7290282375,0.506552338600159,0.525096063909578,8
1563,13.9373922425,64.0706941305,0.495489358901978,0.49315586655953003,8
1564,-102.9126030835,54.7540278365,0.419960558414459,0.43407312069801646,8
1565,146.9290535895,61.9873608805,0.420473158359528,0.46023792495208465,8
1566,-110.5959361095,58.6040276825,0.46540179848671,0.44958561957018167,8
1567,-76.8209374605,46.4790281675,0.44932422041893,0.462696145070427,8
1568,-68.6709377865,47.3956947975,0.480321317911148,0.5164771208256501,8
1569,-65.9959378935,47.8040281145,0.463362991809845,0.47459911427501533,8
1570,27.5790583635,59.1206943285,0.483230918645859,0.4760508907453809,8
1571,6.67905919949999,52.2540279365,0.570049583911896,0.5439357514141365,8
1572,-152.3876011045,58.2206943645,0.390979200601578,0.4454039613538651,8
1573,-122.4209356365,48.8456947395,0.411658376455307,0.5534855326903253,8
1574,-67.2292711775,51.9290279495,0.466201454401016,0.4570810813573669,8
1575,28.7623916495,68.1873606325,0.477901041507721,0.4948777040018163,8
1576,-96.5959366695,52.2040279385,0.507142841815948,0.449405776976489,8
1577,28.8457249795,70.1790272195,0.591212034225464,0.5328306352135317,8
1578,-77.4126041035,47.2706948025,0.461958229541779,0.4595918858157684,8
1579,-95.0792700635,49.2790280555,0.424423307180405,0.44075615693467485,8
1580,173.9623858415,-39.2626350695,0.54534387588501,0.5799474981361886,8
1581,-121.7209356645,48.0123614395,0.441673159599304,0.46957101305101895,8
1582,-122.1209356485,46.1706948465,0.41800382733345,0.4594241916776157,8
1583,-121.5459356715,48.9540280685,0.461524575948715,0.4541537668857501,8
1584,-113.4292693295,45.1790282195,0.426785916090012,0.4312904077247437,8
1585,-115.6376025745,46.3623615055,0.426822334527969,0.46084503938651844,8
1586,-116.9209358565,47.6706947865,0.433023273944855,0.48964462639762746,8
1587,-75.1959375255,49.7873613685,0.439430862665176,0.45338258082544514,8
1588,-76.1542708205,49.5040280465,0.439045757055283,0.4613150150587983,8
1589,30.2873915885,67.0373606785,0.487706691026688,0.482542784651568,8
1590,-78.0709374105,51.3373613065,0.438448697328568,0.4525694520583491,8
1591,-99.1959365655,54.0040278665,0.450826197862625,0.43741566043262003,8
1592,32.1873915125,59.2456943235,0.547245562076569,0.4916045322909637,8
1593,34.0457247715,62.9456941755,0.533905923366547,0.47126063011386293,8
1594,-128.9959353735,67.4040273305,0.453904032707214,0.45410583991460035,8
1595,-92.4126035035,48.2123614315,0.400735825300217,0.43659894897222196,8
1596,-3.63760705449999,41.9540283485,0.619701087474823,0.6077677086100737,9
1597,-0.395940517500009,38.7540284765,0.606798827648163,0.6238230241254317,9
1598,-106.2626029495,40.1706950865,0.45969420671463,0.43192489283011065,9
1599,-107.7626028895,32.7706953825,0.644307017326355,0.5524773844414428,9
1600,-4.3209403605,37.3540285325,0.62156069278717,0.6131367204189817,9
1601,11.4123923435,43.4456949555,0.523173213005066,0.622018462472638,9
1602,-114.5626026175,40.0290284255,0.497247934341431,0.5066322102846738,9
1603,-64.2959379615,-17.3293026135,0.497124999761581,0.605225360753645,9
1604,1.2707260825,45.1206948885,0.6217240691185,0.5819361091076092,9
1605,29.6623916135,57.5373610585,0.581611394882202,0.4921890725452773,9
1606,0.712392771499992,44.6956949055,0.635507464408875,0.5786832117106151,9
1607,-92.1376035145,29.8790288315,0.482932329177856,0.5152212571401954,9
1608,-85.0709371305,41.7373616905,0.616957664489746,0.5422523984396237,9
1609,-86.0126037595,39.8623617655,0.668962299823761,0.5635650708445515,9
1610,-110.9876027605,34.2206953245,0.553072392940521,0.552434475310204,9
1611,-114.4792692875,43.5623616175,0.44536566734314,0.4444961613539039,9
1612,149.2373868305,-25.6376356145,0.763307571411133,0.6601768199791589,9
1613,-95.5626033775,28.8956955375,0.343823492527008,0.5444968450640167,9
1614,-91.0626035575,41.1706950465,0.444550812244415,0.5441635631630771,9
1615,-93.2209368045,41.4206950365,0.563702940940857,0.5478776464221423,9
1616,-89.4209369565,39.7623617695,0.576195359230042,0.5878007288675584,9
1617,-93.1042701425,40.2373617505,0.576876163482666,0.5791973108302754,9
1618,-93.8126034475,39.9706950945,0.626549303531647,0.5956889475469941,9
1619,-87.1376037145,41.3873617045,0.56632000207901,0.5562445014156422,9
1620,8.60405912249999,39.5206951125,0.586789786815643,0.6423826956303802,9
1621,2.02905938550001,43.3623616255,0.50644713640213,0.6201834342011849,9
1622,-65.9376045625,18.0456959715,0.49053618311882,0.5732111578545113,9
1623,-68.9959377735,-12.5959694695,0.573096752166748,0.6035663874559962,9
1624,-90.3876035845,38.0206951725,0.564401865005493,0.5672714749456221,9
1625,18.7123920515,43.3040282945,0.575315535068512,0.5457060624455696,9
1626,12.1040589825,48.2040280985,0.503448128700256,0.5495840746674009,9
1627,12.3623923055,55.8956944575,0.545746207237244,0.5202215471444718,9
1628,12.3457256395,55.0123611595,0.601165533065796,0.533041144742203,9
1629,1.02905942550001,44.1456949275,0.698946595191956,0.599016923302585,9
1630,11.6373923345,46.0290281855,0.520723819732666,0.573876369133631,9
1631,-83.2542705365,29.6373621745,0.44200000166893,0.5273805461493327,9
1632,-126.3959354775,54.6040278425,0.405075907707214,0.4245375791250073,9
1633,12.4790589675,46.5373614985,0.432981729507446,0.5171278344455926,9
1634,-120.7959357015,50.4040280105,0.45837277173996,0.45177056430012186,9
1635,-98.9876032405,52.8040279145,0.420121759176254,0.44890888605185875,9
1636,-95.6876033725,30.0290288255,0.648868441581726,0.5587409967279591,9
1637,-97.3126033075,46.5206948325,0.47535514831543,0.5054819317032755,9
1638,14.5457255515,66.7290273575,0.594386041164398,0.4980186729002044,9
1639,-121.5709356705,39.7540284365,0.667195081710815,0.5775517849545047,9
1640,16.1123921555,39.4040284505,0.556367635726929,0.5856195774699704,9
1641,-9.01260683949999,39.1623617935,0.703000009059906,0.6499833798228168,9
1642,-59.9376048025,-0.670969946500009,0.668049454689026,0.6125338921696354,9
1643,148.5040535265,-21.1959691255,0.682418823242188,0.6791310712562714,9
1644,-51.5292718055,-27.3209688805,0.474230617284775,0.5770830130199732,9
1645,91.8040557945,24.3540290525,0.462755113840103,0.5324245426742767,9
1646,-80.3876039845,37.3873618645,0.566428124904633,0.5479962766014539,9
1647,-87.9376036825,35.3290286135,0.55853009223938,0.5614003568531964,9
1648,-83.4626038615,37.1873618725,0.584741234779358,0.5195314941878677,9
1649,-82.0292705855,37.2540285365,0.467502862215042,0.531632495556113,9
1650,128.9957209735,37.6956951855,0.502663791179657,0.564680806030104,9
1651,-86.0292704255,35.1123619555,0.564174711704254,0.563561434913645,9
1652,152.5790533635,-28.5293021655,0.711219787597656,0.7073947347750457,9
1653,32.1290581815,58.3873610245,0.45270100235939,0.49054087862471824,9
1654,-84.3959371575,36.0290285855,0.51680862903595,0.540054939176994,9
1655,3.7957259815,45.8373615265,0.45969420671463,0.5501318210294696,9
1656,-79.3126040275,35.2540286165,0.526241898536682,0.5213755238861858,9
1657,-89.0626036375,35.1706952865,0.571374535560608,0.5620366387702218,9
1658,17.1373921145,48.4206947565,0.476745694875717,0.5569502945240525,9
1659,-92.8626034855,46.0040281865,0.395222365856171,0.47777998285898954,9
1660,-87.3459370395,36.4373619025,0.568666756153107,0.5683282927010028,9
1661,-84.4959371535,30.6123621355,0.499315470457077,0.5114378798953239,9
1662,-114.4792692875,49.6706947065,0.427060097455978,0.4432039241397029,9
1663,-132.8959352175,54.8456944995,0.426696121692657,0.4596201977930475,9
1664,-120.3959357175,55.6040278025,0.393170744180679,0.4312946916269822,9
1665,-81.0292706255,33.8206953405,0.50981867313385,0.5211900411920797,9
1666,-87.3292703735,30.5040288065,0.49246346950531,0.5131190096683376,9
1667,34.1540581005,59.1956943255,0.563337028026581,0.478285095416844,9
1668,145.4790536475,-17.6126359355,0.771961212158203,0.6250544298641288,9
1669,-148.9626012415,60.8873609245,0.430585563182831,0.4753439246559684,9
1670,-4.54594035150001,40.4790284075,0.343236058950424,0.5959318677912163,9
1671,-7.1959402455,39.5540284445,0.510959327220917,0.6260761763563447,9
1672,-10.8042734345,7.67902971949999,0.611674070358276,0.5822946925688899,9
1673,-81.7292705975,34.4706953145,0.556176066398621,0.5164537748360291,9
1674,-81.1792706195,39.4873617805,0.624492228031158,0.5369691338261314,9
1675,177.0123857195,-38.4376351025,0.591195821762085,0.6141153408439206,9
1676,-82.3959372375,45.8040281945,0.340107142925262,0.48888454439027323,9
1677,15.4373921825,50.0706946905,0.488683938980103,0.5415469982521932,9
1678,-87.5292703655,37.0456952115,0.651183426380157,0.5663650299153922,9
1679,-80.3876039845,35.2790286155,0.546577572822571,0.5367353760434976,9
1680,-79.4626040215,36.7373618905,0.528544723987579,0.5410922611406404,9
1681,-81.7126039315,39.9623617615,0.546100735664368,0.5752835609224705,9
1682,-119.1792690995,45.0790282235,0.42960062623024,0.4527490289912644,9
1683,-117.6542691605,46.2206948445,0.424402594566345,0.43707925636342787,9
1684,-122.9209356165,42.6290283215,0.536233603954315,0.5345162063248999,9
1685,-109.9459361355,43.6206949485,0.398011088371277,0.42386787532292314,9
1686,-109.0792695035,43.7956949415,0.437700718641281,0.42043360402795726,9
1687,24.7457251435,45.6456948675,0.420257836580276,0.47662758765342705,9
1688,-125.3959355175,57.6040277225,0.427231252193451,0.41795475271775306,9
1689,-49.5876052165,-26.9959688935,0.605530142784119,0.5897880163392817,9
1690,-88.7876036485,32.1040287425,0.569277405738831,0.5371172943186082,9
1691,-87.9209370165,34.4706953145,0.568020641803741,0.5467099821554052,9
1692,-89.2542702965,32.7540287165,0.598959445953369,0.5350916602583361,9
1693,-85.3459371195,34.8873619645,0.556923985481262,0.5388463156362308,9
1694,-85.9792704275,33.9206953365,0.538648188114166,0.5324386864415834,9
1695,-84.4709371545,34.1456953275,0.472272604703903,0.5261824855922708,9
1696,-121.8292689935,40.9790283875,0.457480579614639,0.5018749935816816,9
1697,-108.5876028565,45.1873615525,0.398159682750702,0.43468199442476463,9
1698,-143.5876014565,60.0540276245,0.393044680356979,0.43499328979400886,9
1699,-79.8292706735,34.8040286345,0.520983457565308,0.5119574645763755,9
1700,-110.8126027675,45.6456948675,0.454477518796921,0.452155423049973,9
1701,-119.1959357655,60.8040275945,0.49494257569313,0.4479074154202015,9
1702,-144.4876014205,61.4706942345,0.43362957239151,0.45897686763772405,9
1703,-8.10427354250001,40.2790284155,0.520294904708862,0.5856427275489525,9
1704,-73.5126042595,48.3623614255,0.458860605955124,0.4524268647773589,9
1705,-88.2209370045,46.6123614955,0.441062867641449,0.4568847669658211,9
1706,-70.3042710545,46.0456948515,0.58137583732605,0.4822604308244785,9
1707,12.9040589505,50.5040280065,0.431409567594528,0.5032748194740079,9
1708,-67.3876045045,45.1123615555,0.629982531070709,0.4951130367384004,9
1709,13.9873922405,48.9206947365,0.442898958921432,0.5022335990883819,9
1710,13.8040589145,51.7040279585,0.48271980881691,0.5239107208558557,9
1711,-78.3959373975,45.4040282105,0.637197315692902,0.485815549424405,9
1712,-71.6376043345,-39.3543017325,0.534144937992096,0.5479604196535416,9
1713,20.7790586355,54.4290278495,0.526940166950226,0.527401056422576,9
1714,11.5790590035,46.6790281595,0.455040901899338,0.4885478027288147,9
1715,8.94572577549999,59.1706943265,0.471596598625183,0.4748669611121128,9
1716,-107.7292695575,54.9540278285,0.419999986886978,0.42351395034483247,9
1717,-69.2542710965,51.4456946355,0.468909919261932,0.4574677950536384,9
1718,-92.7959368215,52.2040279385,0.458860605955124,0.4446004582035099,9
1719,-86.9959370535,51.6040279625,0.458860605955124,0.44326489945835923,9
1720,-75.8626041655,51.7373612905,0.458860605955124,0.44940761368314136,9
1721,-90.9959368935,52.2040279385,0.458860605955124,0.44627615598905757,9
1722,-88.5959369895,51.4040279705,0.460965722799301,0.4461908872752146,9
1723,-87.1959370455,49.2040280585,0.477431833744049,0.4657413098748514,9
1724,-121.3959356775,61.4040275705,0.458860605955124,0.446789735476579,9
1725,-53.9959383735,48.0040281065,0.458860605955124,0.4933796397580699,9
1726,-102.6042697625,52.9790279075,0.40663754940033,0.4330218643696133,9
1727,-108.7709361825,54.4373611825,0.446531534194946,0.4379066098005465,9
1728,-50.3126051875,-26.8209689005,0.592641115188599,0.5795551224557817,9
1729,16.1290588215,52.7040279185,0.477901041507721,0.5129594564362397,9
1730,-88.9376036425,30.7706954625,0.493215322494507,0.509421480516693,9
1731,9.3457257595,60.6456942675,0.459634453058243,0.48857718560740343,9
1732,-75.5709375105,46.6123614955,0.441736727952957,0.47965389757246163,9
1733,-70.8042710345,42.5873616565,0.46885022521019,0.5188766061214573,9
1734,6.80405919449998,58.3623610255,0.477901041507721,0.48160039435870755,9
1735,-65.8709378985,49.1790280595,0.444446861743927,0.48256792906472035,9
1736,-71.5709376705,50.9706946545,0.453578919172287,0.4546369440986674,9
1737,-65.8626045655,51.9623612815,0.459617286920547,0.4526153631376349,9
1738,-82.5959372295,50.0040280265,0.466020077466965,0.443037999011978,9
1739,-94.5959367495,53.6040278825,0.431366741657257,0.4473790280319119,9
1740,-94.3792700915,48.4623614215,0.307142853736877,0.4493594287634622,9
1741,-95.2876033885,48.7123614115,0.392515927553177,0.44972871010729937,9
1742,-115.8459358995,45.7790281955,0.421466439962387,0.4459427445996688,9
1743,-118.3709357985,48.3706947585,0.462398290634155,0.4417101084607553,9
1744,-115.9959358935,49.4040280505,0.485481470823288,0.43998888469073394,9
1745,-77.0126041195,48.5790280835,0.459519922733307,0.4496268670514281,9
1746,-69.1709377665,48.8040280745,0.445589900016785,0.4590715704728987,9
1747,-77.1042707825,51.1040279825,0.458860605955124,0.4506881945369097,9
1748,-115.1042692625,57.1040277425,0.418153434991837,0.42170162069674166,9
1749,150.2707201225,62.3790275315,0.515887975692749,0.4594117699945226,9
1750,-79.5959373495,50.4040280105,0.458860605955124,0.44440925196910214,9
1751,-81.4209372765,29.5790288435,0.481494188308716,0.530453189320245,9
1752,-80.6126039755,28.0290289055,0.481342524290085,0.5531185718528743,9
1753,34.4540580885,61.4956942335,0.46534851193428,0.4735686936481052,9
1754,33.2790581355,61.8206942205,0.477901041507721,0.4755913869669268,9
1755,15.0540588645,68.9873606005,0.59317672252655,0.5065213031116012,9
1756,-119.7959357415,65.0040274265,0.453893095254898,0.4451724332665916,9
1757,-134.1959351655,67.0040273465,0.458860605955124,0.46595574993600225,9
1758,2.19572604550001,45.0706948905,0.514617919921875,0.556170286888478,9
1759,-73.3126042675,50.0290280255,0.439432740211487,0.45368154038443514,9
1760,29.6623916135,60.6956942655,0.477901041507721,0.48104217004615685,9
0,-149.5876012165,60.1623609535,0.449999988079071,0.46487925014578046,0
1,148.7290535175,-26.2793022555,0.597152650356293,0.6579328519459436,0
2,-106.0292696255,43.3956949575,0.444568485021591,0.4776279439570156,0
3,-105.1292696615,46.4123615035,0.440121561288834,0.473530464857948,0
4,-100.7626031695,32.3623620655,0.724089205265045,0.6273552670019499,0
5,-106.7126029315,44.9040282305,0.466602772474289,0.47835370762200163,0
6,3.33739266649999,43.3956949575,0.642639815807343,0.5911261214449317,0
7,-0.4126071835,39.6456951075,0.606798827648163,0.611383259052147,0
8,-112.5792693635,40.0623617575,0.643438696861267,0.5087617317271953,0
9,-109.3876028245,35.4290286095,0.569540679454803,0.5256099365830014,0
10,-0.770940502499997,49.3290280535,0.624452471733093,0.5742530573377634,0
11,4.9707259345,52.8540279125,0.662574410438538,0.5440407153752097,0
12,-104.7792696755,32.1373620745,0.542123019695282,0.5670773030402315,0
13,-104.9459363355,37.9956951735,0.440121561288834,0.48903605312447235,0
14,-112.4292693695,35.2790286155,0.539541721343994,0.5493259476086021,0
15,-107.7626028895,32.7706953825,0.644307017326355,0.5575610104193583,0
16,-117.2709358425,44.6706949065,0.467338681221008,0.4677796546187211,0
17,150.4623867815,-26.3626355855,0.599904358386993,0.6504772569904669,0
18,-96.0542700245,29.1456955275,0.531750023365021,0.5693288352482053,0
19,144.4040536905,-35.8209685405,0.714345395565033,0.666770008198823,0
20,-111.1292694215,48.8456947395,0.429403185844421,0.43383536237880893,0
21,-104.6126030155,44.9706948945,0.464848607778549,0.46794450115179836,0
22,-99.1126032355,34.5623619775,0.701229393482208,0.6253502240519544,0
23,-97.4542699685,29.3040288545,0.723848104476929,0.6726471581667762,0
24,-88.6376036545,38.9373618025,0.599806129932404,0.5704262576069177,0
25,-118.8542691125,34.4290286495,0.666599988937378,0.6579928882446389,0
26,-1.60427380249999,37.5373618585,0.606798827648163,0.6152272013682495,0
27,-6.09594028949999,36.3373619065,0.586789786815643,0.6218862440322507,0
28,-0.920940496500009,41.3623617055,0.606798827648163,0.5993245750340843,0
29,-114.5626026175,39.3956951175,0.396251827478409,0.4614528831528138,0
30,-114.2542692965,38.3290284935,0.485766559839249,0.5100337618261036,0
31,-117.0876025165,36.9290285495,0.491808652877808,0.5097179666452127,0
32,-118.9292691095,42.6790283195,0.512682497501373,0.48783616683145925,0
33,-117.6792691595,41.5873616965,0.392515927553177,0.44907695514964263,0
34,-53.5959383895,-26.9543022285,0.486569672822952,0.5717505973725933,0
35,-98.2542699365,28.6290288815,0.682161033153534,0.7001603626123218,0
36,175.5290524455,-36.7376351705,0.640231490135193,0.593530972476169,0
37,-78.7292707175,43.0956949695,0.572129487991333,0.5263282720625614,0
38,21.3457252795,54.9873611605,0.471427619457245,0.5093915299178328,0
39,-122.5542689645,45.8540281925,0.44218385219574,0.5088696506421213,0
40,-79.9126040035,42.1123616755,0.54631644487381,0.5510821344455945,0
41,6.1290592215,48.6456947475,0.685117483139038,0.603453073159357,0
42,9.20405909850001,50.6040280025,0.5430588722229,0.5323309629926851,0
43,-75.8542708325,42.9123616435,0.56126743555069,0.5337487236216536,0
44,11.6040590025,47.9040281105,0.438842236995697,0.526283023761911,0
45,-85.7126037715,42.5706949905,0.556675791740417,0.5180105683224199,0
46,8.20405913849999,49.2040280585,0.51903510093689,0.5692390570921521,0
47,1.2707260825,45.1206948885,0.6217240691185,0.6068563588687782,0
48,-90.7126035715,44.8540282325,0.5609250664711,0.5145490098776784,0
49,-85.0542704645,42.7290283175,0.55160665512085,0.5179331786508219,0
50,1.26239274950001,43.6623616135,0.627904653549194,0.605816157289312,0
51,1.8623927255,43.2873616285,0.642639815807343,0.6068879396241498,0
52,-84.4792704875,40.1540284205,0.760745108127594,0.574752131766205,0
53,4.5623926175,48.0123614395,0.670366048812866,0.6212418202141503,0
54,-89.0376036385,36.7540285565,0.761621713638306,0.5707767559872124,0
55,11.5040590065,51.5040279665,0.63588935136795,0.5534881970018145,0
56,-85.6709371065,40.6623617335,0.580972790718079,0.5721610873506967,0
57,-88.5126036595,43.3040282945,0.521281957626343,0.5316557583627752,0
58,-85.0709371305,41.7373616905,0.616957664489746,0.530773791062144,0
59,-91.6292702015,45.4540282085,0.542012512683868,0.49371795872869395,0
60,3.29572600149999,49.7040280385,0.589945912361145,0.584816870603284,0
61,-114.2876026285,44.8040282345,0.45969420671463,0.4325913891416818,0
62,-118.9292691095,48.9290280695,0.469108670949936,0.4461494093626863,0
63,-108.9959361735,34.0123619995,0.457903861999512,0.47114668640335866,0
64,-120.4126023835,45.9790281875,0.440121561288834,0.4596193575502593,0
65,-108.4042695305,33.8706953385,0.473468720912933,0.5189162344520277,0
66,-112.2042693785,44.8790282315,0.45969420671463,0.4419819160793921,0
67,150.8957200975,-28.5209688325,0.583577036857605,0.6630317058074066,0
68,-99.0792699035,31.2623621095,0.711471557617188,0.6740029120058909,0
69,-98.9542699085,32.9623620415,0.724089205265045,0.6793180070210506,0
70,-96.4626033415,34.6873619725,0.688720762729645,0.6128451734706721,0
71,-97.9792699475,30.2206954845,0.643016636371613,0.6536548232320514,0
72,-97.0876033165,35.5290286055,0.599186420440674,0.6150159649022751,0
73,-102.8709364185,47.7206947845,0.614044070243835,0.48283627680206553,0
74,-105.7459363035,48.0290281055,0.408438384532928,0.4840058082216085,0
75,-97.0626033175,34.6123619755,0.616081058979034,0.6169491741948103,0
76,-98.1209366085,35.0956952895,0.584498882293701,0.5826084945652865,0
77,-99.6126032155,37.2873618685,0.591957449913025,0.5341553806577729,0
78,-94.5209367525,44.3540282525,0.526011109352112,0.5288862113053158,0
79,-121.7209356645,39.2206951245,0.75,0.6413960441079138,0
80,-97.5626032975,41.3290283735,0.580436587333679,0.5102275428870996,0
81,-92.9626034815,43.4373616225,0.629999995231628,0.5217118002738552,0
82,-98.8876032445,47.9790281075,0.629999995231628,0.4818188251463261,0
83,-93.9209367765,43.6206949485,0.466905683279037,0.5279472342003775,0
84,-95.3459367195,41.9206950165,0.416827768087387,0.541414380496074,0
85,-97.8292699535,41.9123616835,0.516386032104492,0.5218064537934962,0
86,-90.2209369245,40.8623617255,0.75258606672287,0.5699953409512761,0
87,-93.8126034475,39.9706950945,0.626549303531647,0.5814561452947951,0
88,-98.2376032705,40.4123617435,0.492784082889557,0.5157404934550457,0
89,-96.0459366915,40.0123617595,0.502499997615814,0.5528465720705054,0
90,-89.3376036265,40.2623617495,0.46466451883316,0.5687428470479899,0
91,-90.3792702515,41.4206950365,0.557884931564331,0.5557349859730808,0
92,9.3957257575,39.9290284295,0.505345165729523,0.6071494980332068,0
93,9.4040590905,39.2206951245,0.677180647850037,0.6288038369413234,0
94,5.7790592355,44.2373615905,0.665719211101532,0.546109620664997,0
95,-3.58760705649999,38.4790284875,0.586789786815643,0.5803926124917677,0
96,-16.6209398685,28.3540288925,0.610000014305115,0.6205256105465425,0
97,6.5457258715,43.7790282755,0.477901041507721,0.5980463628611449,0
98,18.3623920655,40.3290284135,0.606798827648163,0.5795555400340353,0
99,12.8040589545,37.8706951785,0.605427503585815,0.6209776075307148,0
100,17.2623921095,40.7540283965,0.726811647415161,0.6293626899024873,0
101,-1.16260715350001,38.7623618095,0.606798827648163,0.5935682665204708,0
102,14.3290588935,41.2873617085,0.396124988794327,0.5803126393280735,0
103,-107.6792695595,42.2956950015,0.443424880504608,0.4697628816715229,0
104,-110.8959360975,41.5040283665,0.509938538074493,0.48302211654617455,0
105,-65.9376045625,18.0456959715,0.49053618311882,0.5797570897149436,0
106,-83.3459371995,8.41236302349999,0.495253205299377,0.5566381803731496,0
107,-61.8626047255,-16.7043026385,0.679835021495819,0.6469989681199797,0
108,-84.4376038225,37.5123618595,0.684711694717407,0.5658827854936017,0
109,149.5707201505,-35.5043018865,0.594521820545197,0.617568049264751,0
110,9.30405909449999,47.7040281185,0.597483098506927,0.5685310729190157,0
111,152.3790533715,-29.9709687745,0.755739688873291,0.6632233808738506,0
112,-89.2792702955,46.5873614965,0.434622317552567,0.49040444844018793,0
113,-89.9126036035,44.4040282505,0.469420462846756,0.5199436136913326,0
114,0.070726130499992,47.1706948065,0.603569746017456,0.6209608394867757,0
115,-91.8626035255,31.1373621145,0.51274037361145,0.5635112846051759,0
116,5.80405923449999,46.0956948495,0.596176028251648,0.5815766699330707,0
117,17.3540587725,51.6790279595,0.575555741786957,0.526164254330211,0
118,1.1540594205,43.0706949705,0.622604131698608,0.5977970954167244,0
119,-90.9459368955,35.0706952905,0.690113604068756,0.5565309247721665,0
120,12.3040589745,51.4040279705,0.61323219537735,0.5244954020738418,0
121,-87.1792703795,39.4040284505,0.562784433364868,0.5645151260997567,0
122,-87.3126037075,38.9206951365,0.560580909252167,0.5711851680225704,0
123,18.3207254005,47.8456947795,0.654572248458862,0.5621251163595894,0
124,9.4040590905,53.4040278905,0.545654118061066,0.5306820573363081,0
125,-121.6792689995,43.6290282815,0.438163012266159,0.44508448567984066,0
126,-111.9876027205,38.6206951485,0.437700718641281,0.4299830523179393,0
127,-121.5959356695,51.8040279545,0.43882742524147,0.443965003609228,0
128,-111.5959360695,38.0956951695,0.408903926610947,0.4270221089784832,0
129,-120.3959357175,50.8040279945,0.458373218774796,0.4711259767555072,0
130,33.9457247755,59.7790276355,0.491320222616196,0.4942130711919848,0
131,-95.6876033725,30.0290288255,0.648868441581726,0.5510416872877474,0
132,-97.2959366415,33.0540287045,0.531750023365021,0.6393503600054905,0
133,-121.5709356705,39.7540284365,0.667195081710815,0.581617813982745,0
134,-8.91260684350001,39.0873617965,0.724434554576874,0.6263040488407472,0
135,-109.5209361525,39.5040284465,0.51877748966217,0.5048650487179704,0
136,-59.9376048025,-0.670969946500009,0.668049454689026,0.6019082512020504,0
137,108.1207218085,15.1123627555,0.50398862361908,0.5876730091876144,0
138,-7.00427358650001,5.1790298195,0.71414190530777,0.6131402725510593,0
139,-51.5292718055,-27.3209688805,0.474230617284775,0.5663281814878807,0
140,-85.9709370945,33.2206953645,0.495340198278427,0.5287485559130184,0
141,-80.3876039845,37.3873618645,0.566428124904633,0.545409643962003,0
142,-87.2959370415,34.3290286535,0.536932945251465,0.5411487732311747,0
143,-92.8626034855,46.9123614835,0.41154158115387,0.4648183850726523,0
144,-76.9626041215,46.0206948525,0.527427852153778,0.5089478210184006,0
145,-82.7626038895,37.1123618755,0.542206704616547,0.5383717800272021,0
146,-81.3292706135,37.3956951975,0.616495430469513,0.5387437992553405,0
147,128.3623876655,37.7040285185,0.490655571222305,0.5356799376574801,0
148,148.0957202095,-35.7543018765,0.676485776901245,0.6241989922952124,0
149,-80.4709373145,38.5790284835,0.635749399662018,0.5529962896121873,0
150,-93.9959367735,47.5040281265,0.458860605955124,0.4540466897575566,0
151,-77.5292707655,37.0373618785,0.503371715545654,0.519472286705502,0
152,-85.6626037735,32.0290287455,0.493411332368851,0.5236148012119308,0
153,-93.9876034405,46.6290281615,0.478341698646545,0.4690713324995833,0
154,175.9373857625,-40.1876350325,0.726444900035858,0.6204321571843551,0
155,-122.3209356405,45.3873615445,0.432178229093552,0.5310841535892104,0
156,-77.7959374215,44.2040282585,0.424297958612442,0.5088510100930045,0
157,-1.4709404745,49.3456947195,0.578728973865509,0.5739588000884882,0
158,-95.5876033765,32.8623620455,0.659380674362183,0.5765576556918006,0
159,19.1373920345,48.3790280915,0.71739262342453,0.5529301975895479,0
160,-88.6126036555,35.9206952565,0.622631847858429,0.5514604632144602,0
161,-79.8376040065,39.8706950985,0.500327289104462,0.5614099509374654,0
162,-91.2626035495,36.6373618945,0.684400498867035,0.573326209628661,0
163,-79.9959373335,43.0040283065,0.689335823059082,0.5521641075729093,0
164,4.5623926175,45.4623615415,0.701584756374359,0.5858973019167799,0
165,-2.3376071065,47.4956947935,0.50644713640213,0.5816409951724426,0
166,-86.8042703945,30.8123621275,0.571072041988373,0.5266964955621968,0
167,-124.0626022375,40.6456950675,0.433556199073792,0.5312850286043211,0
168,-95.0792700635,31.5790287635,0.532549321651459,0.5521727069889266,0
169,-124.3626022255,42.3873616645,0.461621254682541,0.5516668492955396,0
170,8.4040591305,63.4790274875,0.477901041507721,0.5072279172739058,0
171,-95.4292700495,30.8623621255,0.490811288356781,0.5875963843357574,0
172,-83.2792705355,31.2206954445,0.497595816850662,0.5393242744991599,0
173,-77.9709374145,35.3290286135,0.493638098239899,0.5260995960943544,0
174,-131.5959352695,58.0040277065,0.376814931631088,0.4389846541363713,0
175,-122.7959356215,62.6040275225,0.458860605955124,0.45248701062555485,0
176,-123.7959355815,57.8040277145,0.405647099018097,0.4266953997365702,0
177,-72.0542709845,48.4123614235,0.529021978378296,0.46083205835108454,0
178,-145.2459347235,61.0373609185,0.355714291334152,0.4758607842559684,0
179,2.7957260215,43.6290282815,0.422920763492584,0.5500918716577636,0
180,-6.28760694850001,38.0706951705,0.507512986660004,0.6020860149373232,0
181,6.97905918749998,44.2290282575,0.486498773097992,0.4948466031115755,0
182,1.18739275249999,42.3623616655,0.477901041507721,0.49754242244089597,0
183,-93.8126034475,35.7206952645,0.529566586017609,0.5623883410109158,0
184,-79.6376040145,37.3290285335,0.436607152223587,0.5394754817361911,0
185,-84.6376038145,34.1623619935,0.492324888706207,0.5316262201518355,0
186,-88.1709370065,32.9540287085,0.57340943813324,0.5522196319506902,0
187,-94.7626034095,34.7540286365,0.502106487751007,0.5778540369745383,0
188,-92.6709368265,36.0623619175,0.661958813667297,0.5904515065870629,0
189,-82.2876039085,36.1956952455,0.542122304439545,0.5333195746729666,0
190,127.8373876865,35.8290285935,0.506393432617188,0.5611555099974295,0
191,176.1207190885,-38.0876351165,0.63076114654541,0.6034827235276886,0
192,175.6873857725,-38.5376350985,0.592726647853851,0.6184503119990947,0
193,20.8123919675,43.2956949615,0.420257836580276,0.4564191564593748,0
194,-80.9959372935,39.9706950945,0.542165577411652,0.5703227139169387,0
195,-92.6376034945,35.2540286165,0.671451032161713,0.5614045190552945,0
196,-85.4126037835,32.4290287295,0.422157138586044,0.5258330911044645,0
197,-81.9459372555,40.3623617455,0.492428243160248,0.5860067693272392,0
198,-4.52094035249999,42.9456949755,0.701094269752502,0.5521906044780557,0
199,-78.8626040455,36.7790285555,0.535022854804993,0.5375581015823813,0
200,-92.7876034885,47.8373614465,0.46971607208252,0.4516627716411775,0
201,-123.2626022695,45.9790281875,0.428702414035797,0.514636371049111,0
202,-105.1209363285,39.1706951265,0.440121561288834,0.45516067201929006,0
203,-111.1792694195,43.0790283035,0.372311681509018,0.4319413786260078,0
204,-107.9376028825,37.3706951985,0.424617290496826,0.44750091275772685,0
205,-109.6542694805,44.7456949035,0.43978276848793,0.42723514563410303,0
206,-123.9709355745,47.1290281415,0.45988005399704,0.5074270085960185,0
207,-118.7959357815,50.6040280025,0.455375075340271,0.5056362832574226,0
208,-107.5709362305,39.8123617675,0.375692039728165,0.4236759933037323,0
209,-133.1959352055,59.4040276505,0.527999997138977,0.4208247831731527,0
210,-95.7626033695,48.0956947695,0.457253783941269,0.482013661174811,0
211,7.08739251649999,61.0290275855,0.514487028121948,0.466352985742299,0
212,-6.4959402735,41.8706950185,0.50644713640213,0.5965042954836788,0
213,-106.61260293550001,36.3623619055,0.556611120700836,0.48172710744650243,0
214,-54.9626050015,5.37069647849999,0.750861167907715,0.5968286904268669,0
215,-49.8626052055,-29.0709688105,0.532900631427765,0.6129885118716049,0
216,-49.1376052345,-26.3709689185,0.555890798568726,0.5911960309365563,0
217,-77.6126040955,42.6956949855,0.561581134796143,0.5449642158366271,0
218,-89.4626036215,34.0040286665,0.529680252075195,0.5528663314486555,0
219,-80.2376039905,41.2790283755,0.571410894393921,0.5585232370985785,0
220,-78.2209374045,42.6373616545,0.714875102043152,0.5277648910616786,0
221,28.3457249995,57.0956944095,0.477901041507721,0.5000866866642909,0
222,-88.4709369945,34.9873619605,0.551052987575531,0.5561541590812636,0
223,-85.4459371155,43.0873616365,0.537427961826324,0.5114550045875914,0
224,-120.9792690275,41.0290283855,0.386088728904724,0.45560067118131,0
225,-113.4876026605,45.9123615235,0.393236309289932,0.4319900412252149,0
226,-120.8792690315,40.3623617455,0.419229656457901,0.44856443548737435,0
227,-139.3876016245,59.6123609755,0.393151253461838,0.460742601738027,0
228,-92.9626034815,33.0956953695,0.485303938388824,0.5319643561540385,0
229,-118.7959357815,51.8040279545,0.451849520206451,0.45307076596360635,0
230,-119.5959357495,50.2040280185,0.439795911312103,0.4427328506967432,0
231,-121.3959356775,53.2040278985,0.375707745552063,0.42696673197107093,0
232,-114.5376026185,48.9956947335,0.375585824251175,0.4279370829904682,0
233,-111.1959360855,46.2290281775,0.459812551736832,0.44856152958568213,0
234,8.62072578850001,46.7456948235,0.420257836580276,0.5173057042647222,0
235,-71.7376043305,49.6040280425,0.447493135929108,0.45301640058121767,0
236,-118.1959358055,60.8040275945,0.458860605955124,0.4495709345375652,0
237,-80.1959373255,49.6040280425,0.427618145942688,0.44930747564770346,0
238,17.7457254235,68.7540272765,0.591212034225464,0.5106882007835463,0
239,-91.7459368635,14.7540294365,0.561337947845459,0.5861777781226284,0
240,-73.5126042595,48.3623614255,0.458860605955124,0.44994469239426504,0
241,-71.7126043315,47.0706948105,0.437681674957275,0.4748044702792409,0
242,8.0040591465,58.2623610295,0.473320841789246,0.4859609677838344,0
243,11.4290590095,59.5206943125,0.475616753101349,0.47376276524841465,0
244,-71.9459376555,44.8623615655,0.636896371841431,0.540444596877425,0
245,-72.1126043155,45.4040282105,0.549448013305664,0.5014524404470053,0
246,-70.3042710545,46.0456948515,0.58137583732605,0.5053601316643422,0
247,-68.4959377935,45.4206948765,0.634937465190887,0.5016336960077449,0
248,-72.6709376265,47.5623614575,0.631298184394836,0.485014422788156,0
249,-67.9709378145,47.0540281445,0.467952340841293,0.5128305022950829,0
250,13.9873922405,48.9206947365,0.442898958921432,0.5032004380119082,0
251,-68.5876044565,46.6706948265,0.380685299634933,0.49329459419628824,0
252,-77.6542707605,41.2706950425,0.54278975725174,0.5249815894865868,0
253,-84.1626038335,46.0373615185,0.64211094379425,0.49378564137942593,0
254,11.6873923325,59.0123609995,0.469955623149872,0.4761851482785869,0
255,-73.5709375905,43.8623616055,0.646233320236206,0.5050599281023359,0
256,-82.3959372375,47.6040281225,0.425732642412186,0.445807005240494,0
257,-77.1959374455,45.0040282265,0.414700210094452,0.5166045264716416,0
258,-78.3959373975,45.4040282105,0.637197315692902,0.48976316815224996,0
259,-86.8626037255,45.8040281945,0.397150993347168,0.48781803557231906,0
260,8.7040591185,52.7040279185,0.630221426486969,0.5339278042496691,0
261,-70.3876043845,43.5290282855,0.451228976249695,0.5166136186199815,0
262,10.5040590465,51.5040279665,0.615180015563965,0.5338044382875358,0
263,-78.1126040755,34.0623619975,0.514429450035095,0.5584093564806928,0
264,10.5623923775,46.6123614955,0.439611852169037,0.4793653148502129,0
265,-93.7209367845,30.6373621345,0.56444776058197,0.5253603283415822,0
266,-116.7959358615,50.6040280025,0.34064906835556,0.4321521315754344,0
267,-81.6042706025,33.0706953705,0.442775696516037,0.546644760926685,0
268,24.1123918355,48.5040280865,0.421115666627884,0.458657940258432,0
269,-78.6709373865,34.2206953245,0.534890830516815,0.523534355801227,0
270,-82.4626039015,31.6873620925,0.542456388473511,0.5321402578555349,0
271,-70.2209377245,48.7873614085,0.453291088342667,0.4552484257309698,0
272,-73.0126042795,50.7373613305,0.458204030990601,0.4552291278860714,0
273,-62.8209380205,51.0873613165,0.448368102312088,0.4549618635140477,0
274,-104.2459363635,54.6123611755,0.421169489622116,0.43458332001087446,0
275,-69.5042710865,51.1456946475,0.4556924700737,0.4574328815703037,0
276,12.4123923035,61.1956942455,0.457565784454346,0.4667632964902857,0
277,-71.4959376735,51.4456946355,0.46331661939621,0.4565700567565938,0
278,-63.2626046695,51.8040279545,0.459773272275925,0.4557700749310317,0
279,-105.3376029865,53.6540278805,0.422172755002975,0.42266689538168073,0
280,-68.4459377955,50.2040280185,0.454756677150726,0.45650326528918056,0
281,-91.9959368535,51.6040279625,0.418818563222885,0.4522818606304813,0
282,30.8540582325,62.1456942075,0.497565299272537,0.4729355873078031,0
283,-73.6542709205,51.8373612865,0.424949705600739,0.4532910920174585,0
284,-91.1959368855,51.6040279625,0.459570497274399,0.4537229039960694,0
285,-121.3959356775,61.4040275705,0.458860605955124,0.4470046403431615,0
286,-55.1959383255,48.0040281065,0.459338158369064,0.4681620853214103,0
287,14.0623922375,64.4456941155,0.525220096111298,0.4834632881677116,0
288,-115.3376025865,56.1123611155,0.393404871225357,0.42028884721976584,0
289,-84.5959371495,50.0040280265,0.356622606515884,0.44727838152509236,0
290,-112.6792693595,55.0456944915,0.393309444189072,0.42758308075219265,0
291,-50.2376051905,-27.3626355455,0.548983454704285,0.5924636368575302,0
292,-49.7709385425,-27.5376355385,0.536722183227539,0.5841869084040551,0
293,7.10405918250001,48.0456947715,0.541796684265137,0.5353959269994564,0
294,2.95405934850001,44.6373615745,0.660357773303986,0.537244513003353,0
295,-72.6126042955,42.0290283455,0.564531624317169,0.5382834166654346,0
296,14.3373922265,53.7040278785,0.557232141494751,0.5286427144921431,0
297,1.5707260705,47.5123614595,0.587535202503204,0.5965196456504575,0
298,6.57072587049998,44.7873615685,0.487532556056976,0.4967414981700031,0
299,8.4123924635,60.7040275985,0.53883570432663,0.5011304192184418,0
300,-115.5959359095,62.0040275465,0.410941451787949,0.4500554616702162,0
301,-109.5959361495,57.4040277305,0.419999986886978,0.44594031950477614,0
302,-121.9959356535,59.4040276505,0.460840463638306,0.44024904679263394,0
303,168.1957194055,-44.4459681955,0.582116007804871,0.5667755417270126,0
304,12.2290589775,64.9623607615,0.467363566160202,0.5020087786201862,0
305,6.8373925265,62.4790275275,0.470890462398529,0.4945221678449254,0
306,5.75405923649998,61.5123608995,0.510922789573669,0.47980385265852543,0
307,-76.8209374605,46.4790281675,0.44932422041893,0.45785262142456384,0
308,-76.3209374805,47.1040281425,0.601106882095337,0.46687275364818914,0
309,-70.7792710355,42.1956950055,0.447513699531555,0.5237811046440669,0
310,2.6873926925,45.4123615435,0.537466466426849,0.5204899433002683,0
311,-122.2042689785,44.8206949005,0.442497223615646,0.4649822608118321,0
312,-121.6792689995,45.3040282145,0.427060097455978,0.45687241211543483,0
313,6.80405919449998,58.3623610255,0.477901041507721,0.47598890273857036,0
314,-123.5126022595,47.5040281265,0.434540718793869,0.45360842911146393,0
315,-66.5792712035,49.0290280655,0.436731934547424,0.46458995420523064,0
316,-65.5459379115,51.4790279675,0.458860605955124,0.4600891850190472,0
317,-99.3792698915,56.5623610975,0.407565921545029,0.44437057926287576,0
318,-81.7959372615,49.4040280505,0.407303005456924,0.4464654696401606,0
319,-152.3376011065,57.6040277225,0.390979200601578,0.4705896134885916,0
320,-98.5959365895,56.4040277705,0.458860605955124,0.4497428295783859,0
321,8.86239244550001,61.2456942435,0.496086806058884,0.49664790309798557,0
322,-95.0709367305,48.2040280985,0.486288875341415,0.4475366754396223,0
323,-74.3626042255,49.4123613835,0.45449885725975,0.45166632779224686,0
324,174.5123858195,-39.5626350575,0.650742709636688,0.6178499141670997,0
325,-78.0876040765,46.8873614845,0.463714808225632,0.4629968003151593,0
326,6.8873925245,48.5040280865,0.487532556056976,0.5854924180782161,0
327,-121.7209356645,48.0123614395,0.441673159599304,0.47977245089592985,0
328,-121.0209356925,46.4373615025,0.451908618211746,0.448214597528616,0
329,-116.8126025275,48.8373614065,0.410326451063156,0.44864589469836924,0
330,-115.3626025855,44.0873615965,0.45969420671463,0.44373850843461304,0
331,-115.9709358945,46.3623615055,0.422404378652573,0.4888880621632024,0
332,-116.4459358755,53.0373612385,0.459139257669449,0.42963553511590913,0
333,-76.1542708205,49.5040280465,0.439045757055283,0.45081451158835684,0
334,-78.2792707355,49.9373613625,0.458672225475311,0.44738417315460755,0
335,-97.6876032925,55.6040278025,0.422623932361603,0.4426810424788238,0
336,100.2540554565,38.5290284855,0.410287916660309,0.44266724100020205,0
337,145.3457203195,61.9706942145,0.397210478782654,0.4561067009664647,0
338,-84.4959371535,29.9873621605,0.488000005483627,0.5245353273107887,0
339,-80.8542706325,28.8790288715,0.488000005483627,0.550720299564746,0
340,35.3040580545,62.9040275105,0.560187160968781,0.4729801888125808,0
341,33.3207248005,59.3623609855,0.477901041507721,0.5000361643857735,0
342,-111.5959360695,57.0706944105,0.418066442012787,0.4454167051199517,0
343,-4.2042736985,41.3456950395,0.50644713640213,0.5686538004273266,0
344,-75.7626041695,35.7956952615,0.533214628696442,0.529687341974222,0
345,8.7040591185,53.7040278785,0.434381574392319,0.5455337813842254,0
346,32.1373915145,58.5206943525,0.495650857686996,0.4986265755228851,0
347,149.6540534805,62.9540275085,0.424872219562531,0.45692159045326364,0
348,34.4790580875,65.8206940605,0.508064985275269,0.48168149337341964,0
349,-107.9292695495,47.3623614655,0.445859014987946,0.4792392211901626,0
350,13.1290589415,64.0956941295,0.520833134651184,0.4736062370148122,1
351,-113.4376026625,37.4790285275,0.65084832906723,0.46896711747800546,1
352,147.7290535575,-23.2793023755,0.600658893585205,0.6596730383255146,1
353,146.2123869515,-34.6376352545,0.714345395565033,0.6758750222125165,1
354,-105.6459363075,46.0540281845,0.466602772474289,0.47384303555588,1
355,-1.55427380450001,39.7123617715,0.606798827648163,0.5754332980203056,1
356,-3.72927371750001,37.2540285365,0.606798827648163,0.6144138142078509,1
357,-117.2376025105,39.7123617715,0.489380031824112,0.4995963667075178,1
358,-111.9792693875,39.0706951305,0.581333816051483,0.4982368999289277,1
359,-109.7709361425,40.1956950855,0.418509840965271,0.49263790506230326,1
360,-1.5209404725,47.3956947975,0.471427619457245,0.5525811457243154,1
361,4.68739261249999,45.9290281895,0.645084798336029,0.6140567956677582,1
362,13.1040589425,51.1040279825,0.602998971939087,0.5608983872244393,1
363,-106.4209362765,34.6873619725,0.501567602157593,0.4814213920076976,1
364,150.0623867975,-28.2959688415,0.62187135219574,0.6472366051545361,1
365,147.9373868825,-26.3293022535,0.6779505610466,0.6499431051140416,1
366,-97.4042699705,27.6040289225,0.724089205265045,0.6595607066098105,1
367,-100.9376031625,34.8373619665,0.655091464519501,0.5876384274844489,1
368,-104.2209363645,42.8540283125,0.444101542234421,0.4686640894437844,1
369,11.9040589905,42.8790283115,0.559481203556061,0.628071142679078,1
370,-1.97094045450001,42.2456950035,0.606798827648163,0.6046598074767541,1
371,-3.3292737335,42.3456949995,0.625590682029724,0.5458184046883253,1
372,-1.9959404535,37.0956952095,0.606798827648163,0.6210418358823269,1
373,-1.5292738055,40.6623617335,0.771317541599274,0.5605963378794473,1
374,-119.7126024115,35.2540286165,0.676557004451752,0.623350118254571,1
375,-3.48760706050001,39.8290284335,0.606798827648163,0.5652377015521748,1
376,-99.3626032255,27.8123622475,0.724089205265045,0.7032087892152052,1
377,-105.5126029795,37.0456952115,0.565371692180634,0.491461919560466,1
378,-104.9959363335,35.3373619465,0.570401966571808,0.5590011537267228,1
379,-118.1959358055,43.7040282785,0.512682497501373,0.4775375645373711,1
380,-114.8876026045,40.1873617525,0.754418849945068,0.48356798855263244,1
381,-110.6126027755,33.1123620355,0.565371692180634,0.6055018229905643,1
382,-114.5792692835,40.6290284015,0.48473584651947,0.48367802445145525,1
383,-100.9126031635,29.3290288535,0.724089205265045,0.6695339567824211,1
384,-65.3459379195,-17.5876359365,0.714794754981995,0.6042913261807562,1
385,-52.8292717535,-27.0876355565,0.540152192115784,0.5607954817184113,1
386,12.5040589665,51.9040279505,0.511282384395599,0.5404046149769594,1
387,29.1290583015,57.9706943745,0.477901041507721,0.5016312413945543,1
388,-83.2292705375,41.6206950285,0.581285715103149,0.5520821924374041,1
389,31.0290582255,58.1123610355,0.44116747379303,0.4992448618389577,1
390,11.5040590065,55.4706944745,0.520804107189178,0.5280115580126213,1
391,-83.9792705075,42.4706949945,0.510128319263458,0.5431497661188343,1
392,-81.3792706115,40.8790283915,0.539806604385376,0.5736358277536423,1
393,11.7873923285,44.5873615765,0.450500011444092,0.5666083172146276,1
394,3.33739266649999,48.2123614315,0.700439810752869,0.6134423965085475,1
395,-90.2209369245,45.1540282205,0.496190190315247,0.5220223572176685,1
396,14.6790588795,49.3623613855,0.46529147028923,0.5084040910606118,1
397,13.1040589425,52.3040279345,0.496108412742615,0.5367141203503005,1
398,-0.487607180499992,43.2123616315,0.581827342510223,0.5782980996607079,1
399,-105.2542696565,42.1873616725,0.440121561288834,0.480989507585679,1
400,-106.8792695915,35.9040285905,0.558133721351624,0.47967709109426226,1
401,-109.9626028015,45.6040282025,0.45969420671463,0.4305680495494592,1
402,-120.0626023975,48.1290281015,0.440121561288834,0.46513284797890986,1
403,-105.7459363035,32.5790287235,0.560739815235138,0.5745626453290852,1
404,-105.3792696515,32.9790287075,0.552253603935242,0.5776870349375998,1
405,-111.6459360675,34.4206953165,0.50946843624115,0.5830663107679472,1
406,-110.8126027675,45.1956948855,0.45969420671463,0.43025020722955715,1
407,-124.9959355335,64.4040274505,0.458860605955124,0.4511045781660271,1
408,-112.5959360295,60.6040276025,0.419658869504929,0.44687438870932966,1
409,-129.5959353495,65.6040274025,0.474061965942383,0.45108752449921596,1
410,-97.8709366185,31.0456954515,0.643426775932312,0.6709269541864643,1
411,-100.0959365295,41.4623617015,0.529981315135956,0.4943335693038941,1
412,-97.5876032965,39.4456951155,0.613214671611786,0.5274816463246056,1
413,-92.2959368415,38.7373618105,0.643084645271301,0.591352017111565,1
414,-99.3209365605,35.0540286245,0.597771525382996,0.5984770150658754,1
415,-95.5626033775,38.0706951705,0.59821629524231,0.5697916008010492,1
416,-97.4459366355,47.5123614595,0.468252092599869,0.502330404757713,1
417,-98.1126032755,51.1790279795,0.419999986886978,0.4668054878059508,1
418,-93.1792701395,43.8956949375,0.483475416898727,0.5331871053630312,1
419,-96.7626033295,44.8456948995,0.555967509746552,0.5206751497023965,1
420,-88.3376036665,40.7290283975,0.726840734481812,0.5693688365063713,1
421,-95.7459367035,44.9206948965,0.47381979227066,0.5208702312959261,1
422,-92.1876035125,42.3206950005,0.499482601881027,0.5331660397150774,1
423,-98.2292699375,46.7290281575,0.472188651561737,0.5052809594940745,1
424,-93.9959367735,42.1040283425,0.569486260414124,0.5285180750081601,1
425,-98.0792699435,38.6790284795,0.548240065574646,0.5243218004165556,1
426,-97.4376033025,36.9290285495,0.61909407377243,0.5776623951237572,1
427,-98.9292699095,40.0790284235,0.556767702102661,0.5071433880562095,1
428,-87.4542703685,40.8456950595,0.572000026702881,0.5711485349664774,1
429,-94.1876034325,43.1873616325,0.573960304260254,0.5284359001298257,1
430,-94.2959367615,40.2873617485,0.591936111450195,0.5732148427228443,1
431,-91.7792701955,41.4873617005,0.50615006685257,0.5538215195817804,1
432,-96.1709366865,40.7540283965,0.62010532617569,0.5340894088897704,1
433,-98.6709365865,44.7290282375,0.408438384532928,0.5247916011779921,1
434,-3.61260705550001,39.3123617875,0.50644713640213,0.565847844562971,1
435,-0.720940504499993,39.1456951275,0.598876893520355,0.6104105213497009,1
436,-2.19594044550001,39.9706950945,0.609239220619202,0.5815061839586783,1
437,-118.7459357835,41.6790283595,0.454133838415146,0.43673004847758173,1
438,-106.6292696015,42.1290283415,0.3816197514534,0.4296411810358454,1
439,-97.5459366315,25.9873623205,0.509607195854187,0.6427327486522394,1
440,106.2873885485,14.5706961105,0.725969612598419,0.5469079441801158,1
441,107.9957218135,15.6540294005,0.514259099960327,0.5752030936917292,1
442,2.88739268449999,49.1873613925,0.453659296035767,0.5700089554809586,1
443,-90.0042702665,33.1873620325,0.615612983703613,0.5505597270319548,1
444,-90.8542702325,32.4790287275,0.652720808982849,0.5573468197512167,1
445,-96.1292700215,32.4873620605,0.630315780639648,0.6177382824860889,1
446,-89.8042702745,35.6623619335,0.636427760124207,0.5624244618492358,1
447,150.0207201325,-36.1709685265,0.740296602249146,0.671001062110486,1
448,10.6040590425,48.1040281025,0.449705004692078,0.5193758139182212,1
449,-86.4376037425,39.3956951175,0.676403045654297,0.5684248709135642,1
450,11.7040589985,48.7040280785,0.499657809734344,0.5235560853765068,1
451,-96.5209366725,31.4706954345,0.724089205265045,0.6491728593350624,1
452,-90.7376035705,34.2790286555,0.443882584571838,0.5630700145757959,1
453,10.5957257095,55.2706944825,0.429063200950623,0.5191065059359482,1
454,127.0457210515,36.0123619195,0.486686378717422,0.5642554339065983,1
455,-1.91260712350001,47.8706947785,0.60115259885788,0.5700498179468324,1
456,126.5623877375,35.4373619425,0.50307309627533,0.5677177267765002,1
457,-89.2209369645,36.2206952445,0.677714347839355,0.5723529456013281,1
458,30.2123915915,57.9706943745,0.482036083936691,0.4981224421379084,1
459,13.6040589225,54.5040278465,0.623804867267609,0.5199611894994981,1
460,-89.8709369385,37.0040285465,0.606238782405853,0.5804475598407457,1
461,12.3540589725,55.6956944655,0.601817727088928,0.5156157330386889,1
462,3.48739266050001,47.2956948015,0.6853848695755,0.6150090144390427,1
463,0.620726108500008,45.1290282215,0.620031774044037,0.590514799425501,1
464,-91.9042701905,30.6706954665,0.529637396335602,0.5458259799463075,1
465,-91.6292702015,33.8290286735,0.626335382461548,0.5489102694509465,1
466,-120.8626023655,43.6123616155,0.440121561288834,0.4488365353795779,1
467,12.7290589575,46.5123614995,0.592923223972321,0.48715451282765004,1
468,-116.9959358535,51.4040279705,0.455196112394333,0.44330613382003403,1
469,-110.7959361015,40.8956950575,0.406013041734695,0.4186936581672856,1
470,10.4457257155,64.1790274595,0.591212034225464,0.4822047547840021,1
471,-98.9876032405,52.8040279145,0.420121759176254,0.45468477579776573,1
472,13.1040589425,-5.61263641550001,0.693885266780853,0.6194787522118084,1
473,-95.1126033955,33.7040286785,0.504613220691681,0.5521733986418149,1
474,-96.6042700025,33.2706953625,0.49287337064743,0.6356119152529542,1
475,-103.3126030675,44.1040282625,0.440121561288834,0.47819019411280267,1
476,-98.1876032725,29.6623621735,0.660000026226044,0.6780840569164454,1
477,-97.2209366445,31.9040287505,0.649683117866516,0.662889253741976,1
478,-120.7542690365,37.9873618405,0.75,0.6654121338808071,1
479,-99.8292698735,43.2790282955,0.428290009498596,0.5057423324291059,1
480,-99.9709365345,44.2706949225,0.408438384532928,0.5033295675201037,1
481,6.98739252050001,61.4873609005,0.591212034225464,0.4867205191260169,1
482,17.6123920955,69.5040272465,0.600237369537354,0.5381699494634372,1
483,14.5457255515,66.7290273575,0.594386041164398,0.4891397920245955,1
484,-121.1542690205,38.9956951335,0.715708494186401,0.6325532883860863,1
485,16.2040588185,40.0373617585,0.781321942806244,0.6088251659501089,1
486,4.45405928849999,44.1873615925,0.508931517601013,0.6362713479497892,1
487,14.6207255485,41.8123616875,0.548824548721313,0.6393715392421504,1
488,8.54572579149999,40.2873617485,0.643194437026978,0.6254747811115224,1
489,12.7540589565,42.2873616685,0.737616121768951,0.623750810671208,1
490,13.8790589115,41.6373616945,0.624253749847412,0.6178873276759909,1
491,-100.5042698465,28.7373622105,0.724089205265045,0.675164395653871,1
492,107.5457218315,15.8123627275,0.636607766151428,0.5653141598089163,1
493,91.8040557945,24.3540290525,0.462755113840103,0.5263532489909809,1
494,148.5623868575,-35.3709685585,0.597853362560272,0.643539643170659,1
495,152.5790533635,-28.5293021655,0.711219787597656,0.7014501601665155,1
496,-94.7959367415,49.8040280345,0.419999986886978,0.449989327140642,1
497,7.40405917050001,51.3040279745,0.618919134140015,0.5585452182881843,1
498,129.1207209685,37.1873618725,0.451410830020905,0.5571607166059473,1
499,-84.1626038335,32.5040287265,0.621197581291199,0.5218660278587205,1
500,178.3790523315,-37.7876351285,0.553402721881866,0.6057572784772632,1
501,-90.5459369115,36.7206952245,0.590857982635498,0.5791286357365274,1
502,-1.3542738125,48.2456947635,0.696831524372101,0.577828270181897,1
503,-1.24594048349999,48.9040280705,0.548116981983185,0.5701627235844231,1
504,-73.1959376055,45.3873615445,0.532958805561066,0.5305571955167493,1
505,-81.1959372855,44.0040282665,0.612693607807159,0.5361899753261894,1
506,6.3040592145,50.3040280145,0.500113368034363,0.5437792181573537,1
507,-85.8292704335,36.8040285545,0.594714462757111,0.5751968480042402,1
508,-94.7792700755,30.7206954645,0.495320230722427,0.5311194010701598,1
509,-122.3959356375,54.0040278665,0.46376034617424,0.42918108217566336,1
510,-134.7292684775,56.2540277765,0.445518016815186,0.4503069007166796,1
511,-78.4959373935,34.9206952965,0.495822995901108,0.5163560446062206,1
512,-79.0959373695,34.8040286345,0.570693254470825,0.5192331609090695,1
513,11.5873923365,-0.2209699645,0.633843839168549,0.5954427449711144,1
514,171.0290526255,-44.0209682125,0.468497455120087,0.6102741631087245,1
515,-148.9626012415,60.8873609245,0.430585563182831,0.48072290986393473,1
516,-129.1959353655,65.0040274265,0.458860605955124,0.4473002044078999,1
517,-132.0042685865,56.7623610895,0.449999988079071,0.45659198123085165,1
518,-10.8042734345,7.67902971949999,0.611674070358276,0.5830965408034585,1
519,-88.1542703405,31.8706954185,0.589621901512146,0.536150251853829,1
520,-82.9626038815,35.9706952545,0.542084991931915,0.5405050887014421,1
521,-77.9459374155,40.8040283945,0.628575325012207,0.5405778761148318,1
522,-78.5292707255,38.7790284755,0.521051168441772,0.5520094649349221,1
523,126.9123877235,35.0373619585,0.601771533489227,0.5586297886962956,1
524,-87.8626036855,32.5623620575,0.662165105342865,0.5449539304033497,1
525,-81.5792706035,39.8873617645,0.587178766727448,0.5697109496450506,1
526,-84.5876038165,33.6790286795,0.485441237688065,0.5303489165599528,1
527,-80.8376039665,34.7456953035,0.518866717815399,0.5208987803781517,1
528,-85.8459370995,38.3290284935,0.557256758213043,0.5755930444463773,1
529,-75.9709374945,40.8206950605,0.558634579181671,0.5525110971509858,1
530,172.9290525495,-41.0876349965,0.512084662914276,0.6450671648622613,1
531,13.8207255805,50.6790279995,0.449706673622131,0.5359383465458645,1
532,128.1457210075,35.2873619485,0.477303355932236,0.5575389708181193,1
533,-76.1959374855,45.2040282185,0.342059165239334,0.5232821749371701,1
534,-123.8626022455,44.3456949195,0.459055513143539,0.5027598819593809,1
535,-124.3959355575,53.8040278745,0.427248358726501,0.43078659069080166,1
536,21.0957252895,49.4206947165,0.583673715591431,0.5323167380514251,1
537,-124.5959355495,55.4040278105,0.421210378408432,0.41433014968392756,1
538,-127.1959354455,55.6040278025,0.475209265947342,0.43094265653715724,1
539,-121.1959356855,57.2040277385,0.399971961975098,0.4208790724726985,1
540,-81.7959372615,48.8040280745,0.440921694040298,0.4427787791713254,1
541,-122.5959356295,57.2040277385,0.458611935377121,0.4260261220595463,1
542,147.0457202515,-24.8959689775,0.634865581989288,0.6454565878650831,1
543,-96.1376033545,48.4873614205,0.369372963905334,0.48339293989566134,1
544,19.8707253385,68.9623606015,0.591212034225464,0.5468931842470243,1
545,-6.44594027549999,37.3040285345,0.627352058887482,0.6482542219526259,1
546,-3.46260706149999,41.2456950435,0.771317541599274,0.5689053135699514,1
547,-49.6792718795,-26.2793022555,0.486266583204269,0.5790603556148827,1
548,-49.5876052165,-28.1709688465,0.551304936408997,0.5960242881139665,1
549,-87.3209370405,46.2206948445,0.351857513189316,0.4886127089047748,1
550,18.2707254025,48.4540280885,0.740699052810669,0.5670987557758131,1
551,-86.8709370585,31.7290287575,0.519148409366608,0.5237915922070496,1
552,-76.2792708155,41.4706950345,0.548805058002472,0.5310865099036515,1
553,22.1040585825,48.9956947335,0.650197505950928,0.5771772813612701,1
554,-83.3459371995,35.0290286255,0.425431668758392,0.53485651414688,1
555,169.7540526765,-43.5626348975,0.573797523975372,0.5768559213863129,1
556,-80.1959373255,46.0040281865,0.632134556770325,0.48612497663410636,1
557,-84.0792705035,34.3623619855,0.502007782459259,0.5285536098243351,1
558,-84.7209371445,45.1623615535,0.783308506011963,0.4852707218027476,1
559,-94.3709367585,35.8873619245,0.683185875415802,0.5826247399100102,1
560,2.17905937949999,48.0040281065,0.701584756374359,0.5547027328382503,1
561,-83.5626038575,34.5290286455,0.535325050354004,0.5334132817616976,1
562,14.2373922305,49.7206947045,0.470952063798904,0.5183303124656112,1
563,-89.7292702775,34.9623619615,0.576307654380798,0.5593100291059059,1
564,-75.6042708425,41.8456950195,0.591317415237427,0.5358955674220084,1
565,5.8957258975,51.2123613115,0.514156341552734,0.532274170198737,1
566,174.0707191705,-35.1709685665,0.71399998664856,0.5848273206741806,1
567,-94.4459367555,36.9873618805,0.69044429063797,0.5984411768341621,1
568,20.2290586575,48.6873614125,0.661350667476654,0.5363304710872487,1
569,-110.8792694315,44.4290282495,0.426653146743774,0.41516464631195665,1
570,-108.5876028565,45.1873615525,0.398159682750702,0.4313599282899903,1
571,-111.0542694245,46.9290281495,0.429769456386566,0.4265747746539018,1
572,-113.6292693215,48.3623614255,0.45969420671463,0.4273251099468078,1
573,-91.8126035275,33.3123620275,0.512914776802063,0.5567233778541327,1
574,-123.0876022765,41.3956950375,0.45034059882164,0.4914620876021636,1
575,-125.5959355095,53.2040278985,0.423505634069443,0.42796947673440233,1
576,-87.6876036925,30.9206954565,0.54393744468689,0.5244238884068169,1
577,-123.1959356055,53.8040278745,0.430712997913361,0.4249024124786263,1
578,-115.1959359255,49.8040280345,0.377845793962479,0.42675135922290985,1
579,9.35405909249999,46.7290281575,0.497956246137619,0.45873298215038605,1
580,-76.1126041555,38.5040284865,0.544946908950806,0.5322840845825179,1
581,-63.6209379885,50.8956946575,0.454107046127319,0.45115992444228503,1
582,-120.9959356935,60.8040275945,0.458860605955124,0.44913604785659894,1
583,-56.1959382855,53.0040279065,0.464509069919586,0.45491700998785983,1
584,-95.0292700655,35.7790285955,0.697497963905334,0.6065080915621354,1
585,-94.1209367685,37.4290285295,0.660124659538269,0.5817567316380018,1
586,5.3623925855,61.1040275825,0.478507697582245,0.47794078512987576,1
587,6.62905920149998,60.5123609395,0.503817021846771,0.47316941157608083,1
588,-7.4209402365,40.7290283975,0.725887298583984,0.5537694904661238,1
589,-73.6959375855,43.3873616245,0.474976688623428,0.5282130750447417,1
590,-84.4209371565,44.5790282435,0.417636394500732,0.4813241674681061,1
591,-71.0959376895,44.5040282465,0.425972789525986,0.5223730534286989,1
592,-88.7376036505,45.0873615565,0.380566596984863,0.4998423013677512,1
593,-72.8792709515,48.0706947705,0.454809904098511,0.4676200324380095,1
594,12.0040589865,49.9040280305,0.432952046394348,0.485517344210097,1
595,-69.9709377345,45.0290282255,0.50487893819809,0.5380595161763737,1
596,-66.5709378705,48.0873614365,0.780600011348724,0.5076303611139724,1
597,-73.9042709105,48.7456947435,0.438794314861298,0.4489885502697997,1
598,9.50405908650001,51.6040279625,0.550584554672241,0.5375534787154647,1
599,-88.7542703165,46.2706948425,0.428655952215195,0.4732575739420409,1
600,-79.5959373495,47.2040281385,0.458703964948654,0.4600094686355291,1
601,-80.5959373095,47.2040281385,0.422362059354782,0.45488558352319264,1
602,-92.9959368135,49.2040280585,0.458860605955124,0.4498508333504943,1
603,-81.7959372615,48.2040280985,0.345292389392853,0.4457862481109215,1
604,-72.2376043105,-48.2376347105,0.515999972820282,0.510541549688975,1
605,-0.4126071835,45.2540282165,0.584279656410217,0.5568825639131137,1
606,-76.8542707925,41.3290283735,0.552311360836029,0.5458553416661208,1
607,-67.8292711535,46.5290281655,0.751180052757263,0.5356254364176111,1
608,-94.0542701045,30.2706954825,0.491003781557083,0.5291205270583912,1
609,-76.1459374875,35.4373619425,0.485288441181183,0.5337026144764906,1
610,-118.3292691335,57.1290277415,0.429172545671463,0.4244921196976916,1
611,-80.1042706625,33.4206953565,0.457808345556259,0.5252661239050109,1
612,-76.3292708135,35.8873619245,0.483228415250778,0.5327055979644922,1
613,-126.3959354775,54.0040278665,0.431486487388611,0.42808110230010765,1
614,12.4957256335,60.1706942865,0.468746036291122,0.46131372028155765,1
615,11.4707256745,61.2956942415,0.420257836580276,0.469819048397391,1
616,-71.0376043585,48.6373614145,0.495829343795776,0.4901012805222773,1
617,11.8290589935,60.5123609395,0.428342401981354,0.4540913528862103,1
618,-76.0626041575,50.7206946645,0.426701426506042,0.45345225865323885,1
619,-101.3792698115,54.1373611945,0.419765681028366,0.43630004290686886,1
620,-70.7626043695,50.2790280155,0.457867354154587,0.45560797292629834,1
621,-102.1126031155,54.4373611825,0.429179042577744,0.43900685978682696,1
622,-106.1959362855,53.6040278825,0.399206340312958,0.42241380553379326,1
623,-114.7042692785,55.6206944685,0.419761806726456,0.4216595787685235,1
624,-102.6042697625,52.9790279075,0.40663754940033,0.4327997331953634,1
625,-67.4876045005,48.8206947405,0.409984201192856,0.4771715763203107,1
626,10.6790590395,43.9706949345,0.556367635726929,0.6104691678073302,1
627,167.6540527605,-44.7043015185,0.587497711181641,0.590016036143811,1
628,-73.0292709455,41.6956950255,0.551682114601135,0.5308281938923348,1
629,4.8540592725,51.4123613035,0.597947955131531,0.5339893541502538,1
630,2.19572604550001,47.3206948005,0.597001433372498,0.5578086668571788,1
631,-92.6709368265,33.5040286865,0.501995503902435,0.5378053606207546,1
632,25.2623917895,47.1123614755,0.422151207923889,0.4612220805302396,1
633,-120.1959357255,61.2040275785,0.433075100183487,0.4503014899959765,1
634,-124.7959355415,59.8040276345,0.462507784366608,0.4384738841394012,1
635,8.71239245149999,63.0290275055,0.557389795780182,0.4849532884378575,1
636,8.47905912749999,56.2873611085,0.461158603429794,0.5035411650121729,1
637,-122.8626022855,47.9206947765,0.42775484919548,0.5153523050575042,1
638,-64.1292713015,51.9873612805,0.456403762102127,0.4575401521922308,1
639,-93.1959368055,52.8040279145,0.417014330625534,0.45252328608669745,1
640,-97.7959366215,56.2040277785,0.48852676153183,0.442938280054401,1
641,-149.5209345525,61.2790275755,0.499387145042419,0.47948905365321975,1
642,-78.8292707135,46.9456948155,0.452113538980484,0.463603265020662,1
643,-120.6626023735,48.5623614175,0.428032070398331,0.4379986785291915,1
644,-121.1792690195,45.9956948535,0.454727053642273,0.4611402908463415,1
645,-115.2209359245,44.8206949005,0.4361432492733,0.42742306725608087,1
646,30.2873915885,67.0373606785,0.487706691026688,0.4768322566440735,1
647,-76.8459374595,49.0206947325,0.431407421827316,0.4480359962771005,1
648,-79.3959373575,51.6123612955,0.432477414608002,0.44849572088290024,1
649,-59.8959381375,50.4790280075,0.449870467185974,0.45339308187400745,1
650,-99.1959365655,54.0040278665,0.450826197862625,0.4429974172659934,1
651,-100.7042698385,52.3123612675,0.419456452131271,0.4460982488952354,1
652,-79.5959373495,33.1540287005,0.517102539539337,0.5345976426809093,1
653,-86.0709370905,30.3123621475,0.721086859703064,0.5267369809664332,1
654,-85.0292704655,29.9373621625,0.520758330821991,0.5231717886523954,1
655,-81.3292706135,29.0623621975,0.712719082832336,0.5448756472943425,1
656,-80.8209373005,28.0206955725,0.394838780164719,0.5248300756691763,1
657,-75.0626041975,50.4290280095,0.428435027599335,0.45520593429748313,1
658,32.1873915125,59.2456943235,0.547245562076569,0.496653167702233,1
659,148.2373868705,61.8040275545,0.391730427742004,0.45648022388338216,1
660,31.5040582065,62.7123608515,0.447541564702988,0.4699132007118564,1
661,-110.9959360935,57.4040277305,0.418279021978378,0.4300084810382638,1
662,-132.3959352375,53.4040278905,0.439661681652069,0.4857263447187082,1
663,-80.4126039835,25.8373623265,0.644744455814362,0.5295766578171346,1
664,-130.7709353025,55.0706944905,0.427258908748627,0.459961079404361,1
665,-128.7959353815,66.8040273545,0.440190404653549,0.4540230088492578,1
666,-118.9959357735,65.6040274025,0.42190033197403,0.46532236794331633,1
667,-119.7959357415,57.4040277305,0.431305348873138,0.42981962059640666,1
668,-132.1959352455,68.0040273065,0.513579249382019,0.46000804931353834,1
669,151.2790534155,60.3873609445,0.420975685119629,0.474251204966783,1
670,145.0707203305,63.7956941415,0.511782705783844,0.45024837849803956,1
671,-91.6792701995,48.0540281045,0.421621173620224,0.44607679560308233,1
672,-88.5792703235,48.1373614345,0.461939483880997,0.4704580310498339,1
673,-96.7709366625,33.8040286745,0.696571528911591,0.6266304923565231,1
674,-117.0709358505,36.2123619115,0.48439833521843,0.4975124519883796,2
675,-107.9876028805,39.0623617975,0.431711196899414,0.423098283351817,2
676,-107.9959362135,46.5123614995,0.440121561288834,0.46735298284068116,2
677,-100.6376031745,37.0540285445,0.408438384532928,0.5702392967346342,2
678,-103.7376030505,48.0373614385,0.408438384532928,0.4997148044121207,2
679,-2.01260711949999,39.3290284535,0.615971028804779,0.5603388836954322,2
680,-118.2459358035,39.5290284455,0.48439833521843,0.49966913615846675,2
681,-117.9376024825,40.8123617275,0.509938538074493,0.507188641060695,2
682,-116.3709358785,37.9456951755,0.503277838230133,0.506829397317637,2
683,10.9040590305,47.7040281185,0.479567855596542,0.5213333069501623,2
684,21.9040585905,48.5290280855,0.435861319303513,0.5564062849373046,2
685,8.7040591185,51.7040279585,0.553149104118347,0.54295737061056,2
686,4.0207259725,46.4040281705,0.601756930351257,0.5822016753913859,2
687,11.9040589905,52.9040279105,0.609587967395782,0.5311819353882105,2
688,-120.4542690485,44.2790282555,0.445455431938171,0.4525526470395254,2
689,-111.0376027585,33.4206953565,0.498700320720673,0.6059029056096302,2
690,-112.8542693525,34.8706952985,0.490446090698242,0.5453249573281357,2
691,-110.4876027805,33.5873620165,0.55293995141983,0.5726282364531945,2
692,150.4040534505,-27.8126355275,0.609176337718964,0.6536378349563345,2
693,-96.9876033205,28.6373622145,0.470374405384064,0.6348417149845169,2
694,-100.3209365205,29.4706955145,0.627615988254547,0.6788435899718333,2
695,-101.6876031325,43.2206949645,0.442568421363831,0.48142961816468727,2
696,-117.2542691765,58.4456943555,0.414934635162354,0.43355166544718393,2
697,-107.0209362525,48.3706947585,0.432027369737625,0.47744297959467996,2
698,-101.1126031555,34.4040286505,0.509645760059357,0.5912306603263808,2
699,-102.3292697735,46.7206948245,0.513078987598419,0.5079021489006194,2
700,117.0457214515,42.9956949735,0.414797693490982,0.4802939361866701,2
701,-120.4042690505,35.9956952535,0.696706354618073,0.641019434709303,2
702,-120.6292690415,36.4456952355,0.676557004451752,0.6360523891145238,2
703,142.8707204185,-34.6293019215,0.714345395565033,0.6707521898716534,2
704,-2.6959404255,40.2956950815,0.606798827648163,0.5674326759341995,2
705,-115.5709359105,38.1206951685,0.493619918823242,0.5176833822230965,2
706,-113.4959359935,42.4790283275,0.509938538074493,0.4907993978805887,2
707,-103.7626030495,30.5956954695,0.755520761013031,0.5885743260628561,2
708,-120.1459357275,42.4956949935,0.440121561288834,0.47584045944452513,2
709,-116.1792692195,37.2373618705,0.502725899219513,0.5073926137448754,2
710,-53.3042717345,-26.4293022495,0.584307014942169,0.5821828223578925,2
711,11.2873923485,44.1373615945,0.660357773303986,0.5635473505099636,2
712,-73.6959375855,42.8623616455,0.54559850692749,0.5398179151052342,2
713,-77.9459374155,43.2540282965,0.663754463195801,0.5434490280439151,2
714,13.0040589465,48.8040280745,0.583046019077301,0.544286076057072,2
715,-84.3876038245,41.2790283755,0.615768790245056,0.5632761381983462,2
716,1.96239272150001,50.2290280175,0.45969420671463,0.5740444141901626,2
717,3.88739264450001,47.8123614475,0.645543932914734,0.628025398031271,2
718,-85.8709370985,39.2123617915,0.490204095840454,0.5717240723426162,2
719,13.9040589105,53.0040279065,0.545270442962646,0.53444446463796,2
720,9.30405909449999,48.5040280865,0.588850378990173,0.5631909049261014,2
721,-84.6126038155,43.1373616345,0.574699282646179,0.5286301911482455,2
722,7.40405917050001,50.7040279985,0.555307030677795,0.5704966174469535,2
723,-92.6709368265,45.0290282255,0.500695586204529,0.5318901350978639,2
724,-85.9876037605,41.1206950485,0.486817121505737,0.5563903689586848,2
725,-110.9876027605,34.2206953245,0.553072392940521,0.5564309420528418,2
726,-108.9959361735,42.5373616585,0.42241382598877,0.4329248551862673,2
727,-117.9126024835,47.8623614455,0.440121561288834,0.4641589347665259,2
728,-116.3126025475,44.7540282365,0.413060247898102,0.43699194361016475,2
729,-117.2042691785,47.5956947895,0.45969420671463,0.46788241807077247,2
730,-98.7542699165,36.9290285495,0.516534745693207,0.5581856202456801,2
731,-98.6126032555,37.3790285315,0.482012182474136,0.5465169549321777,2
732,-98.5876032565,36.4540285685,0.644668877124786,0.5729184203155772,2
733,-100.0459365315,40.7206950645,0.480354636907578,0.5179921409355475,2
734,-96.9542699885,36.4706952345,0.681242346763611,0.5856724593209538,2
735,-97.5126032995,36.0206952525,0.497614920139313,0.5687544682475274,2
736,-96.0876033565,39.0706951305,0.578352451324463,0.5548474866771493,2
737,-96.5876033365,42.8040283145,0.553577780723572,0.5037631293082828,2
738,-91.5292702055,40.6290284015,0.490070134401321,0.579054154005909,2
739,-99.9959365335,45.0706948905,0.499592185020447,0.518215599006001,2
740,-97.9126032835,48.4790280875,0.485536456108093,0.49639136696243136,2
741,-93.9126034435,38.9706951345,0.676068961620331,0.5949975374614181,2
742,-91.0876035565,38.5040284865,0.609692513942719,0.5948111996894233,2
743,-95.8209367005,43.9540282685,0.457128673791885,0.5210698760169236,2
744,-95.7292700375,39.4623617815,0.467752605676651,0.5470683686933772,2
745,-96.4792700075,35.8623619255,0.690550148487091,0.5995405718784502,2
746,-91.0376035585,41.4623617015,0.597156822681427,0.5597497087949702,2
747,-94.8792700715,40.5706950705,0.574503242969513,0.5636510785425033,2
748,-118.9959357735,56.0040277865,0.398639857769012,0.4335975146086486,2
749,-97.6459366275,45.7040281985,0.649220287799835,0.5170968918249979,2
750,169.0873860365,-44.6959681855,0.749000012874603,0.5552749833090337,2
751,-5.2542736565,39.1873617925,0.649701297283173,0.5981545318466711,2
752,-8.40427353050001,37.2373618705,0.724065065383911,0.6302230807571257,2
753,-0.954273828499993,39.8790284315,0.606798827648163,0.5935130956852134,2
754,15.1540588605,41.3623617055,0.530233383178711,0.6343025221300703,2
755,9.88739240449999,44.7623615695,0.646552383899689,0.5995910804793207,2
756,-7.67927355949999,37.1206952085,0.51801985502243,0.6272195877542741,2
757,-5.22094032449999,38.6706951465,0.714345395565033,0.6151328273604152,2
758,-98.3542699325,28.1456955675,0.72912585735321,0.6973275687796541,2
759,-111.7542693965,43.3206949605,0.392515927553177,0.48979418003078695,2
760,177.5373856985,-17.6709692665,0.47052389383316,0.5813783186355768,2
761,-91.1042702225,47.7790281155,0.445403933525085,0.4471475741022636,2
762,-91.3209368805,31.0623621175,0.547001779079437,0.5391611725609816,2
763,-96.1709366865,49.4956947135,0.420019149780273,0.45022527734679857,2
764,3.60405932250001,48.7873614085,0.633551001548767,0.5921108320696947,2
765,10.2707257225,57.5956943895,0.480358362197876,0.5121473996012514,2
766,153.2457200035,-29.2543021365,0.764604985713959,0.6510863461958989,2
767,152.6290533615,-31.8043020345,0.765756845474243,0.642819030677025,2
768,-90.9542702285,30.7123621315,0.634939610958099,0.5449916932808408,2
769,17.0540587845,49.7456947035,0.590590476989746,0.5694338400103579,2
770,3.16239267349999,50.3373613465,0.576442062854767,0.5720841619496657,2
771,4.34572595949999,48.6540280805,0.477901041507721,0.5873876591719479,2
772,3.11239267549999,47.6790281195,0.603143572807312,0.6110912123871286,2
773,-90.1542702605,35.3123619475,0.500562846660614,0.5676202783865455,2
774,-86.3542704125,41.7123616915,0.541394829750061,0.5444717206411407,2
775,-90.4459369155,36.0540285845,0.544406056404114,0.5693943091249487,2
776,15.7207255045,54.1790278595,0.493211567401886,0.533903553433011,2
777,19.0957253695,53.0956945695,0.567575693130493,0.5224787678408536,2
778,126.6873877325,36.3706952385,0.556448757648468,0.55943959006428,2
779,-89.7209369445,43.9706949345,0.595707178115845,0.5139026399390552,2
780,-90.9209368965,42.4956949935,0.618917346000671,0.5429877750487777,2
781,-77.3292707735,39.4456951155,0.55628764629364,0.5730812585168503,2
782,-104.4876030205,44.4873615805,0.440121561288834,0.44051507513453453,2
783,-111.4709360745,39.9790284275,0.512704014778137,0.49503059060334637,2
784,5.63739257450001,60.4373609425,0.390979200601578,0.4971932027832381,2
785,11.1123923555,46.3540281725,0.444478183984756,0.5209480502495474,2
786,-111.5876027365,40.6956950655,0.396747976541519,0.4344650846378307,2
787,-98.3876032645,27.3956955975,0.746444463729858,0.7010318904361234,2
788,-99.6292698815,42.7540283165,0.485090047121048,0.5064143608683986,2
789,-101.0626031575,43.2206949645,0.440121561288834,0.48408120148493583,2
790,-103.5959363895,52.8040279145,0.473080396652222,0.4477475689361498,2
791,-97.3542699725,31.3873621045,0.603385329246521,0.664021971104194,2
792,-100.0626031975,48.1373614345,0.392515927553177,0.5039581860839054,2
793,7.97072581449999,61.3790275715,0.591212034225464,0.49814125704177986,2
794,27.3873917045,70.5790272035,0.591212034225464,0.5410637504081617,2
795,8.9373924425,41.8790283515,0.757678329944611,0.6048708321965266,2
796,-121.2792690155,37.3373618665,0.748408079147339,0.6499579479470305,2
797,14.5873922165,40.8623617255,0.597688436508179,0.6150285668022495,2
798,13.5290589255,43.5956949495,0.58455228805542,0.6167156962647425,2
799,14.0540589045,37.8873618445,0.681979179382324,0.5633030825144134,2
800,18.1540587405,39.8706950985,0.703000009059906,0.5816625483941669,2
801,-89.9959369335,15.0040294265,0.589112758636475,0.57341587401301,2
802,-83.0459372115,38.1706951665,0.595883905887604,0.555183622715113,2
803,-87.9376036825,35.3290286135,0.55853009223938,0.5571133406547607,2
804,-74.6376042145,40.7790283955,0.543104648590088,0.5439870803834109,2
805,31.7957248615,57.2373610705,0.601725876331329,0.4975499306206035,2
806,21.9790585875,44.1290282615,0.655151128768921,0.5600138456954131,2
807,-91.7459368635,37.4290285295,0.524039506912231,0.5696560880839712,2
808,-84.5876038165,31.8456954195,0.518137156963348,0.5305964782402374,2
809,11.5040590065,52.5040279265,0.498450607061386,0.5282501148329999,2
810,-79.8126040075,40.8540283925,0.540380299091339,0.55673209099526,2
811,-95.6459367075,47.3623614655,0.471234321594238,0.47624014281792065,2
812,29.9373916025,56.8206944205,0.477901041507721,0.5026774878845449,2
813,-76.4542708085,40.1956950855,0.689004063606262,0.5554862941630212,2
814,-91.2459368835,35.9706952545,0.620225131511688,0.5793772682984758,2
815,-95.7792700355,31.9373620825,0.666265547275543,0.6018910208975667,2
816,-93.1709368065,31.2206954445,0.504569053649902,0.5342102399449858,2
817,-123.9959355735,42.7456949835,0.458185583353043,0.4940482891611278,2
818,-84.4959371535,30.6123621355,0.499315470457077,0.533600836759395,2
819,-92.3792701715,32.8873620445,0.539972066879272,0.5391403260176436,2
820,-150.7042678385,59.3373609865,0.401239663362503,0.4492152311489689,2
821,-92.8126034875,30.8873621245,0.523273527622223,0.5312070561823506,2
822,-116.5042692065,52.0040279465,0.39320370554924,0.43997233387280066,2
823,-128.1959354055,57.0040277465,0.341758787631989,0.42804186507536546,2
824,11.3623923455,46.9456948155,0.422707706689835,0.4581470209025804,2
825,-82.2209372445,32.1456954075,0.589654207229614,0.5376911175635549,2
826,-82.8292705535,32.4040287305,0.531521856784821,0.5288068766277639,2
827,-129.5959353495,58.6040276825,0.351859778165817,0.4219078539967922,2
828,-126.7959354615,59.0040276665,0.481696546077728,0.4197671428594946,2
829,-131.3959352775,65.6040274025,0.458860605955124,0.4529946696372654,2
830,-100.5792698435,41.0623617175,0.412569493055344,0.4943182549118816,2
831,172.5373858985,-42.6043016025,0.749000012874603,0.5699107073975309,2
832,-147.4042679705,61.1123609155,0.449793487787247,0.5089723608072061,2
833,-144.0959347695,61.0040275865,0.470135599374771,0.4668667021318341,2
834,9.4540590885,42.9290283095,0.766001760959625,0.6134258687532353,2
835,-7.27094024249999,41.2123617115,0.50644713640213,0.5726814049026481,2
836,2.3373927065,42.0040283465,0.642639815807343,0.6011998299322232,2
837,-2.62094042850001,43.3290282935,0.497124999761581,0.5809959737201953,2
838,-84.2459371635,35.3873619445,0.51834762096405,0.5412171535026606,2
839,-81.7209372645,36.1790285795,0.540813863277435,0.5358461630917224,2
840,128.4373876625,37.0123618795,0.671867907047272,0.550121711206819,2
841,-81.8209372605,34.9540286285,0.615330457687378,0.5247661980952439,2
842,-9.21260683150001,43.0623616375,0.50644713640213,0.5832239935208491,2
843,-81.8542705925,36.6206952285,0.423314362764359,0.5486000327924744,2
844,172.9290525495,-41.5959683095,0.72752845287323,0.563588548888402,2
845,176.2790524155,-39.4543017285,0.766676604747772,0.5904323880021389,2
846,-85.4709371145,35.5540286045,0.630202651023865,0.5411691351121763,2
847,-77.7959374215,36.3456952395,0.502707362174988,0.526720731219935,2
848,-78.1376040745,39.1706951265,0.512736439704895,0.5753373946788499,2
849,-80.7959373015,44.4040282505,0.392958283424377,0.5216424868806215,2
850,-93.4959367935,48.3790280915,0.394409447908401,0.4613628856572603,2
851,-107.2959362415,38.6456951475,0.425432503223419,0.4187098621825345,2
852,-109.9376028025,44.2873615885,0.374038726091385,0.43362692422307825,2
853,-122.3626023055,42.6290283215,0.406242161989212,0.4583367147486854,2
854,-109.5709361505,43.7956949415,0.386527746915817,0.4297414709821667,2
855,-105.4042696505,39.9706950945,0.438828229904175,0.4436371706067453,2
856,18.7123920515,49.0290280655,0.424256950616837,0.5125380301667966,2
857,-109.4126028235,45.1956948855,0.43214413523674,0.4258845874244955,2
858,-115.7959359015,50.2040280185,0.454010665416718,0.4282389920358344,2
859,-107.3209362405,37.4290285295,0.43634033203125,0.4222436070635252,2
860,-104.6626030135,36.7290285575,0.52265202999115,0.49643261427203483,2
861,-125.1959355255,55.8040277945,0.425435900688171,0.4202955940199785,2
862,-115.9959358935,55.2040278185,0.428065836429596,0.42269608403724906,2
863,-106.7042695985,37.7123618515,0.449651271104813,0.4684261001722291,2
864,-87.8876036845,30.5040288065,0.522239565849304,0.5350896595591647,2
865,-121.3959356775,57.8040277145,0.458860605955124,0.42748770066769565,2
866,-99.7959365415,50.8040279945,0.396481513977051,0.4263702332690515,2
867,-95.0292700655,34.1540286605,0.493870288133621,0.5473429873270022,2
868,-72.4876043005,-49.1543013405,0.515999972820282,0.507773593468215,2
869,22.2790585755,69.2040272585,0.591212034225464,0.5422120435232958,2
870,-5.57094031049999,36.1373619145,0.718974590301514,0.6223035440034957,2
871,-108.2126028715,38.0040285065,0.531806826591492,0.4786619554963908,2
872,-85.0709371305,43.9706949345,0.411299526691437,0.4946402760881498,2
873,-82.0542705845,35.3790286115,0.499902337789536,0.5293259448149251,2
874,-83.0126038795,33.8790286715,0.508524537086487,0.5225234624172174,2
875,-88.0459370115,37.0456952115,0.600023627281189,0.5747275018325049,2
876,-94.0292701055,36.5956952295,0.619662821292877,0.5873400568203059,2
877,-75.1626041935,42.4456949955,0.44989737868309,0.5516954849443778,2
878,-88.7376036505,32.8790287115,0.52688866853714,0.5472705776591141,2
879,15.9623921615,49.6623613735,0.571114897727966,0.485472373887169,2
880,171.2707192825,-42.5209682725,0.66918158531189,0.5817194805172495,2
881,-75.8376041665,42.4290283295,0.508335649967194,0.5491704150426039,2
882,15.5873921765,49.0540280645,0.429141461849213,0.5149367142930171,2
883,-84.2792704955,33.3040286945,0.453671544790268,0.5188806969067514,2
884,18.2457254035,49.6373613745,0.6060791015625,0.55181937135139,2
885,-75.2292708575,41.0040283865,0.576343059539795,0.5503242840531051,2
886,-86.3792704115,34.9290286295,0.496660709381104,0.5482856161474794,2
887,-76.7792707955,41.8040283545,0.764633536338806,0.5500193055822076,2
888,-88.6126036555,35.4373619425,0.480336338281631,0.5584992547286831,2
889,-110.5626027775,42.3790283315,0.352273225784302,0.43964053456032814,2
890,-120.6626023735,38.5123618195,0.540852189064026,0.5821533820821552,2
891,-92.1459368475,34.3123619875,0.52515321969986,0.547075341921079,2
892,-112.7209360245,47.0873614765,0.40677484869957,0.4310196981851096,2
893,-89.1376036345,30.9040287905,0.495823383331299,0.5282533603092625,2
894,-123.5959355895,54.8040278345,0.360612869262695,0.4178373319020431,2
895,-127.8292687535,53.0706945705,0.403895258903503,0.47061877041717803,2
896,-128.3959353975,54.6040278425,0.384825110435486,0.48523603464431336,2
897,-127.5959354295,54.2040278585,0.365888208150864,0.4402985660683801,2
898,-78.3376040665,49.4706947145,0.412281543016434,0.4484045799382857,2
899,-72.5459376315,47.0790281435,0.545012831687927,0.49109098974148935,2
900,11.8457256595,43.8706949385,0.647168934345245,0.5971164986500185,2
901,-71.5292710055,45.6206948685,0.490453571081161,0.5195426572179972,2
902,-89.9292702695,46.3123615075,0.442446321249008,0.5054616798451004,2
903,-88.1876036725,46.0040281865,0.570828378200531,0.46696693609467466,2
904,-71.2459376835,43.3373616265,0.409126311540604,0.5149572200457221,2
905,-90.6292702415,46.0040281865,0.444828182458878,0.48960311167657233,2
906,-71.7126043315,47.5790281235,0.470414310693741,0.46204996216622213,2
907,-76.1626041535,46.4123615035,0.452123075723648,0.4808959791055433,2
908,-67.7459378235,44.6706949065,0.45574277639389,0.5115282849975052,2
909,-66.9959378535,46.2040281785,0.704172492027283,0.5059577641143035,2
910,-90.9959368935,48.6040280825,0.410793364048004,0.43396396723418385,2
911,-71.6376043345,-39.3543017325,0.534144937992096,0.5340494540161146,2
912,11.3040590145,49.9040280305,0.492288887500763,0.5348372142618951,2
913,93.5123890595,26.9790289475,0.434134662151337,0.5323300818522467,2
914,-72.7126042915,46.0373615185,0.503354847431183,0.5161741061692589,2
915,20.7790586355,54.4290278495,0.526940166950226,0.5108055930034628,2
916,-80.3376039865,32.6956953855,0.623604536056519,0.5181136482270239,2
917,-126.7959354615,51.2040279785,0.429147243499756,0.4457249780594634,2
918,-125.1959355255,50.2040280185,0.435250788927078,0.5074950036557226,2
919,-82.9709372145,30.6706954665,0.481532692909241,0.5341570258815515,2
920,-72.5792709635,40.8623617255,0.550820052623749,0.5245987709175587,2
921,-76.7459374635,35.1123619555,0.536319494247437,0.5231042466285725,2
922,-69.7876044085,50.3456946795,0.457400441169739,0.45687156646651794,2
923,-67.4292711695,51.7540279565,0.435515701770782,0.45818432749844035,2
924,-107.1542695805,53.9123612035,0.421000152826309,0.42632806791954275,2
925,-68.1626044735,51.3623613055,0.454478234052658,0.456228788017315,2
926,-76.1626041535,51.5373612985,0.422824680805206,0.4526612785128341,2
927,-83.9959371735,49.4040280505,0.442860752344131,0.4349504088884455,2
928,-100.9959364935,53.4040278905,0.471216678619385,0.4395501743595078,2
929,-83.7959371815,48.2040280985,0.471346080303192,0.4432930194283646,2
930,-87.9959370135,48.8040280745,0.464575380086899,0.45687728353745777,2
931,-53.9959383735,48.0040281065,0.458860605955124,0.48927538833053924,2
932,8.62905912150001,59.8123609675,0.482197642326355,0.4890259229687786,2
933,-75.1792708595,43.6290282815,0.506287634372711,0.525199808829266,2
934,2.9790593475,45.8206948605,0.478258371353149,0.5318137344537924,2
935,-89.1876036325,45.9123615235,0.466171026229858,0.4750706706553716,2
936,18.1957254055,51.5456946315,0.477901041507721,0.5243694696159767,2
937,-117.1959358455,61.8040275545,0.458860605955124,0.453046386056336,2
938,-80.9126039635,25.7873623285,0.395847827196121,0.5501012805761593,2
939,9.06239243749999,62.5623608575,0.589844524860382,0.49319296467660356,2
940,6.7040591985,61.9206942165,0.514889538288116,0.48983324830600117,2
941,-48.7792719155,-26.0126355995,0.655625641345978,0.5809806149307287,2
942,-76.0626041575,48.4040280905,0.429790079593658,0.44887939990356857,2
943,-76.8126041275,47.4623614615,0.426723808050156,0.45369177473083355,2
944,6.67905919949999,52.2540279365,0.570049583911896,0.5349775558261131,2
945,8.72072578449999,55.3040278145,0.536587357521057,0.523734173229992,2
946,-122.2126023115,44.3456949195,0.441577076911926,0.4695018416323611,2
947,-122.7542689565,47.4206947965,0.456782162189484,0.4985463122694948,2
948,-61.3542714125,51.8290279535,0.457210302352905,0.45697490232325927,2
949,-95.5792700435,51.0540279845,0.426566332578659,0.4478248500498614,2
950,-151.1959344855,60.6373609345,0.484897792339325,0.4744820808967659,2
951,-101.7959364615,55.8040277945,0.458860605955124,0.44411989237492694,2
952,-70.3292710535,52.0040279465,0.458204090595245,0.4587384594265804,2
953,-96.2376033505,50.8040279945,0.395160228013992,0.4485857491912607,2
954,30.4790582475,69.6873605725,0.578534364700317,0.5449478691424676,2
955,-95.4209367165,48.6956947455,0.392307341098785,0.46029695370650814,2
956,-114.8209359405,46.9290281495,0.430546641349792,0.44056437404921983,2
957,-116.1959358855,47.3123614675,0.444456905126572,0.45312904575497065,2
958,-116.3459358795,46.7290281575,0.436190783977509,0.4725123874654957,2
959,-116.5459358715,47.8206947805,0.433204799890518,0.4425477229635283,2
960,-121.2626023495,48.3456947595,0.444662183523178,0.4438242507277312,2
961,-77.1126041155,50.1290280215,0.438027828931808,0.4491869353563884,2
962,-100.5959365095,52.8040279145,0.461014062166214,0.4406575852058568,2
963,-98.9959365735,55.6040278025,0.413109570741653,0.44268789730483704,2
964,-76.4792708075,51.1040279825,0.458860605955124,0.45097814056647273,2
965,-77.6876040925,34.8290286335,0.512633264064789,0.5193650546735255,2
966,33.1873914725,60.9540275885,0.481201350688934,0.483169767048869,2
967,34.4540580885,61.4956942335,0.46534851193428,0.4752522021488594,2
968,29.3623916255,60.2706942825,0.447648972272873,0.48575045668804384,2
969,34.8123914075,63.7956941415,0.477901041507721,0.48427618350097223,2
970,143.2207204045,61.3873609045,0.38450962305069,0.46014247423333493,2
971,36.0540580245,63.4540274885,0.482289463281631,0.4836167530333411,2
972,31.0707248905,68.1873606325,0.43574982881546,0.519106792473458,2
973,35.4207247165,66.9456940155,0.492913872003555,0.48236481899918954,2
974,-71.4459376755,46.1956948455,0.445489764213562,0.5206223608395928,2
975,-80.7542706365,26.2956956415,0.415516018867493,0.5230826972373547,2
976,-119.7959357415,65.0040274265,0.453893095254898,0.44928529337056083,2
977,-1.02927382550001,44.2790282555,0.50644713640213,0.5511982255599203,2
978,-134.3959351575,67.6040273225,0.472032278776169,0.4606430147668662,2
979,-120.5959357095,59.2040276585,0.458860605955124,0.4423112514193469,2
980,34.9290580695,68.1206939685,0.436751335859299,0.49814814262530777,2
981,31.3123915475,58.6873610125,0.448671132326126,0.49001227060321706,2
982,-87.3459370395,44.7623615695,0.355089664459229,0.5064011872770368,2
983,-110.3626027855,39.9206950965,0.565371692180634,0.4909926961054775,3
984,-107.0626029175,46.1290281815,0.449909448623657,0.4614581083935382,3
985,-105.4042696505,47.2706948025,0.581285715103149,0.47041217497593196,3
986,-1.48760714049999,41.1790283795,0.606798827648163,0.6026433868312275,3
987,1.76239272949999,41.8790283515,0.612417340278625,0.6109948983033651,3
988,-4.1542737005,37.5706951905,0.606798827648163,0.6448991351661593,3
989,-117.2292691775,38.6290284815,0.504533648490906,0.5089804564511263,3
990,-107.6876028925,38.2373618305,0.554909408092499,0.463552964869533,3
991,-97.9042699505,29.0790288635,0.724089205265045,0.670464519460319,3
992,26.4040584105,59.1623609935,0.490597099065781,0.4877888305847163,3
993,12.4040589705,52.5040279265,0.526458084583282,0.5402023318027429,3
994,-106.0376029585,38.7040284785,0.565371692180634,0.4763189687091851,3
995,-105.5709363105,38.4456951555,0.568263411521912,0.4824513315147131,3
996,-103.1459364075,45.3623615455,0.456358850002289,0.4742286913079334,3
997,-102.0709364505,39.9790284275,0.408078372478485,0.5004404813889509,3
998,-104.1126030355,41.1040283825,0.440121561288834,0.49119459077281535,3
999,-104.3292696935,35.9623619215,0.574370205402374,0.5528349316711691,3
1000,-104.1876030325,39.3873617845,0.440121561288834,0.4861863036553005,3
1001,-103.6542697205,37.5040285265,0.57064163684845,0.5306759441877513,3
1002,-111.7042693985,47.0290281455,0.440027296543121,0.4434835463924366,3
1003,-98.6542699205,33.5873620165,0.702149391174316,0.673333636263482,3
1004,-99.9626032015,36.0540285845,0.680916011333466,0.551519690108588,3
1005,-98.5459365915,34.7373619705,0.688630163669586,0.6030429728244184,3
1006,-99.6792698795,34.4373619825,0.720885336399078,0.6345379080491672,3
1007,-88.8209369805,39.3623617855,0.625629305839539,0.56888908369753,3
1008,-98.8542699125,27.9290289095,0.724089205265045,0.6932848059103658,3
1009,-116.0459358915,40.1956950855,0.497423022985458,0.5044269387986092,3
1010,-89.7459369435,14.5040294465,0.494894564151764,0.61719285562731,3
1011,152.2540533765,-30.5876354165,0.67601066827774,0.6467517660369189,3
1012,-3.17094040649999,43.0706949705,0.65765517950058,0.599401280187033,3
1013,12.3290589735,44.2706949225,0.586127758026123,0.573425799112744,3
1014,29.0957249695,59.6956943055,0.450166821479797,0.4897259757174136,3
1015,6.62905920149998,47.1873614725,0.477565437555313,0.57925486956079,3
1016,5.21239259149999,47.8623614455,0.667115747928619,0.6213663162159152,3
1017,14.8873922045,48.9290280695,0.421921789646149,0.5039829904190382,3
1018,-83.2709372025,39.6290284415,0.579341948032379,0.5801788115730793,3
1019,14.7040588785,52.1040279425,0.477901041507721,0.5347050813273729,3
1020,-90.5459369115,42.8873616445,0.447312891483307,0.5408257852637905,3
1021,-1.45427380850001,46.3540281725,0.575697064399719,0.5663488064854096,3
1022,10.9290590295,44.9706948945,0.450500011444092,0.5639377216643303,3
1023,-80.7709373025,41.6706950265,0.557817995548248,0.5524643389789266,3
1024,24.2540584965,58.4123610235,0.562701284885406,0.48775242569801536,3
1025,-77.1459374475,43.2040282985,0.578234553337097,0.549109464971267,3
1026,-83.9459371755,38.8373618065,0.753681063652039,0.5727037440054475,3
1027,9.60405908249999,54.6040278425,0.601725876331329,0.5369587618089204,3
1028,-95.9459366955,46.4206948365,0.40024521946907,0.4931938361043861,3
1029,-92.3626035055,31.3206954405,0.551641464233398,0.5421823939364102,3
1030,-110.6292694415,43.9373616025,0.390419334173203,0.43409800815021726,3
1031,-113.8626026455,43.7206949445,0.454386353492737,0.42979103182239414,3
1032,-108.8042695145,33.5706953505,0.549821317195892,0.5556273361738259,3
1033,-108.4792695275,35.1290286215,0.567791283130646,0.5219213820225695,3
1034,-109.2042694985,36.5373618985,0.543911159038544,0.514924121861668,3
1035,10.3040590545,47.4040281305,0.492730855941772,0.4933997625588389,3
1036,148.3790535315,-25.5459689515,0.645392775535583,0.650789684154146,3
1037,-97.5709366305,26.5790289635,0.724089205265045,0.6431303813914708,3
1038,-92.3626035055,29.8290288335,0.482698321342468,0.5452185279607467,3
1039,-97.9542699485,38.2123618315,0.436758607625961,0.5328777035491772,3
1040,-95.7626033695,36.3290285735,0.680473685264587,0.5923308047343422,3
1041,-99.3042698945,29.7873621685,0.635985434055328,0.6579790701512499,3
1042,-97.3209366405,39.9623617615,0.553453624248505,0.5444685803422727,3
1043,-104.4626030215,48.1290281015,0.466602772474289,0.4862538086743264,3
1044,-89.0126036395,40.6623617335,0.623028099536896,0.5791270527595206,3
1045,-92.4792701675,41.4206950365,0.572000026702881,0.545337537545245,3
1046,-91.5376035385,42.5040283265,0.549335598945618,0.5236652718289286,3
1047,-98.7292699175,39.5706951105,0.53536731004715,0.5216254703421669,3
1048,-97.3626033055,45.0790282235,0.465496957302094,0.5161982521331625,3
1049,-94.5626034175,39.8373617665,0.531026303768158,0.58464753872262,3
1050,-99.2126032315,47.4123614635,0.430082440376282,0.5164790186059662,3
1051,-100.0459365315,47.6456947875,0.430019468069077,0.5089506805702901,3
1052,-97.0376033185,37.9540285085,0.429535388946533,0.545136931850303,3
1053,-101.3792698115,47.3540281325,0.581285715103149,0.5040712172549393,3
1054,-93.9542701085,40.6790283995,0.466296643018723,0.5697403139773264,3
1055,-96.3376033465,47.5206947925,0.425766497850418,0.4965366716704068,3
1056,-92.3126035075,40.4790284075,0.579503178596497,0.5683323925124463,3
1057,-2.8042737545,42.0373616785,0.477901041507721,0.4791943185737366,3
1058,-5.77094030250001,37.8706951785,0.711540281772614,0.6337518002934363,3
1059,-4.47927368750001,39.4040284505,0.50644713640213,0.5719311248433414,3
1060,10.7373923705,43.2540282965,0.764182448387146,0.6321647596426445,3
1061,-122.2376023105,37.8790285115,0.517727553844452,0.603010664699787,3
1062,-4.54594035150001,37.9873618405,0.69367790222168,0.6393866756856456,3
1063,0.220726124500004,38.7456951435,0.606798827648163,0.6180927908835901,3
1064,16.4457254755,40.5706950705,0.642639815807343,0.6341094171480385,3
1065,-113.9792693075,42.0790283435,0.509938538074493,0.48482344308879466,3
1066,-98.1292699415,26.5040289665,0.73015820980072,0.6360758367582139,3
1067,-115.9876025605,43.6623616135,0.444628894329071,0.48873193886362065,3
1068,16.9290587895,50.2456946835,0.420257836580276,0.48503763769032954,3
1069,-92.4459368355,46.4540281685,0.423959404230118,0.46599404270266087,3
1070,152.6207200285,-31.3293020535,0.752499461174011,0.6110665725243241,3
1071,-91.0626035575,33.7290286775,0.52769547700882,0.5773816766527217,3
1072,175.1707191265,-39.6959683855,0.588330030441284,0.6167348184612447,3
1073,15.6123921755,44.8623615655,0.622447967529297,0.5830901701730449,3
1074,-89.1709369665,35.6956952655,0.545797407627106,0.5786097518921479,3
1075,20.9790586275,48.5206947525,0.701584756374359,0.5744421918795779,3
1076,-1.37927381150001,43.8706949385,0.50644713640213,0.5494475414659387,3
1077,-91.4209368765,29.9290288295,0.428333342075348,0.5380483686057032,3
1078,-90.8626035655,29.9290288295,0.407749712467194,0.5315115714533468,3
1079,-96.5542700045,30.9206954565,0.693253457546234,0.6453904145477157,3
1080,5.29572592150001,45.7873615285,0.698408603668213,0.5963009224611503,3
1081,126.2207210845,34.3873619845,0.600782930850983,0.5584012348311437,3
1082,4.27072596249999,49.1706947265,0.608983278274536,0.5872707527330396,3
1083,-1.03760715850001,47.8123614475,0.695034503936768,0.5967626796994016,3
1084,-91.5792702035,34.2790286555,0.388195335865021,0.5712163697938953,3
1085,-90.0542702645,34.2290286575,0.49310177564621,0.5768471496287366,3
1086,11.2040590185,48.4040280905,0.433031380176544,0.549822835552235,3
1087,1.01239275949999,49.7373613705,0.401926279067993,0.5802845185151579,3
1088,3.30405933450001,46.3623615055,0.654572248458862,0.597460097051946,3
1089,0.4040594505,46.0040281865,0.496076583862305,0.5934127783263837,3
1090,-87.9792703475,43.7040282785,0.552823066711426,0.5305095034326072,3
1091,-2.0459404515,48.4956947535,0.601225674152374,0.563910866175886,3
1092,-121.6626023335,42.7873616485,0.440121561288834,0.4489129560034173,3
1093,11.6373923345,46.0290281855,0.520723819732666,0.575059953800967,3
1094,-119.5792690835,37.2956952015,0.476179569959641,0.5761909990313852,3
1095,-118.7209357845,36.2040285785,0.445684522390366,0.5898710307302905,3
1096,-90.2042702585,31.0290287855,0.628811180591583,0.5426231965768609,3
1097,11.7207256645,46.5540281645,0.469426423311234,0.4777687005094085,3
1098,-80.7959373015,49.0040280665,0.460597544908524,0.4480942207258679,3
1099,-97.9542699485,27.8623622455,0.732806444168091,0.6681411665173785,3
1100,-97.7126032915,32.3540287325,0.627615988254547,0.6681422626693555,3
1101,-97.6792699595,33.7456953435,0.752084374427795,0.650099116934563,3
1102,-97.6376032945,29.8706954985,0.531750023365021,0.6550077770074849,3
1103,-96.1709366865,32.9456953755,0.680637300014496,0.6072900943081077,3
1104,-93.0376034785,44.6373615745,0.625172197818756,0.5209491534622733,3
1105,-100.9459364955,48.5540280845,0.471352368593216,0.4997534646891369,3
1106,6.62072586849999,60.0373609585,0.591212034225464,0.49839911512557633,3
1107,12.9373922825,65.3373607465,0.449524998664856,0.48997358514114964,3
1108,-120.1876023925,37.6206951885,0.734383285045624,0.6206482445482964,3
1109,-118.7626024495,35.7540285965,0.689847767353058,0.5899252352120211,3
1110,15.9207254965,38.2040284985,0.614486873149872,0.5954873488710762,3
1111,13.0707256105,41.3206950405,0.647174000740051,0.6028309261173511,3
1112,-73.2876042685,10.5290296055,0.464486718177795,0.5879896757683519,3
1113,-91.4959368735,15.5040294065,0.455371379852295,0.5567177006410357,3
1114,124.7040544785,11.0290295855,0.575586378574371,0.5748636940142432,3
1115,-85.0792704635,36.3290285735,0.537559866905212,0.5577819662692487,3
1116,-77.5626040975,38.0290285055,0.597178936004639,0.5341957610795292,3
1117,-79.9209373365,37.7540285165,0.563979506492615,0.5482365993354327,3
1118,-86.1709370865,31.8623620855,0.493027150630951,0.5254261546924108,3
1119,-87.6126036955,36.4873619005,0.534733474254608,0.5710788534333563,3
1120,-92.1459368475,36.8790285515,0.64650160074234,0.5712623616087308,3
1121,7.3040591745,49.4040280505,0.592569470405579,0.5590398777055016,3
1122,152.0123867195,-26.9793022275,0.77131986618042,0.6903981089390364,3
1123,16.9623921215,49.1040280625,0.56428986787796,0.5864737961521247,3
1124,32.6540581605,58.0873610365,0.554715871810913,0.4972684265729234,3
1125,-0.712607171499997,42.7790283155,0.591521322727203,0.5154855428863864,3
1126,-0.087607196499988,42.5873616565,0.477624177932739,0.5209616413772519,3
1127,30.9707248945,55.9456944555,0.491942852735519,0.4995511484327192,3
1128,-74.3376042265,45.4373615425,0.616133034229279,0.5461922471847869,3
1129,-88.1876036725,33.7790286755,0.489652663469315,0.5336369593871918,3
1130,-86.0792704235,34.5290286455,0.600168824195862,0.547173459952197,3
1131,16.8623921255,50.7040279985,0.467147201299667,0.5448140629006378,3
1132,-122.7959356215,44.6373615745,0.440121561288834,0.5251150054424455,3
1133,-78.9959373735,44.2040282585,0.444060355424881,0.5243235132740649,3
1134,-123.2959356015,47.0373614785,0.458653748035431,0.5014159230488605,3
1135,-92.9209368165,34.3123619875,0.532862305641174,0.5462556384191259,3
1136,-122.7959356215,56.6040277625,0.412868201732635,0.42445571905975954,3
1137,-93.1376034745,32.2790287355,0.516387224197388,0.5303379098681116,3
1138,-120.3959357175,55.6040278025,0.393170744180679,0.42427315744763666,3
1139,26.0540584245,47.2873614685,0.65508359670639,0.540628752726713,3
1140,-81.8542705925,32.6623620535,0.524889171123505,0.5280418723198997,3
1141,-94.3292700935,33.0040287065,0.479943186044693,0.5374823321884754,3
1142,-85.2626037895,30.9873621205,0.470406740903854,0.5352604105494208,3
1143,-95.2459367235,32.0790287435,0.537605345249176,0.565954146208048,3
1144,34.2957247615,60.3456942795,0.477901041507721,0.49139644925266,3
1145,34.3373914265,64.9623607615,0.477901041507721,0.4854323230613958,3
1146,-129.5959353495,57.8040277145,0.413900434970856,0.4221929328941069,3
1147,-129.1959353655,61.2040275785,0.458860605955124,0.43809026211378777,3
1148,-130.5792686435,55.6290278015,0.445595145225525,0.456214139692897,3
1149,-0.4126071835,40.2290284175,0.50644713640213,0.6068483523001598,3
1150,-6.3709402785,39.8206951005,0.50644713640213,0.5992566821909031,3
1151,-79.0292707055,39.1123617955,0.579337120056152,0.5594447705689439,3
1152,127.1790543795,38.0373618385,0.571107864379883,0.5605825670565107,3
1153,127.2623877095,35.4040286105,0.434166967868805,0.5636269108144278,3
1154,12.6040589625,53.1040279025,0.519176006317139,0.5294069468577725,3
1155,-87.4459370355,32.1623620735,0.493531048297882,0.5397259746455251,3
1156,126.5290544055,33.4206953565,0.546582281589508,0.5551127744011842,3
1157,15.4373921825,50.0706946905,0.488683938980103,0.5376944734858049,3
1158,-82.1376039145,39.6956951055,0.58132416009903,0.5733101198563011,3
1159,-77.9959374135,39.6790284395,0.446941614151001,0.5706174856792147,3
1160,-79.1376040345,36.3623619055,0.501562535762787,0.528061746575948,3
1161,-3.36260706550001,48.1706947665,0.453659296035767,0.5791011672715848,3
1162,16.0873921565,53.6706945465,0.508350133895874,0.5175876588825584,3
1163,-81.8626039255,39.1373617945,0.505877792835236,0.5617086561223097,3
1164,-79.4626040215,36.7373618905,0.528544723987579,0.5340068472138976,3
1165,13.2040589385,51.6040279625,0.483268618583679,0.5442566030717312,3
1166,-105.7626029695,39.4290284495,0.42891401052475,0.42348521552100005,3
1167,-119.4209357565,43.8790282715,0.431975871324539,0.4477628647400339,3
1168,-106.7042695985,40.1456950875,0.444824188947678,0.41648949070417784,3
1169,-111.5626027375,44.2956949215,0.427060097455978,0.4346360551017958,3
1170,-117.1876025125,54.0706945305,0.428099125623703,0.426991847755808,3
1171,-117.7959358215,49.4040280505,0.419948935508728,0.41953206805039667,3
1172,-123.7959355815,56.6040277625,0.412172019481659,0.43236981493647864,3
1173,-105.3042696545,40.7456950635,0.440121561288834,0.4759186725234046,3
1174,-100.9626031615,51.6956946255,0.420744150876999,0.42549219392987586,3
1175,-131.9959352535,59.0040276665,0.34064906835556,0.4337433198389366,3
1176,30.5040582465,59.5540276445,0.592049658298492,0.4863978250693267,3
1177,-130.9959352935,59.4040276505,0.34064906835556,0.43289704788203615,3
1178,147.5873868965,-25.7959689415,0.620762705802917,0.649319656612889,3
1179,-117.3459358395,54.7290278375,0.405476003885269,0.4304837419291546,3
1180,-114.5959359495,52.4040279305,0.40554866194725,0.4442669975328645,3
1181,26.3373917465,69.9290272295,0.591212034225464,0.5438484796279649,3
1182,-5.4376069825,36.5790285635,0.772300601005554,0.6128263136036233,3
1183,-6.6626069335,42.5123616595,0.556367635726929,0.5827493690004082,3
1184,-49.5876052165,-26.9959688935,0.605530142784119,0.5903863618107568,3
1185,-48.7792719155,-26.9959688935,0.646434903144836,0.5890592553499169,3
1186,-70.8209377005,47.5290281255,0.446586579084396,0.4544001950553545,3
1187,-65.1709379265,48.1206947685,0.511243402957916,0.5106385967628726,3
1188,-75.6959375055,41.2956950415,0.520026028156281,0.5436286512963912,3
1189,-79.6126040155,41.6123616955,0.439568728208542,0.5565142530043172,3
1190,-65.3959379175,47.6040281225,0.459727615118027,0.5129145672533644,3
1191,8.20405913849999,47.7040281185,0.484977066516876,0.5148771948758566,3
1192,22.4707252345,60.5373609385,0.575571358203888,0.48868612056646155,3
1193,-84.9959371335,35.2206952845,0.569829881191254,0.5340443615705204,3
1194,-85.2376037905,34.7790286355,0.556407272815704,0.5472762595594113,3
1195,-93.5626034575,38.2873618285,0.550731539726257,0.5826751547942164,3
1196,-83.8709371785,43.1540283005,0.535147488117218,0.5280934585136633,3
1197,-82.7459372235,43.7290282775,0.589644432067871,0.5315832073512755,3
1198,-113.3459359995,47.8290281135,0.459199011325836,0.4261511903061343,3
1199,-111.3209360805,44.8790282315,0.435050129890442,0.418966320686848,3
1200,-126.3959354775,53.2040278985,0.4372578561306,0.4302861057532663,3
1201,-118.1126024755,36.0373619185,0.48439833521843,0.5175300159824715,3
1202,-145.3126013875,60.4706942745,0.369433760643005,0.46864662584983513,3
1203,-119.7876024085,38.6956951455,0.381417632102966,0.4885029143685702,3
1204,-125.7959355015,55.0040278265,0.43238040804863,0.4182594336120244,3
1205,-62.3459380395,51.8706946185,0.458955734968185,0.45406471173264323,3
1206,-114.5959359495,60.4040276105,0.422428846359253,0.4466497824873945,3
1207,-117.0876025165,59.7290276375,0.402210295200348,0.44209023995052027,3
1208,-79.4709373545,48.9206947365,0.458860605955124,0.45387585814807296,3
1209,-93.6876034525,37.0623618775,0.674031019210815,0.5877836822606183,3
1210,-8.10427354250001,40.2790284155,0.520294904708862,0.5572778112972616,3
1211,4.81239260749999,45.0206948925,0.685405731201172,0.5983595992656698,3
1212,-79.4709373545,47.9873614405,0.454576045274734,0.45117052080808706,3
1213,-69.2792710955,45.7540281965,0.412878513336182,0.5209583060552834,3
1214,-70.5542710445,45.2540282165,0.461281150579453,0.5112309970283215,3
1215,-73.9459375755,46.8456948195,0.395883411169052,0.4721670870065308,3
1216,-68.2959378015,46.1456948475,0.355495989322662,0.5364865354904558,3
1217,-70.0376043985,45.5206948725,0.578432738780975,0.5210408498968494,3
1218,-73.3709375985,47.1873614725,0.439568996429443,0.4635108845607999,3
1219,-78.2126040715,41.6456950275,0.682659268379211,0.544322702355754,3
1220,-72.7542709565,44.0706949305,0.485841989517212,0.5519440897791797,3
1221,-69.4292710895,44.6790282395,0.450269222259521,0.5233116337257013,3
1222,-64.7959379415,46.4040281705,0.452643424272537,0.5009982579240494,3
1223,-69.5959377495,43.8706949385,0.439509689807892,0.5098041078173535,3
1224,-72.0292709855,46.4040281705,0.417819887399673,0.511583680160543,3
1225,5.7790592355,51.7040279585,0.416508138179779,0.5440983615672285,3
1226,22.7790585555,54.3706945185,0.497736990451813,0.49628436938594267,3
1227,10.0040590665,50.3040280145,0.518531382083893,0.55206682651407,3
1228,-68.2126044715,48.5290280855,0.427120566368103,0.4924495480254944,3
1229,-80.7292706375,33.3123620275,0.507550835609436,0.5183475476045001,3
1230,-77.1042707825,35.4956952735,0.521372318267822,0.5272400355301049,3
1231,-65.3376045865,51.0456946515,0.455845862627029,0.454521609324263,3
1232,-69.8876044045,48.2373614305,0.440861433744431,0.5006260424614285,3
1233,-69.9126044035,49.2373613905,0.463353902101517,0.4513047662930781,3
1234,-70.9209376965,50.7290279975,0.449020385742188,0.45206679633284846,3
1235,-106.4126029435,54.6206945085,0.420519888401031,0.42906817051451424,3
1236,-71.0376043585,49.3873613845,0.448418110609055,0.4498494212719557,3
1237,-69.1626044335,50.0790280235,0.458602905273438,0.45786598020930974,3
1238,-64.8292712735,51.4040279705,0.498390942811966,0.45241762844072936,3
1239,10.9040590305,59.8956942975,0.437918245792389,0.4707242078938147,3
1240,-57.3042715745,51.9123612835,0.45885905623436,0.45332259744825,3
1241,-86.3959370775,48.8040280745,0.495346367359161,0.45494211231946535,3
1242,-93.3959367975,50.2040280185,0.471773028373718,0.4463140952562182,3
1243,-93.1959368055,51.6040279625,0.441526025533676,0.44715976473850844,3
1244,-109.1959361655,54.0040278665,0.447893589735031,0.42649139674517605,3
1245,-54.5959383495,49.2040280585,0.461963504552841,0.4709586165578518,3
1246,-98.8376032465,52.0873612765,0.473907321691513,0.4459363713594492,3
1247,-72.8459376195,42.5456949915,0.487684845924377,0.5504535676592722,3
1248,-72.1542709805,42.4373616625,0.43537250161171,0.5286702405648075,3
1249,24.6873918125,58.8540276725,0.460240811109543,0.48464813646937244,3
1250,167.8957194175,-46.8126347675,0.781980574131012,0.5893155851371658,3
1251,26.1290584215,58.1540277005,0.476770758628845,0.4886080092311561,3
1252,17.1457254475,52.7956945815,0.597679615020752,0.5357879532491022,3
1253,8.1707258065,46.1540281805,0.451928585767746,0.46176397478219144,3
1254,7.4707258345,46.7456948235,0.420257836580276,0.5099391819429224,3
1255,10.4540590485,63.6706941465,0.472394406795502,0.502304340348152,3
1256,11.9790589875,62.4540275285,0.591212034225464,0.4860448433412876,3
1257,-96.9959366535,56.6040277625,0.463462561368942,0.4465179174095774,3
1258,-110.5959361095,58.6040276825,0.46540179848671,0.4483174378500791,3
1259,171.0873859565,-43.0126349195,0.763419151306152,0.544144008691289,3
1260,-78.4542707285,47.3373614665,0.469580560922623,0.44998223222755945,3
1261,3.60405932250001,45.3456948795,0.485834658145905,0.5186219590507432,3
1262,-71.3876043445,42.1956950055,0.527118027210236,0.5179514336606449,3
1263,8.74572578350001,55.8206944605,0.432096302509308,0.5166456380877261,3
1264,-68.5959377895,52.5456945915,0.46537971496582,0.45439697333901485,3
1265,-73.2626042695,51.4206946365,0.430086731910706,0.4561016549377075,3
1266,-65.8626045655,51.9623612815,0.459617286920547,0.455322073569715,3
1267,29.0790583035,62.6456941875,0.421278238296509,0.4788291764698186,3
1268,25.3623917855,68.8873606045,0.591212034225464,0.5393936109191221,3
1269,31.3623915455,59.8206943005,0.541669487953186,0.49600852757850816,3
1270,-96.1959366855,52.8040279145,0.467426359653473,0.4464158802423856,3
1271,24.9873918005,69.8290272335,0.533645570278168,0.5432430542735367,3
1272,-77.4126041035,47.2706948025,0.461958229541779,0.45369478239012867,3
1273,-115.8459358995,45.7790281955,0.421466439962387,0.4415525928134904,3
1274,-114.3959359575,46.1123615155,0.410175532102585,0.428582542548657,3
1275,-115.0376025985,46.4040281705,0.415141016244888,0.43672427139119707,3
1276,-121.5459356715,48.9540280685,0.461524575948715,0.45166090102096,3
1277,-115.1959359255,45.8206948605,0.411818206310272,0.4382664692662414,3
1278,-75.1959375255,49.7873613685,0.439430862665176,0.4498871896720432,3
1279,-112.5042693665,55.7206944645,0.498513728380203,0.41841484043397426,3
1280,30.8957248975,63.5790274835,0.441006392240524,0.47859332178135505,3
1281,-109.3959361575,56.8040277545,0.398161798715591,0.43335084461970097,3
1282,-78.0542707445,51.0790279835,0.458860605955124,0.4489240397679972,3
1283,-66.7126045315,50.1623613535,0.436106592416763,0.4735625232658888,3
1284,-81.1709372865,27.6290289215,0.488000005483627,0.5437202031660306,3
1285,-82.1126039155,27.9706955745,0.594582080841064,0.5654319402738739,3
1286,34.0540581045,67.5623606575,0.428887188434601,0.5031265832189964,3
1287,-90.7209369045,29.4373621825,0.480143219232559,0.5382759614987229,3
1288,-126.3959354775,50.0040280265,0.443657517433167,0.4718827994046934,3
1289,11.8873923245,63.3123608275,0.489565491676331,0.4873840847411461,3
1290,32.7873914885,62.9790275075,0.436263799667358,0.4733375911994032,3
1291,-131.3459352795,55.4123611435,0.432885050773621,0.46648430190148826,3
1292,-9.16260683350001,38.5790284835,0.606798827648163,0.6150610866313178,3
1293,-117.7959358215,60.2040276185,0.458860605955124,0.4426096246309523,3
1294,33.5207247925,63.8290274735,0.477901041507721,0.4818819260077168,3
1295,34.1373914345,59.0540276645,0.531294822692871,0.49232096427379457,3
1296,-101.3959364775,33.4706953545,0.509645760059357,0.6006111529008067,4
1297,-108.5292695255,46.2540281765,0.440121561288834,0.47014577837185156,4
1298,-104.4792696875,47.2206948045,0.466602772474289,0.4773844998821125,4
1299,-108.3792695315,45.7873615285,0.440121561288834,0.48404100270458594,4
1300,-103.2876030685,47.1873614725,0.581285715103149,0.48321671432640306,4
1301,-106.7209362645,45.4540282085,0.440121561288834,0.47204022438711335,4
1302,-0.512607179500009,41.7456950235,0.606798827648163,0.5951729269722883,4
1303,3.1457260075,41.9456950155,0.586789786815643,0.6005823197453729,4
1304,-3.14594040750001,37.7290285175,0.606798827648163,0.6079993087551724,4
1305,-4.3876070245,37.1040285425,0.606798827648163,0.6166404585394206,4
1306,-116.7792691955,38.3123618275,0.493118137121201,0.500880721044251,4
1307,-113.6292693215,36.7790285555,0.525871396064758,0.5123603252350977,4
1308,-108.6792695195,43.1123616355,0.418509840965271,0.4843946989626073,4
1309,-107.9042695505,44.2706949225,0.408438384532928,0.48183315399614407,4
1310,-108.4959361935,39.8623617655,0.565371692180634,0.5023770733031112,4
1311,-116.6459358675,39.6623617735,0.48439833521843,0.5121339950383187,4
1312,-109.8709361385,33.3456953595,0.466827213764191,0.5500903490816219,4
1313,-118.7126024515,44.5373615785,0.443098843097687,0.4421857778333114,4
1314,-102.4209364365,35.4040286105,0.58275306224823,0.5571137390785612,4
1315,-103.0042697465,34.9706952945,0.57064163684845,0.5522849182633737,4
1316,-71.3126043475,-46.0293014655,0.515652656555176,0.513068603974567,4
1317,-101.8209364605,35.3040286145,0.724089205265045,0.556466017907614,4
1318,-102.9126030835,42.6873616525,0.440121561288834,0.47069867340917326,4
1319,-102.7209364245,43.8290282735,0.473979353904724,0.4952667754550155,4
1320,-101.5292698055,46.5456948315,0.586489856243134,0.49215482706022956,4
1321,-99.4459365555,35.7790285955,0.629999995231628,0.5757462662243183,4
1322,11.5040590065,42.5290283255,0.732731401920319,0.6439677771261388,4
1323,-117.4959358335,36.5706952305,0.48439833521843,0.5055435731552015,4
1324,-113.1542693405,38.1040285025,0.509938538074493,0.5112229010577628,4
1325,-119.8792690715,41.5623616975,0.511013209819794,0.4722141145512614,4
1326,-109.4709361545,31.9456954155,0.767705202102661,0.6035486223887905,4
1327,-64.2959379615,-17.3293026135,0.497124999761581,0.5887422584385489,4
1328,-51.9292717895,-26.9959688935,0.494348406791687,0.5639061651513151,4
1329,-52.5709384305,-26.4709689145,0.525951504707336,0.5626440160871069,4
1330,-91.4959368735,14.2540294565,0.397543907165527,0.5619738376276002,4
1331,-88.7126036515,33.5956953495,0.634000420570374,0.5599825276311945,4
1332,-91.9209368565,30.1873621525,0.50761741399765,0.5295762422562547,4
1333,9.8040590745,49.3040280545,0.570274412631989,0.5702614540178044,4
1334,-83.2626038695,42.1040283425,0.408438384532928,0.5548882488523073,4
1335,-85.0376037985,41.1623617135,0.573040902614594,0.5890625783810947,4
1336,-85.4459371155,42.1373616745,0.42060774564743,0.5427979571671205,4
1337,-84.4459371555,39.5956951095,0.770778834819794,0.5623511859911197,4
1338,1.8123927275,50.7706946625,0.60772031545639,0.5663359263212908,4
1339,11.7040589985,54.1040278625,0.489360004663467,0.5452133413978908,4
1340,-75.2459375235,43.0290283055,0.597366809844971,0.5388819691460954,4
1341,-86.0126037595,39.8623617655,0.668962299823761,0.5749693223669929,4
1342,9.90405907050001,48.8040280745,0.589869499206543,0.5643968899576716,4
1343,-85.0292704655,39.8290284335,0.658622682094574,0.5658836405322734,4
1344,-84.3876038245,40.6206950685,0.554888546466827,0.5982515733023615,4
1345,-86.9292703895,39.8206951005,0.514630734920502,0.5676785733163728,4
1346,-119.4209357565,48.4373614225,0.440121561288834,0.49556850309929673,4
1347,-121.9126023235,45.8040281945,0.461222589015961,0.5079440587635734,4
1348,-113.6876026525,48.9706947345,0.42307522892952,0.4371002938489563,4
1349,-111.9292693895,34.9290286295,0.547081649303436,0.5538573712178507,4
1350,-121.6959356655,42.2540283365,0.457468569278717,0.4540285996158361,4
1351,-115.1459359275,43.6040282825,0.437725633382797,0.45779859418705976,4
1352,-120.3959357175,47.1956948055,0.455490946769714,0.448429403882192,4
1353,-113.1959360055,61.4040275705,0.418365865945816,0.4531324014558596,4
1354,-97.2042699785,35.0540286245,0.671498596668243,0.6096326329834051,4
1355,-120.1709357265,47.6790281195,0.45969420671463,0.4982272445965342,4
1356,-112.8709360185,46.0456948515,0.458707273006439,0.4400971397831512,4
1357,-117.8542691525,47.4040281305,0.440121561288834,0.4881457527270527,4
1358,-99.1209365685,31.9373620825,0.724089205265045,0.679700765671502,4
1359,-98.5126032595,39.0373617985,0.604047894477844,0.5269012470113421,4
1360,-106.9292695895,43.7873616085,0.441451966762543,0.47031428335038966,4
1361,-96.2209366845,38.0040285065,0.517164170742035,0.5690142932167261,4
1362,-96.3459366795,36.3040285745,0.752309203147888,0.6147630088504823,4
1363,-89.4209369565,39.7623617695,0.576195359230042,0.5753422320440119,4
1364,-90.7792702355,40.1123617555,0.632852017879486,0.5736093649838719,4
1365,-92.9209368165,39.3290284535,0.60623687505722,0.5876572022123369,4
1366,-95.0126033995,39.4040284505,0.5730020403862,0.583907848794445,4
1367,-99.0376032385,37.7540285165,0.513437986373901,0.5275404991976456,4
1368,-98.8626032455,45.2290282175,0.557193994522095,0.5081642819938185,4
1369,-90.8542702325,40.9956950535,0.602781116962433,0.5722357854947622,4
1370,-93.9126034435,39.4290284495,0.571179211139679,0.5993264782872915,4
1371,-94.9126034035,42.2873616685,0.575696527957916,0.5185789406936486,4
1372,-111.5959360695,47.5456947915,0.408438384532928,0.47070733553759464,4
1373,-97.9126032835,31.7206954245,0.752863526344299,0.6498335297712368,4
1374,-99.3292698935,39.4373617825,0.412328094244003,0.5172207641667461,4
1375,-98.3209366005,35.5373619385,0.408438384532928,0.5755852425832236,4
1376,-100.5626031775,31.7123620915,0.570442020893097,0.6413834698310127,4
1377,-94.4459367555,41.7373616905,0.522074043750763,0.5292398860542603,4
1378,-117.9959358135,55.2040278185,0.392515927553177,0.44936266989459844,4
1379,-96.4626033415,39.6623617735,0.575178623199463,0.5468693265441411,4
1380,-96.6792699995,41.4290283695,0.420043587684631,0.5189782396769617,4
1381,-90.5459369115,42.1290283415,0.555449068546295,0.5455663997598896,4
1382,-93.3626034655,40.6373617345,0.473332703113556,0.570255952625345,4
1383,-96.9376033225,41.9540283485,0.52665102481842,0.5155204120337215,4
1384,-100.4792698475,40.2123617515,0.551784813404083,0.4991296786349475,4
1385,-95.2376033905,39.8873617645,0.559748589992523,0.5593076060082429,4
1386,-123.2459356035,39.1873617925,0.531455755233765,0.5909904223898536,4
1387,-5.87927363150001,38.7623618095,0.714345395565033,0.6227685635064145,4
1388,8.60405912249999,39.5206951125,0.586789786815643,0.6277570196282145,4
1389,0.854059432500009,41.8790283515,0.606798827648163,0.6224863682661644,4
1390,35.5040580465,33.5790286835,0.511049747467041,0.6242298948154176,4
1391,5.11239259550001,43.3623616255,0.606798827648163,0.62690423287222,4
1392,14.8290588735,37.0873618765,0.607033550739288,0.620098468287289,4
1393,36.0707246905,35.3956952775,0.767705202102661,0.6171212373017498,4
1394,35.2623913895,33.1623620335,0.767705202102661,0.6241634956247799,4
1395,13.7540589165,43.0706949705,0.447083950042725,0.6057034064130509,4
1396,-107.1626029135,34.0956953295,0.743009209632874,0.5204536585894701,4
1397,-115.0459359315,42.0206950125,0.392515927553177,0.45814101410086217,4
1398,-112.0459360515,42.7706949825,0.61967670917511,0.4553561870253798,4
1399,-110.7709361025,41.9456950155,0.392515927553177,0.44895298648352516,4
1400,-89.0792703035,18.1873626325,0.609467744827271,0.6087640021585125,4
1401,-88.7459369835,15.5040294065,0.398333340883255,0.550305036663253,4
1402,-96.0042700265,30.5790288035,0.49447774887085,0.5989483929785888,4
1403,-90.3876035845,38.0206951725,0.564401865005493,0.5847787603620377,4
1404,152.8790533515,-30.1209687685,0.750429153442383,0.6533787263409212,4
1405,151.8457200595,-24.7876356485,0.77370697259903,0.6859656245542755,4
1406,18.7123920515,43.3040282945,0.575315535068512,0.510118800794597,4
1407,15.1873921925,44.4873615805,0.658253967761993,0.5503618563978058,4
1408,96.2707222825,27.7956955815,0.298115611076355,0.5423699633861665,4
1409,5.62072590849999,48.2290280975,0.606228351593018,0.6164261611742466,4
1410,12.1040589825,48.2040280985,0.503448128700256,0.5235686885730457,4
1411,17.1540587805,51.2040279785,0.477901041507721,0.5353460425518614,4
1412,-96.3209366805,31.9790287475,0.535261750221252,0.6323831509495815,4
1413,-91.5376035385,31.5790287635,0.611740052700043,0.550091548687495,4
1414,-97.6376032945,28.4540288885,0.567485213279724,0.6855215371403842,4
1415,1.77072606249999,49.7790280355,0.621111571788788,0.5859345818495685,4
1416,126.6373877345,36.8790285515,0.471377104520798,0.5680831002075499,4
1417,13.8040589145,51.9040279505,0.477901041507721,0.5307662987005517,4
1418,-82.8376038865,29.2373621905,0.508285045623779,0.534781407131542,4
1419,-112.7292693575,37.7706951825,0.400926232337952,0.42966339530485437,4
1420,-120.9959356935,51.4040279705,0.460723161697388,0.4409387294946225,4
1421,-111.5459360715,41.4206950365,0.392515927553177,0.4251866150253112,4
1422,35.1957247255,62.3373608665,0.449555724859238,0.48290382847643104,4
1423,-103.6126030555,43.3123616275,0.439898818731308,0.4841151570879535,4
1424,-86.6042704025,41.1456950475,0.569591879844666,0.544408726895592,4
1425,-103.6709363865,44.5290282455,0.629999995231628,0.48807177491487774,4
1426,14.2373922305,65.6873607325,0.591212034225464,0.5006483979875769,4
1427,-116.7292691975,32.7623620495,0.668973445892334,0.6468735417315962,4
1428,16.3290588135,38.7456951435,0.508050680160522,0.6054986013168154,4
1429,-122.2709356425,39.0206951325,0.75,0.6666832652328146,4
1430,-111.8292693935,37.6540285205,0.440121561288834,0.5020557542048227,4
1431,151.8207200605,-31.5959687095,0.758248031139374,0.6333047088597035,4
1432,-86.6542704005,34.4873619805,0.527227938175201,0.5398905376269255,4
1433,-80.7459373035,37.9623618415,0.56787097454071,0.5415856951752458,4
1434,-87.6709370265,33.3873620245,0.50443297624588,0.5333677698777862,4
1435,-82.1876039125,37.7456951835,0.527923822402954,0.5433466787296307,4
1436,128.9957209735,37.6956951855,0.502663791179657,0.5584703352527047,4
1437,-85.8542704325,35.1706952865,0.557761907577515,0.5592551982111131,4
1438,128.3707209985,38.2373618305,0.610817313194275,0.5443645967237294,4
1439,1.62072606850001,42.7623616495,0.472013533115387,0.5155078986223846,4
1440,169.0623860375,-46.5709681105,0.74334979057312,0.5860945811748537,4
1441,17.3623921055,53.7290278775,0.487661600112915,0.49919838220586354,4
1442,-79.3126040275,35.2540286165,0.526241898536682,0.5226820552234537,4
1443,-93.6376034545,47.1040281425,0.576947867870331,0.4526929313059363,4
1444,-86.5959370695,32.8206953805,0.493870288133621,0.5216338578863285,4
1445,-85.4959371135,37.4873618605,0.689281404018402,0.5599286601669807,4
1446,-87.4209370365,35.1623619535,0.562745571136475,0.5535353989766685,4
1447,-88.5709369905,36.4456952355,0.620043694972992,0.5773033658439186,4
1448,-87.0792703835,36.2790285755,0.637332379817963,0.5436926853406122,4
1449,-2.8126070875,48.4790280875,0.599134564399719,0.5726614749671581,4
1450,17.5873920965,49.4456947155,0.643353521823883,0.5749499334274685,4
1451,129.1623876335,35.7040285985,0.533007800579071,0.5540789229609168,4
1452,-80.3959373175,43.6040282825,0.72275185585022,0.5273014032099554,4
1453,6.7040591985,47.6456947875,0.68324476480484,0.5641650369946926,4
1454,8.90405911049999,50.0040280265,0.485216587781906,0.5547193631513395,4
1455,-95.6376033745,31.2706954425,0.493870288133621,0.6112188929308736,4
1456,-76.7876041285,39.7123617715,0.555308938026428,0.5545815163607336,4
1457,-93.3292701335,31.7206954245,0.529174506664276,0.5557106196632787,4
1458,-113.5209359925,44.5790282435,0.411289930343628,0.4265664970860187,4
1459,-87.2459370435,31.3623621055,0.470538526773453,0.5252188584281354,4
1460,-122.5209356325,43.9040282705,0.457105368375778,0.46641543214741954,4
1461,-114.4792692875,49.6706947065,0.427060097455978,0.4302930460841367,4
1462,-93.8959367775,31.7123620915,0.494892179965973,0.5371909209789679,4
1463,9.89572573749999,46.2790281755,0.485851019620895,0.48072118815806486,4
1464,7.1290591815,45.0956948895,0.622079432010651,0.4690526101880362,4
1465,-94.6126034155,32.3290287335,0.529724955558777,0.541295826534281,4
1466,-88.5876036565,30.9040287905,0.450191497802734,0.5320694840402047,4
1467,-76.8876041245,36.8123618875,0.564375460147858,0.5191468059308048,4
1468,143.8207203805,63.4373608225,0.458670258522034,0.4478835133012068,4
1469,-129.9959353335,59.8040276345,0.418647617101669,0.42614232139362024,4
1470,35.2040580585,58.7290276775,0.55290699005127,0.4982583168192445,4
1471,-100.3126031875,41.9040283505,0.480234444141388,0.4772457552820556,4
1472,-102.7459364235,40.8540283925,0.408438384532928,0.482987377152883,4
1473,-130.8042686345,56.1623611135,0.465222209692001,0.4513952720681015,4
1474,-1.6376071345,40.2206950845,0.477901041507721,0.49972301823518106,4
1475,8.9290591095,42.4373616625,0.614058673381805,0.5440231259011391,4
1476,-7.68760689250001,39.8623617655,0.50644713640213,0.5872651842705319,4
1477,-5.04594033149999,36.9540285485,0.606798827648163,0.6038767870355619,4
1478,2.6790593595,44.2373615905,0.591444075107574,0.6003504549955768,4
1479,-39.1126056355,-14.4793027275,0.67071658372879,0.6171093039132978,4
1480,-8.62927352150001,42.8956949775,0.641803562641144,0.5578650839070521,4
1481,-1.88760712449999,43.2290282975,0.629784107208252,0.5509811125927184,4
1482,-81.7292705975,34.4706953145,0.556176066398621,0.5264707289716011,4
1483,-93.5209367925,34.8206953005,0.536141276359558,0.5527435568934478,4
1484,-93.0626034775,35.5623619375,0.540447235107422,0.5579746626004299,4
1485,-80.5126039795,39.6540284405,0.520496785640717,0.562773383516434,4
1486,127.5790543635,36.3373619065,0.556016504764557,0.5760822430807887,4
1487,-79.1792706995,39.6040284425,0.52100545167923,0.5465080616766333,4
1488,-72.3126043075,-51.3959679175,0.515652656555176,0.5014936664876166,4
1489,-81.2709372825,38.9040284705,0.62198793888092,0.559454389608561,4
1490,152.7457200235,-29.1293021415,0.743362188339233,0.6374646915775268,4
1491,175.5123857795,-38.9709684145,0.59104335308075,0.6071407293584066,4
1492,-8.62094018850001,42.1956950055,0.507651269435883,0.5562255377648755,4
1493,92.6290557615,27.4123622635,0.37157142162323,0.5640658922627647,4
1494,-83.0376038785,36.5206952325,0.484656900167465,0.5588357594910734,4
1495,-3.48760706050001,48.6540280805,0.601330578327179,0.5633906322027692,4
1496,21.1707252865,48.9540280685,0.50633704662323,0.5418014189407148,4
1497,-2.95427374850001,47.8123614475,0.528739094734192,0.5548105220429347,4
1498,-86.8626037255,35.1706952865,0.638661205768585,0.5626028979608816,4
1499,-106.8626029255,37.1623618735,0.402687937021255,0.44884571526553335,4
1500,-124.3292688935,47.8123614475,0.46273273229599,0.5100239655663472,4
1501,-119.1792690995,45.0790282235,0.42960062623024,0.4479419715003087,4
1502,-118.4209357965,44.9540282285,0.427060097455978,0.434770368981537,4
1503,19.0790587035,49.6040280425,0.660357773303986,0.5216527192584178,4
1504,-106.7292695975,38.9290284695,0.437700718641281,0.4270539027514443,4
1505,-89.1376036345,30.3873621445,0.500164985656738,0.5335523991281096,4
1506,-116.6376025345,53.6623612135,0.394304126501083,0.43447540417406044,4
1507,-123.8876022445,46.0873615165,0.440588653087616,0.5072520644070498,4
1508,-105.7042696385,40.3873617445,0.42423677444458,0.4265804681951056,4
1509,-117.4959358335,58.8873610045,0.415295392274857,0.42810017276418305,4
1510,-124.7959355415,56.8040277545,0.35321968793869,0.4329515324778611,4
1511,8.01239247949999,61.9456942155,0.477901041507721,0.5131779988360443,4
1512,-5.12927366150001,40.1623617535,0.50644713640213,0.5761199373885417,4
1513,-5.8376069665,42.7956949815,0.500316083431244,0.5600387221273393,4
1514,-7.64594022750001,42.4873616605,0.5533447265625,0.5515233876006429,4
1515,-55.7709383025,5.2623631495,0.623589158058167,0.6358097882294809,4
1516,-48.7792719155,-27.7209688645,0.605633318424225,0.5927411332638446,4
1517,-49.1376052345,-27.3626355455,0.635724723339081,0.5837432409574348,4
1518,-70.5626043775,48.0040281065,0.448433965444565,0.4771856403875776,4
1519,-88.4792703275,32.2706954025,0.519416928291321,0.5200005227356005,4
1520,-87.9209370165,34.4706953145,0.568020641803741,0.5464533258238106,4
1521,169.1457193675,-43.8293015535,0.537049174308777,0.5949212331548817,4
1522,20.0457253315,42.4956949935,0.637509167194366,0.5008376813580452,4
1523,-7.93760688250001,41.6790283595,0.50644713640213,0.5258980748645856,4
1524,-89.2542702965,32.7540287165,0.598959445953369,0.5425152571886518,4
1525,-74.4709375545,42.6123616555,0.465879529714584,0.5479932677847172,4
1526,-82.4376039025,33.8623620055,0.50151002407074,0.5383471281483136,4
1527,-88.9376036425,34.7290286375,0.53596556186676,0.5597011787297771,4
1528,-89.8959369375,33.6623620135,0.572743713855743,0.554252957638509,4
1529,-83.3876038645,43.8123616075,0.621573746204376,0.5307558186992635,4
1530,-77.1126041155,42.1956950055,0.544985949993134,0.542804980698851,4
1531,-93.2876034685,37.6790285195,0.595935165882111,0.5930551897995335,4
1532,-93.1626034735,45.4206948765,0.731114029884338,0.5050382616164295,4
1533,-81.3376039465,31.4623621015,0.581688404083252,0.5400971660285612,4
1534,19.5957253495,49.3040280545,0.422680258750916,0.48967876103173014,4
1535,-120.3042690545,38.9040284705,0.390257120132446,0.4387643479811333,4
1536,-120.1876023925,38.0790285035,0.436006814241409,0.560425554929833,4
1537,-119.0542691045,37.7290285175,0.408219426870346,0.4333810822687036,4
1538,-143.5876014565,60.0540276245,0.393044680356979,0.4502166159897293,4
1539,-123.3959355975,53.0040279065,0.433637320995331,0.43600600423541025,4
1540,-120.1959357255,52.6040279225,0.437512308359146,0.4199636855463571,4
1541,-79.8626040055,34.6956953055,0.599534034729004,0.5185057445548914,4
1542,-64.1209379685,49.9290280295,0.420473158359528,0.4544355836633398,4
1543,18.7457253835,69.2540272565,0.591212034225464,0.554104651956261,4
1544,19.7457253435,68.5040272865,0.591212034225464,0.5229598742585237,4
1545,-117.2959358415,34.3373619865,0.676557004451752,0.609528094579059,4
1546,-70.9126043635,45.8540281925,0.506292700767517,0.5244051272891022,4
1547,-75.9542708285,45.9706948545,0.460034638643265,0.5040553244821223,4
1548,-74.7042708785,46.5040281665,0.70763111114502,0.49784299803854026,4
1549,-68.9709377745,48.2540280965,0.389537215232849,0.5013222468515519,4
1550,-74.4709375545,44.1706949265,0.728911221027374,0.5370415202582547,4
1551,-72.6626042935,44.5540282445,0.768361806869507,0.5401336561561548,4
1552,-78.9959373735,41.3623617055,0.528369903564453,0.5535334429804387,4
1553,-80.5959373095,48.0040281065,0.424013912677765,0.44908219926384674,4
1554,14.8373922065,52.8456945795,0.477901041507721,0.5310816903193203,4
1555,-70.1626043935,47.6290281215,0.426028937101364,0.5121632276316074,4
1556,-83.3959371975,47.6040281225,0.459188163280487,0.4454441850872812,4
1557,13.8040589145,51.2040279785,0.496608674526215,0.5437602030985003,4
1558,-91.7959368615,46.3790281715,0.419703513383865,0.4654130090369391,4
1559,-83.7626038495,45.3873615445,0.433502167463303,0.4904474394247589,4
1560,-83.9626038415,44.9206948965,0.48853725194931,0.4762678396470347,4
1561,-78.7459373835,40.4206950765,0.491830140352249,0.5493639164941975,4
1562,-72.6376042945,45.0623615575,0.424881398677826,0.5116213273883584,4
1563,9.48739242049999,57.1123610755,0.437232822179794,0.5144361607632052,4
1564,-84.4209371565,45.6123615355,0.490945160388947,0.4961022161330784,4
1565,-80.9292706295,32.2373620705,0.497742086648941,0.5416606397131862,4
1566,-94.5959367495,30.2373621505,0.343823492527008,0.5510796013750915,4
1567,-75.2459375235,38.6123618155,0.534808874130249,0.5232956616623677,4
1568,-64.2542712965,50.570694670500004,0.445270955562592,0.4550721267723623,4
1569,-70.3042710545,50.9956946535,0.455532103776932,0.4542368238645196,4
1570,8.94572577549999,59.1706943265,0.471596598625183,0.47635162025655337,4
1571,-66.0042712265,50.4956946735,0.457315295934677,0.45540659342070194,4
1572,-56.3959382775,52.2040279385,0.455231577157974,0.45610216504011974,4
1573,-86.9959370535,51.6040279625,0.458860605955124,0.44559496147279615,4
1574,-57.1959382455,49.6040280425,0.458481073379517,0.45941386325101435,4
1575,-91.3959368775,49.8040280345,0.454075783491135,0.44076025172755956,4
1576,-89.5959369495,49.4040280505,0.458860605955124,0.4336091118407919,4
1577,-91.9959368535,52.2040279385,0.454361647367477,0.44644280972452777,4
1578,-82.9959372135,48.6040280825,0.460915774106979,0.44584203079958146,4
1579,-56.1959382855,51.2040279785,0.45301279425621,0.45711523536792636,4
1580,-55.9959382935,49.8040280345,0.447340786457062,0.46693660954353156,4
1581,-56.1959382855,49.0040280665,0.458860605955124,0.4590133577992425,4
1582,13.3790589315,64.7956941015,0.478121638298035,0.48814438817539046,4
1583,7.9457258155,59.3290276535,0.466829627752304,0.4694054386371289,4
1584,-50.9376051625,-26.9126355635,0.546890258789062,0.5712481566279941,4
1585,-62.3959380375,45.4040282105,0.498731672763824,0.5024836205213981,4
1586,24.2790584955,47.8873614445,0.599009037017822,0.5262088959054393,4
1587,-80.4292706495,26.9290289495,0.488000005483627,0.5236395568144246,4
1588,-70.4626043815,41.6873616925,0.516687512397766,0.5211786029451144,4
1589,-96.3959366775,55.2040278185,0.440029799938202,0.4445953529954708,4
1590,170.5540526445,-45.8126348075,0.588401257991791,0.5904632064788166,4
1591,9.8040590745,61.1873609125,0.470029592514038,0.49377313914692733,4
1592,-76.9459374555,47.9123614435,0.477086037397385,0.4485851613588373,4
1593,26.0457250915,59.6040276425,0.478152930736542,0.48394574789819067,4
1594,-77.2376041105,46.8373614865,0.403335720300674,0.4922817982836241,4
1595,6.7707258625,52.8040279145,0.542721450328827,0.5284628175289784,4
1596,-122.0792689835,47.5956947895,0.41978332400322,0.520295669826477,4
1597,-71.5709376705,50.9706946545,0.453578919172287,0.45349695774655063,4
1598,-151.3376011465,60.0456942915,0.497536420822144,0.4654101307238081,4
1599,-70.6459377075,51.4873613005,0.458860605955124,0.4552797636189298,4
1600,-96.5959366695,54.0040278665,0.452319175004959,0.44699537697419106,4
1601,30.3457249195,62.8706941785,0.477901041507721,0.4787065589493212,4
1602,28.7623916495,68.1873606325,0.477901041507721,0.5314312541199119,4
1603,-66.3542712125,52.7623612495,0.458860605955124,0.45698685256679017,4
1604,143.5290537255,62.5790275235,0.423931241035461,0.44894388072232605,4
1605,-73.9459375755,50.9956946535,0.435496240854263,0.4514029052581137,4
1606,32.2123915115,63.8540274725,0.477901041507721,0.47118851094281095,4
1607,-66.4542712085,52.2706946025,0.463677376508713,0.45712032267322633,4
1608,-96.5959366695,53.4040278905,0.458860605955124,0.44634418668054254,4
1609,-8.27094020250001,39.2873617885,0.703000009059906,0.6151736559055005,4
1610,0.5790594435,47.8290281135,0.678569078445435,0.600194744022141,4
1611,-117.3959358375,48.2540280965,0.509263157844543,0.4515617185510798,4
1612,-115.7959359015,45.1040282225,0.438983589410782,0.4346879408513287,4
1613,-118.3709357985,48.3706947585,0.462398290634155,0.4413689944568963,4
1614,-121.4876023405,47.2040281385,0.459139704704285,0.4809797766481157,4
1615,-115.2126025915,45.3123615475,0.455588012933731,0.4284797732693468,4
1616,-78.9626040415,51.1373613145,0.458860605955124,0.4449071428725524,4
1617,-69.0626044375,48.8540280725,0.448107272386551,0.46338786413313093,4
1618,-77.1876041125,50.9956946535,0.457439541816711,0.44960315787758104,4
1619,-71.6459376675,48.8956947375,0.468164533376694,0.4539600088592237,4
1620,-96.9126033235,56.0956944495,0.402640461921692,0.4439818584958465,4
1621,-75.6126041755,51.9706946145,0.458505928516388,0.45051950290405685,4
1622,-82.0376039185,30.5873621365,0.579999983310699,0.5229498495455078,4
1623,30.2623915895,65.3123607475,0.477901041507721,0.4708225018238429,4
1624,148.5540535245,64.6706941065,0.504975497722626,0.45256718687466535,4
1625,30.2623915895,64.7373607705,0.471316456794739,0.4811307441547623,4
1626,-72.0376043185,45.9123615235,0.702836275100708,0.5158551552272839,4
1627,-124.9959355335,49.4040280505,0.454519629478455,0.4846378628351791,4
1628,33.5873914565,64.4040274505,0.484384685754776,0.4769821943292575,4
1629,-135.1292684615,58.2956943615,0.433668583631516,0.4496757098153736,4
1630,-135.6709351065,57.2540277365,0.453037768602371,0.45961004345405976,4
1631,-131.9626019215,55.7540277965,0.430169254541397,0.46343801268708074,4
1632,-133.9792685075,56.4373611025,0.431594341993332,0.4519932765914729,4
1633,-135.3042684545,57.6540277205,0.443701863288879,0.4805786019104229,4
1634,-77.6626040935,51.4706946345,0.458860605955124,0.44847220123713205,4
1635,-134.1959351655,67.0040273465,0.458860605955124,0.4621787750608756,4
1636,-127.5959354295,66.6040273625,0.507142841815948,0.4506302611790087,4
1637,5.8957258975,52.2206946045,0.659565627574921,0.5403856477928458,4
1638,33.1373914745,60.2373609505,0.566516697406769,0.48915142855556054,4
1639,-84.1459371675,46.5123614995,0.647346258163452,0.4957536006491571,4
1640,-94.7126034115,48.8373614065,0.413565397262573,0.46001747761765605,4
1641,-60.7042714385,50.3290280135,0.443892449140549,0.45826108145407224,4
1642,6.40405921050001,45.6623615335,0.494865596294403,0.5775350799918588,5
1643,-110.2042694585,39.4873617805,0.419969320297241,0.46902048709053024,5
1644,-108.5709361905,37.6040285225,0.444282442331314,0.47075765863258395,5
1645,-109.5876028165,46.3623615055,0.408438384532928,0.46548534113457596,5
1646,-1.01260715949999,40.3373617465,0.614486873149872,0.5951609176332937,5
1647,-116.6959358655,34.2040286585,0.588839292526245,0.4659650935080675,5
1648,-0.937607162500001,42.2373616705,0.606798827648163,0.6058790814940459,5
1649,-0.454273848500009,41.0123617195,0.606798827648163,0.5925356882443239,5
1650,-4.63760701449999,42.3790283315,0.396124988794327,0.5706537392215135,5
1651,0.670726106499984,41.2123617115,0.606798827648163,0.6188139760545116,5
1652,-109.8376028065,39.1123617955,0.530297040939331,0.5059225223546195,5
1653,-108.1876028725,38.5040284865,0.532698273658752,0.5024815744862202,5
1654,-113.9292693095,34.2623619895,0.602500021457672,0.6317187405709755,5
1655,-65.8209379005,-17.3959692775,0.714794754981995,0.6049359994173881,5
1656,-0.379273851499988,44.5456949115,0.50644713640213,0.5638058277548076,5
1657,-106.1126029555,40.0623617575,0.400165677070618,0.4403808515262477,5
1658,12.4373923025,46.1123615155,0.665534019470215,0.5346291016563008,5
1659,5.4957259135,44.9706948945,0.448785752058029,0.5065519510895016,5
1660,-115.4292692495,40.5373617385,0.452503740787506,0.4260102446687109,5
1661,-95.1209367285,29.9540288285,0.528825759887695,0.5587825197821008,5
1662,151.0207200925,-27.8793021915,0.627018690109253,0.6409159540721501,5
1663,150.7957201015,-27.4376355425,0.665853083133698,0.6484674708022582,5
1664,-102.3876031045,44.4623615815,0.466602772474289,0.4815454561415092,5
1665,-101.5042698065,34.8623619655,0.535913407802582,0.609730523714567,5
1666,-102.6959364255,48.7790280755,0.392515927553177,0.4717190828963516,5
1667,-4.6126070155,41.7123616915,0.606798827648163,0.5931894177798627,5
1668,-2.89594041750001,39.8040284345,0.606798827648163,0.5700966434417618,5
1669,-113.7376026505,38.0040285065,0.509938538074493,0.5155601197189725,5
1670,-114.4876026205,39.8540284325,0.492598831653595,0.5097203851119328,5
1671,-114.0209359725,41.0623617175,0.492520779371262,0.4966841600863524,5
1672,-112.9542693485,40.5373617385,0.509938538074493,0.4996431035290741,5
1673,-121.1376023545,45.5456948715,0.658333361148834,0.557417482226085,5
1674,28.0040583465,58.5290276855,0.487811267375946,0.4933228450282531,5
1675,-83.4126038635,39.0290284655,0.523506879806519,0.5825043908165422,5
1676,-1.19594048549999,43.3956949575,0.471427619457245,0.5734480369979034,5
1677,-82.6376038945,41.2373617105,0.610058307647705,0.5610366011941735,5
1678,-91.7126035315,32.1040287425,0.617441236972809,0.5546673999371147,5
1679,29.6623916135,57.5373610585,0.581611394882202,0.4924755296584385,5
1680,1.1040594225,46.5206948325,0.574971139431,0.6008933384703743,5
1681,-86.6792703995,40.6956950655,0.648164451122284,0.5658211031693792,5
1682,-92.1209368485,43.5373616185,0.448686003684998,0.5429594534630325,5
1683,-94.0209367725,45.2456948835,0.545436143875122,0.516238380325971,5
1684,-88.3459369995,42.7956949815,0.537821531295776,0.5438310480799473,5
1685,10.6040590425,48.7040280785,0.528616547584534,0.5573453654993008,5
1686,-87.9709370145,38.1873618325,0.574905157089233,0.5701735080252918,5
1687,9.90405907050001,48.0040281065,0.427111685276031,0.534881640311538,5
1688,-3.71260705150002,42.8290283135,0.771317541599274,0.6016429867182816,5
1689,-114.4792692875,43.5623616175,0.44536566734314,0.4317194748231849,5
1690,-108.3126028675,33.3623620255,0.440121561288834,0.5355699167826695,5
1691,-111.5209360725,42.1540283405,0.488856315612793,0.41896352720947594,5
1692,-109.3709361585,33.5540286845,0.453224003314972,0.49826890872161134,5
1693,-107.0126029195,40.5456950715,0.392515927553177,0.46131405321088015,5
1694,138.0873872765,-18.0126359195,0.698679506778717,0.6613990476653886,5
1695,-110.5959361095,47.4956947935,0.432006031274796,0.4440364826005817,5
1696,-71.9042709905,-46.8293014335,0.515999972820282,0.49968618550984767,5
1697,-98.2126032715,33.2790286955,0.627153754234314,0.6885843044948773,5
1698,-118.1959358055,45.9373615225,0.449182689189911,0.5050598635210629,5
1699,-96.3626033455,42.2206950045,0.497160375118256,0.5385727516292679,5
1700,172.8290525535,-43.1043015825,0.71399998664856,0.6256057313842072,5
1701,-100.0042698665,30.4706954745,0.627615988254547,0.6326260463186837,5
1702,-95.3792700515,36.8123618875,0.530705392360687,0.6172999916656388,5
1703,-94.9876034005,37.2290285375,0.417183518409729,0.6003362811782635,5
1704,-100.1709365265,48.8373614065,0.629999995231628,0.4589723419939657,5
1705,-98.1209366085,43.7706949425,0.557193994522095,0.5198592967994249,5
1706,-95.1792700595,44.5206949125,0.46005055308342,0.5305307371153627,5
1707,-97.2959366415,37.4706951945,0.408808767795563,0.5584017386327556,5
1708,-94.2376034305,44.8040282345,0.510707557201385,0.5233815852173715,5
1709,-96.6876033325,43.2540282965,0.373925238847733,0.5333019257102332,5
1710,-95.6292700415,40.5290284055,0.535308182239532,0.5347861858340371,5
1711,-94.4876034205,42.6873616525,0.61340206861496,0.5257130950998211,5
1712,-98.6459365875,46.1540281805,0.581285715103149,0.5093678504070875,5
1713,-94.8292700735,38.0873618365,0.553729712963104,0.5943635171228531,5
1714,-92.5209368325,39.8373617665,0.533069968223572,0.5715388647758683,5
1715,-98.9459365755,41.2373617105,0.449782580137253,0.5153983319055311,5
1716,-95.1709367265,43.8956949375,0.541110157966614,0.5224703860081491,5
1717,-94.7792700755,38.5790284835,0.61489874124527,0.6019445301949066,5
1718,-97.4709366345,44.1123615955,0.581285715103149,0.5295492449814775,5
1719,-100.2209365245,45.6873615325,0.532800316810608,0.5133390551085676,5
1720,-99.2209365645,45.7706948625,0.483532279729843,0.5069254997189261,5
1721,-89.6709369465,41.6123616955,0.400644272565842,0.5558215767227744,5
1722,-4.3292736935,38.4540284885,0.50644713640213,0.5950081547135101,5
1723,0.1707261265,40.7790283955,0.614486873149872,0.6100705925760055,5
1724,-122.5542689645,38.3540284925,0.659606754779816,0.5936879913352523,5
1725,-121.2709356825,35.8123619275,0.62417209148407,0.6177794700930267,5
1726,-7.1876069125,37.4290285295,0.651600003242493,0.6435955664975671,5
1727,-122.1376023145,37.3456951995,0.490461766719818,0.6149857936879433,5
1728,-6.29594028150001,36.8623618855,0.586789786815643,0.618062288981822,5
1729,5.5540592445,43.7790282755,0.573130249977112,0.6252645570843377,5
1730,13.8373922465,37.1623618735,0.586789786815643,0.6264716215137852,5
1731,-119.6126024155,45.8873615245,0.359819918870926,0.5465714965696247,5
1732,-112.1292693815,42.2540283365,0.591069996356964,0.47838529687463216,5
1733,-61.4126047435,6.1123631155,0.757889866828918,0.6155057557195495,5
1734,-89.9959369335,15.7540293965,0.545814275741577,0.5583676399472643,5
1735,-66.2709378825,18.3706959585,0.38002672791481,0.5527232514975086,5
1736,105.9707218945,14.2123627915,0.518835783004761,0.5959695938461815,5
1737,152.0707200505,-32.4126353435,0.75151926279068,0.6648577184325414,5
1738,0.987392760500001,44.7206949045,0.556367635726929,0.5999300811374773,5
1739,8.10405914250001,47.2456948035,0.449814289808273,0.5303120141057006,5
1740,149.2207201645,-37.2043018185,0.594521820545197,0.6511744844390076,5
1741,16.7540587965,54.4040278505,0.597391664981842,0.5147566994306519,5
1742,-88.2459370035,37.5623618575,0.515864551067352,0.5806387254390756,5
1743,30.9790582275,56.5290277655,0.471315979957581,0.5058357068411712,5
1744,-97.1376033145,30.1373621545,0.607731759548187,0.639539472349244,5
1745,-91.0126035595,43.7123616115,0.505476951599121,0.5394200115270285,5
1746,-79.1459373675,37.9623618415,0.542711555957794,0.5650604096879438,5
1747,-85.0959371295,38.1623618335,0.575198352336884,0.5828463771491624,5
1748,15.5790588435,52.2790279355,0.60115259885788,0.5305953908533024,5
1749,-90.4626035815,43.9790282675,0.532660722732544,0.5276744807751613,5
1750,-0.212607191500013,48.6206947485,0.530304312705994,0.6041188144926805,5
1751,3.57072599049999,46.8290281535,0.701584756374359,0.5953510564867701,5
1752,-91.1459368875,44.2290282575,0.519380450248718,0.5241696471820215,5
1753,-96.3209366805,29.8373621665,0.665615081787109,0.5786660651115155,5
1754,1.2123927515,48.7540280765,0.645586609840393,0.6109935535572044,5
1755,0.6373927745,49.1206947285,0.477901041507721,0.5798067227149692,5
1756,-89.3792702915,43.5706949505,0.514512896537781,0.5449267191940437,5
1757,19.4373920225,51.3623613055,0.634893834590912,0.51385272001247,5
1758,-90.4126035835,33.4873620205,0.607807815074921,0.5508526411462799,5
1759,92.1290557815,27.3290289335,0.467187613248825,0.48626274658749924,5
1760,-122.5959356295,52.6040279225,0.428471386432648,0.44258378728302983,5
1761,-120.7959357015,50.4040280105,0.45837277173996,0.4480930501020634,5
1762,-120.1959357255,51.4040279705,0.460082709789276,0.47647793709960035,5
1763,-110.9959360935,40.3456950795,0.392515927553177,0.41260439829985784,5
1764,-80.4209373165,27.4206955965,0.438564270734787,0.5451861113463687,5
1765,-89.9376036025,42.1706950065,0.517521262168884,0.5519094138037878,5
1766,9.62072574850001,61.6373608945,0.428284376859665,0.4681477833443427,5
1767,15.6790588395,66.7623606895,0.586888015270233,0.5016618140936513,5
1768,22.8373918865,70.3040272145,0.591212034225464,0.5512213123212725,5
1769,-8.32094020049999,39.7956951015,0.50644713640213,0.596882866269427,5
1770,4.99572593350001,44.5540282445,0.642639815807343,0.6064553418857753,5
1771,13.2707256025,41.7956950215,0.7255739569664,0.6040827602365674,5
1772,-109.3876028245,40.6290284015,0.509938538074493,0.4958020783645696,5
1773,-69.0959377695,-12.0959694895,0.64172375202179,0.5953704133036105,5
1774,-84.6709371465,32.3290287335,0.522315680980682,0.5283753911768748,5
1775,152.5373866985,-27.0876355565,0.762449681758881,0.6918586263458939,5
1776,-75.2042708585,45.9456948555,0.647641003131866,0.510875668003444,5
1777,-79.8042706745,38.8790284715,0.493211030960083,0.5549290280190761,5
1778,-94.4459367555,46.2623615095,0.395613968372345,0.4913892846073983,5
1779,149.4123868235,-36.5543018445,0.579514801502228,0.6139940985600165,5
1780,153.3290533335,-28.4709688345,0.75604122877121,0.6513928131007289,5
1781,151.5707200705,-32.0626353575,0.606249034404755,0.614308420312799,5
1782,128.0873876765,42.3623616655,0.465631127357483,0.47069245230584383,5
1783,-82.1959372455,33.4123620235,0.495467722415924,0.5201605857577075,5
1784,32.3540581725,57.6623610535,0.449848234653473,0.502200857939567,5
1785,3.7957259815,45.8373615265,0.45969420671463,0.5536346603233202,5
1786,7.10405918250001,50.2040280185,0.509630799293518,0.5415812199822047,5
1787,177.7040523585,-38.4709684345,0.724052131175995,0.6352847415103773,5
1788,-93.0709368105,36.9373618825,0.534132182598114,0.6001583285933783,5
1789,-93.8292701135,45.9540281885,0.460273444652557,0.48992599170026113,5
1790,-1.07094049049999,46.7790281555,0.59181010723114,0.5907858609603307,5
1791,2.1040593825,44.5456949115,0.576651811599731,0.5974691772244889,5
1792,-87.0876037165,34.7623619695,0.614272952079773,0.5549768918192027,5
1793,-92.5459368315,36.5540285645,0.601374268531799,0.5882976603879364,5
1794,-92.8626034855,46.0040281865,0.395222365856171,0.4964620886072235,5
1795,-95.0792700635,47.7373614505,0.513602137565613,0.4661534714717611,5
1796,-95.1209367285,46.2540281765,0.392378956079483,0.4953949936476796,5
1797,-81.9376039225,29.1373621945,0.493870288133621,0.5638349398145143,5
1798,-82.2209372445,29.7290288375,0.465215861797333,0.5557977244578631,5
1799,-94.4792700875,31.1956954455,0.642669796943665,0.5295226108884742,5
1800,-92.6126034955,32.1873620725,0.49478417634964,0.530920287711499,5
1801,-132.0959352495,54.7373611705,0.43914607167244,0.4821052986823514,5
1802,-134.9376018025,58.9373610025,0.432022392749786,0.4625649350928177,5
1803,-122.3959356375,55.6040278025,0.420473158359528,0.4202141954396719,5
1804,-95.0042700665,31.1290287815,0.503736078739166,0.5395196180245451,5
1805,-94.5792700835,33.5623620175,0.512149751186371,0.5353666869608383,5
1806,-94.5792700835,31.7790287555,0.603278279304504,0.5302487649865135,5
1807,-85.5042704465,30.4456954755,0.566885828971863,0.5272616852324172,5
1808,-87.3292703735,30.5040288065,0.49246346950531,0.5351141279040293,5
1809,-79.3959373575,34.3706953185,0.493639647960663,0.5195080723692095,5
1810,-153.4626010615,57.5790277235,0.378987729549408,0.4633368283004015,5
1811,34.3790580915,60.9206942565,0.589691340923309,0.48259915356450434,5
1812,-128.9959353735,59.6040276425,0.446243911981583,0.42963615332057564,5
1813,10.0623923975,59.0706943305,0.479308485984802,0.5009710351587761,5
1814,170.1207193285,-44.2959682015,0.444499999284744,0.5786082131248758,5
1815,-100.5876031765,42.8123616475,0.571593225002289,0.4744586566469606,5
1816,-100.9126031635,40.5623617375,0.445511996746063,0.49175454216349285,5
1817,-3.94594037550002,38.1206951685,0.611118793487549,0.6387967251774739,5
1818,-7.1959402455,39.5540284445,0.510959327220917,0.6219044435883866,5
1819,-2.77094042249999,37.3706951985,0.541025936603546,0.5848198159223142,5
1820,-5.8959402975,40.3123617475,0.771317541599274,0.5624802525215269,5
1821,-82.7376038905,35.0123619595,0.481627315282822,0.5250706467937364,5
1822,-80.7042706385,39.0040284665,0.448434233665466,0.56820968051081,5
1823,-92.3292701735,35.6706952665,0.547534883022308,0.5831973752317544,5
1824,-81.9042705905,38.1790284995,0.475678592920303,0.550144119630761,5
1825,-84.3959371575,36.3290285735,0.720068037509918,0.5486794189195963,5
1826,-79.7709373425,39.4040284505,0.521940112113953,0.5560600414288058,5
1827,-83.7709371825,35.7456952635,0.558060467243195,0.537316597680824,5
1828,173.6290525215,-35.4626352215,0.441690713167191,0.6297415269056634,5
1829,151.9123867235,-28.6209688285,0.782772183418274,0.6565857430752945,5
1830,29.6457249475,58.9790276675,0.477901041507721,0.49264566679630334,5
1831,-76.9126041235,40.6956950655,0.507432699203491,0.5769431193718934,5
1832,-84.8792704715,35.8123619275,0.594577372074127,0.5432779544061658,5
1833,-82.3292705735,38.8623618055,0.437000006437302,0.5730775830188264,5
1834,-78.3959373975,36.4540285685,0.527999699115753,0.5343408695459275,5
1835,-94.2126034315,34.5456953115,0.643333315849304,0.5645642895429277,5
1836,-93.1376034745,36.4706952345,0.589231371879578,0.5920677564970308,5
1837,-86.8542703925,37.2873618685,0.489576697349548,0.5752461095729441,5
1838,-84.1626038335,37.0040285465,0.530719697475433,0.5632835870112782,5
1839,-88.8042703145,31.7206954245,0.597203552722931,0.5150007977515572,5
1840,-119.3292690935,44.3373615865,0.466963708400726,0.4442998200744207,5
1841,-107.5292695655,44.7206949045,0.419512778520584,0.4280794856813992,5
1842,-117.6542691605,46.2206948445,0.424402594566345,0.4367527946426956,5
1843,-115.3459359195,53.3456945595,0.416261851787567,0.425802007275874,5
1844,-123.8792689115,43.7790282755,0.441968858242035,0.4979226419956296,5
1845,-115.9459358955,52.5540279245,0.425208151340485,0.4287588784082464,5
1846,-107.2709362425,37.8790285115,0.437700718641281,0.4234486208920546,5
1847,-120.5959357095,55.0040278265,0.438165217638016,0.4228666021878456,5
1848,-123.4459355955,43.4373616225,0.490039855241776,0.5112540739182435,5
1849,-109.8209361405,43.2706949625,0.418473482131958,0.42766817327531176,5
1850,-109.2959361615,44.3040282545,0.455686450004578,0.42204917940092096,5
1851,-121.5959356695,56.6040277625,0.437587112188339,0.4300002772463307,5
1852,24.7457251435,45.6456948675,0.420257836580276,0.4649118794136399,5
1853,-106.3292696135,37.3456951995,0.451642274856567,0.42918478343199734,5
1854,-121.3959356775,56.0040277865,0.392515927553177,0.42234561215210875,5
1855,29.8123916075,70.5040272065,0.487363129854202,0.5525386651255692,5
1856,-3.82927371350002,40.8790283915,0.771317541599274,0.5470965457743209,5
1857,169.2540526965,-18.8876358845,0.539292693138123,0.5750381655397018,5
1858,-79.0209373725,42.1123616755,0.59574818611145,0.5427001365872683,5
1859,3.47905932750001,44.1456949275,0.567121744155884,0.5559282190570675,5
1860,4.34572595949999,44.7123615715,0.459990799427032,0.5845400551959585,5
1861,-86.5876037365,34.0373619985,0.493265420198441,0.5392035094861309,5
1862,170.2707193225,-43.2209682445,0.574993431568146,0.5799857554329017,5
1863,-85.9792704275,33.9206953365,0.538648188114166,0.5328086758251727,5
1864,-86.0709370905,32.3873620645,0.51732212305069,0.5276063829515799,5
1865,9.50405908650001,63.4456941555,0.477901041507721,0.4934503354172865,5
1866,-110.4126027835,46.6373614945,0.456101059913635,0.4292003558942889,5
1867,-120.5709357105,39.8873617645,0.395362615585327,0.44261509589200004,5
1868,-123.1459356075,40.2540284165,0.458567321300507,0.5183010526105681,5
1869,-121.5209356725,40.3456950795,0.41728264093399,0.46809984876235394,5
1870,-110.4209361165,46.1456948475,0.427060097455978,0.42360347297904094,5
1871,-118.2626024695,36.4706952345,0.511049747467041,0.43962824605142303,5
1872,-138.7042683185,59.1790276595,0.390979200601578,0.4516394339365351,5
1873,-110.8126027675,45.6456948675,0.454477518796921,0.4438258855512117,5
1874,-74.2792708955,40.1706950865,0.504683673381805,0.5330782234115925,5
1875,-75.6376041745,38.9456951355,0.55085277557373,0.5349401018437155,5
1876,149.8790534715,65.1873607525,0.461955159902573,0.4495367588490074,5
1877,-119.1959357655,60.8040275945,0.49494257569313,0.44681131159354925,5
1878,-113.4042693305,46.4373615025,0.427060097455978,0.44537468362466187,5
1879,-122.7292689575,39.6206951085,0.444234371185303,0.4609769733178985,5
1880,-71.3709376785,48.1456947675,0.446800917387009,0.4666412265249185,5
1881,-69.2209377645,46.3623615055,0.594096958637238,0.5115025398870021,5
1882,-75.2209375245,48.1790280995,0.458860605955124,0.4494746609905314,5
1883,-84.7626038095,46.2873615085,0.473723918199539,0.47903737602884894,5
1884,-77.4376041025,41.7956950215,0.556838989257812,0.5506299401442102,5
1885,-71.0292710255,47.0623614775,0.445540457963943,0.49137792869819774,5
1886,-72.4459376355,42.9706949745,0.534538626670837,0.5210302272049152,5
1887,-82.3959372375,46.8040281545,0.426484495401382,0.4592578315288034,5
1888,-70.7459377035,43.9206949365,0.460136473178864,0.5086875243192689,5
1889,-75.0876041965,46.9373614825,0.643299758434296,0.48806075045143543,5
1890,-75.0042708665,41.9373616825,0.619302093982697,0.5523912083602762,5
1891,14.0040589065,52.4040279305,0.491226643323898,0.5221565180520749,5
1892,-78.1959374055,44.6040282425,0.459450781345367,0.4906178981626207,5
1893,-73.6376042545,41.7790283555,0.532645106315613,0.5311250850914283,5
1894,-70.4709377145,44.7206949045,0.660631716251373,0.5086406071173785,5
1895,10.5040590465,50.9040279905,0.46181583404541,0.524529256304,5
1896,5.17072592650001,52.1206946085,0.596199035644531,0.5401394033831165,5
1897,9.1040591025,49.4040280505,0.533503532409668,0.56525093322376,5
1898,-75.9959374935,44.6040282425,0.546510338783264,0.5238822822361835,5
1899,-74.7876042085,39.1873617925,0.530290961265564,0.5276780563436692,5
1900,-95.1876033925,30.4206954765,0.501823961734772,0.5356273465615138,5
1901,-81.8792705915,31.7540287565,0.68913209438324,0.5239129321270422,5
1902,-76.8459374595,36.3123619075,0.50971931219101,0.5268226453986403,5
1903,7.3540591725,45.8040281945,0.455801784992218,0.48380304260874507,5
1904,-62.4042713705,50.5623613375,0.451158434152603,0.45162640270589277,5
1905,-62.0959380495,51.3623613055,0.456489771604538,0.45646256418341863,5
1906,-108.4792695275,53.7540278765,0.458860605955124,0.4242708641465486,5
1907,-75.0459375315,51.6206946285,0.439435094594955,0.4529098346250836,5
1908,-56.9959382535,50.8040279945,0.446754783391953,0.4612273762806318,5
1909,-105.9292696295,54.0790278635,0.417595565319061,0.42427766211061224,5
1910,-87.5959370295,49.2040280585,0.467501074075699,0.4490848002293249,5
1911,-70.3876043845,49.5706947105,0.445015370845795,0.46227312247249996,5
1912,-68.8376044465,51.8373612865,0.45565527677536,0.457014412099944,5
1913,-85.9959370935,48.2040280985,0.492385625839233,0.46248029382886763,5
1914,98.8123888475,61.2790275755,0.474851012229919,0.45134646271232887,5
1915,-123.1959356055,60.2040276185,0.408632308244705,0.44131180513180185,5
1916,-66.7959378615,46.8040281545,0.634163677692413,0.48725683991772856,5
1917,-103.1459364075,53.7206945445,0.398112773895264,0.43798609168851405,5
1918,8.30405913449999,58.8290276735,0.478455603122711,0.47713871070689773,5
1919,15.3707255185,51.4290279695,0.602083265781403,0.5119953059449622,5
1920,-88.3042703345,45.4123615435,0.515493333339691,0.5071921969534849,5
1921,-64.3959379575,45.4040282105,0.454249769449234,0.4926829078926707,5
1922,16.4040588105,53.2623612295,0.606856107711792,0.5028895364799353,5
1923,-123.5959355895,55.6040278025,0.430245876312256,0.433703713049685,5
1924,-93.9959367735,33.6706953465,0.578551292419434,0.5319557866679941,5
1925,-95.5959367095,56.0040277865,0.458860605955124,0.4474077917031786,5
1926,12.3790589715,64.4706941145,0.424345672130585,0.507247059430026,5
1927,149.2373868305,65.7123607315,0.509820878505707,0.4539040779384564,5
1928,-76.1209374885,47.7790281155,0.463448941707611,0.46533809891025496,5
1929,-75.7292708375,43.3623616255,0.646821796894073,0.537618565122622,5
1930,27.5790583635,59.1206943285,0.483230918645859,0.4847811068309969,5
1931,-152.3876011045,58.2206943645,0.390979200601578,0.4626020744597254,5
1932,-65.8709378985,49.1790280595,0.444446861743927,0.4762669663663509,5
1933,-65.1292712615,49.1290280615,0.424307644367218,0.4795202329130407,5
1934,-70.0126043995,52.6706945865,0.458860605955124,0.45855626682781037,5
1935,22.6873918925,68.7706939425,0.591212034225464,0.5221680523745259,5
1936,23.7790585155,69.1290272615,0.591212034225464,0.5339812556790131,5
1937,-150.4459345155,60.9706942545,0.458860605955124,0.46633047227370683,5
1938,25.6457251075,70.3456938795,0.591212034225464,0.5435391441393345,5
1939,-93.9959367735,49.8040280345,0.444188803434372,0.4491229868565768,5
1940,173.9623858415,-39.2626350695,0.54534387588501,0.5955661822230502,5
1941,-120.8792690315,47.7956947815,0.441968619823456,0.4569323668207407,5
1942,-119.9792690675,48.7206947445,0.384958982467651,0.4253301669560533,5
1943,-115.8959358975,48.6623614135,0.439550012350082,0.4574399625049839,5
1944,-115.3126025875,48.2873614285,0.460885137319565,0.4614056404694406,5
1945,-120.1959357255,49.2040280585,0.427609801292419,0.42331744951172556,5
1946,-114.2876026285,47.1956948055,0.441447198390961,0.44507365807130544,5
1947,-118.7209357845,47.9873614405,0.440121561288834,0.47544653957069166,5
1948,-139.1959349655,68.2040272985,0.458860605955124,0.4608939682229623,5
1949,-76.8542707925,50.570694670500004,0.447364956140518,0.44696803111986366,5
1950,-115.1042692625,57.1040277425,0.418153434991837,0.4221749746371924,5
1951,-98.4042699305,55.2623611495,0.403223484754562,0.43894220128412714,5
1952,-115.2959359215,56.6373610945,0.412646055221558,0.4211253443510927,5
1953,-120.5959357095,62.0040275465,0.454334080219269,0.44707464772169747,5
1954,-65.2292712575,50.3290280135,0.458248823881149,0.4547389041184848,5
1955,-77.6292707615,48.1956947655,0.469377994537354,0.4576264719809586,5
1956,-82.3126039075,30.1706954865,0.499092519283295,0.5383704262091861,5
1957,-77.0292707855,34.6873619725,0.495145559310913,0.5255230620847617,5
1958,-81.4376039425,27.1123622755,0.530936479568481,0.5327531813080837,5
1959,33.0457248115,65.5706940705,0.47623685002327,0.47919953979859564,5
1960,32.7873914885,59.8123609675,0.568009555339813,0.49004206912521636,5
1961,28.4790583275,60.6956942655,0.420257836580276,0.48230618330381775,5
1962,36.1707246865,64.0290274655,0.477901041507721,0.4803733701880812,5
1963,2.49572603350001,49.7623613695,0.529960036277771,0.5896999911180655,5
1964,-76.3292708135,36.6123618955,0.516308546066284,0.5313104092945922,5
1965,34.0457247715,62.9456941755,0.533905923366547,0.4756295072581531,5
1966,153.2373866705,-29.7126354515,0.784205079078674,0.6590425579549113,5
1967,149.1623868335,61.4123609035,0.481207430362701,0.4575734496526551,5
1968,149.6207201485,60.5290276055,0.470039069652557,0.4530774289461523,5
1969,-121.5959356695,59.0040276665,0.473498582839966,0.44050299403121584,5
1970,-121.9959356535,58.2040276985,0.371988892555237,0.425070266306074,5
1971,146.5207202725,64.3123607875,0.458789974451065,0.4524515495517686,5
1972,1.9290593895,45.4790282075,0.60115259885788,0.5363225241674832,5
1973,-92.4126035035,48.2123614315,0.400735825300217,0.4503926813935222,5
1974,-87.6126036955,46.7873614885,0.432818502187729,0.48620213506335774,5
1975,-107.7042695585,55.5373611385,0.39434027671814,0.43634542992647557,5
1976,-109.2292694975,35.9123619235,0.440121561288834,0.5040399265212155,6
1977,-108.8626028455,47.7873614485,0.445535391569138,0.478347233171699,6
1978,-101.4542698085,43.6456949475,0.440827399492264,0.4810592295489437,6
1979,-107.7126028915,45.9790281875,0.440121561288834,0.4656971041043863,6
1980,-2.5709404305,36.9373618825,0.606798827648163,0.6100728401986764,6
1981,-2.03760711850001,38.6290284815,0.50644713640213,0.5913732868060871,6
1982,-3.63760705449999,41.9540283485,0.619701087474823,0.6148609667264575,6
1983,-2.9876070805,40.9040283905,0.396124988794327,0.5473364171345052,6
1984,-5.47927364750001,41.4623617015,0.586789786815643,0.5908872055802141,6
1985,-0.395940517500009,38.7540284765,0.606798827648163,0.6076859542087101,6
1986,-115.9959358935,36.4540285685,0.509053230285645,0.5274087521747871,6
1987,-114.4542692885,36.9540285485,0.494953364133835,0.5176783489985741,6
1988,-108.7959361815,39.4623617815,0.51401549577713,0.5102057524399694,6
1989,-108.6376028545,40.4873617405,0.544012308120728,0.4993897773595061,6
1990,-71.9959376535,-47.3959680775,0.515652656555176,0.4759709302825856,6
1991,6.27072588249999,49.1623613935,0.616096496582031,0.6061910560157845,6
1992,3.72072598450001,51.7040279585,0.471427619457245,0.5426124055444358,6
1993,-114.2959359615,38.8206951405,0.434471756219864,0.48315935510117103,6
1994,-118.2376024705,45.4540282085,0.428040117025375,0.4441354028591154,6
1995,-117.9709358145,44.6373615745,0.44707852602005,0.44852430826659,6
1996,-117.7376024905,45.1290282215,0.424926280975342,0.4530024522985608,6
1997,-104.6626030135,37.1790285395,0.565371692180634,0.4989087169928551,6
1998,-102.3876031045,43.2540282965,0.440121561288834,0.46714970385358245,6
1999,-103.5876030565,42.7873616485,0.440121561288834,0.4740090209657902,6
2000,-102.4792697675,45.4873615405,0.544146180152893,0.48674334262461083,6
2001,-102.1126031155,42.6623616535,0.440121561288834,0.4622979164234987,6
2002,-103.7376030505,41.7290283575,0.466602772474289,0.47853727182371075,6
2003,-97.9792699475,34.2040286585,0.619184374809265,0.6620795333966926,6
2004,-97.0459366515,29.6540288405,0.783854603767395,0.6358025682501163,6
2005,-89.4376036225,38.5040284865,0.586792826652527,0.5970402419113584,6
2006,-88.4959369935,38.3956951575,0.498396068811417,0.5888408498868131,6
2007,-3.8626070455,36.8123618875,0.577745676040649,0.6194805029877437,6
2008,11.4123923435,43.4456949555,0.523173213005066,0.629054228979096,6
2009,-4.12927370150001,38.9873618005,0.586789786815643,0.5761712539449566,6
2010,-115.3042692545,39.8373617665,0.509938538074493,0.5128897320372529,6
2011,-113.7292693175,41.4956950335,0.509430587291718,0.505267798444134,6
2012,-118.2959358015,42.0206950125,0.392515927553177,0.4575004299783129,6
2013,-98.8126032475,28.4873622205,0.724089205265045,0.6976744262121494,6
2014,-115.0959359295,40.9123617235,0.443424880504608,0.45230058266201745,6
2015,-75.5959375095,45.5706948705,0.695825576782227,0.5109445313160026,6
2016,-89.5959369495,32.2290287375,0.50605845451355,0.5432268187706965,6
2017,5.91239256349999,45.3373615465,0.572901666164398,0.5681518170725125,6
2018,127.7373876905,43.9623616015,0.49465674161911,0.4974025327038563,6
2019,28.2457250035,59.5540276445,0.462700307369232,0.4857554804392045,6
2020,-83.5626038575,38.4790284875,0.484312236309052,0.5761878668976601,6
2021,3.8457259795,50.0040280265,0.423279136419296,0.5662730308869827,6
2022,-74.9959375335,45.4040282105,0.547526478767395,0.50347710985011,6
2023,12.5123922995,45.6373615345,0.347329556941986,0.5672192754256002,6
2024,-89.5626036175,42.8123616475,0.528577148914337,0.5344177340414933,6
2025,2.17905937949999,43.7540282765,0.514699578285217,0.6327503300890994,6
2026,-84.8376038065,42.2956950015,0.530506491661072,0.5442283257999965,6
2027,-0.420940516499996,45.7040281985,0.519543468952179,0.607099428470285,6
2028,-85.4209371165,38.8290284735,0.522691607475281,0.5691950233820849,6
2029,126.5957210695,37.6373618545,0.67430168390274,0.5537836473358897,6
2030,9.60405908249999,49.8040280345,0.561463952064514,0.5851463359460036,6
2031,-82.8626038855,40.2040284185,0.603767395019531,0.564312296282835,6
2032,10.4040590505,54.0040278665,0.507041096687317,0.5457696705123906,6
2033,-88.7542703165,43.9956949335,0.477934509515762,0.5274167362780624,6
2034,-89.0626036375,37.2540285365,0.492964029312134,0.5827159383290256,6
2035,-109.8042694745,33.9706953345,0.424989849328995,0.47330191569136615,6
2036,-93.5292701255,33.2206953645,0.520679712295532,0.5412901069838285,6
2037,-111.4292694095,43.7123616115,0.456238061189651,0.4255915263549293,6
2038,-107.5792695635,33.6373620145,0.569677531719208,0.5446979803574971,6
2039,-109.0042695065,33.1123620355,0.679905533790588,0.5676014477323913,6
2040,-121.7709356625,36.9873618805,0.559093058109283,0.6343609533175576,6
2041,-123.3959355975,62.0040275465,0.432871729135513,0.44593408340562957,6
2042,-127.1959354455,65.0040274265,0.432686597108841,0.45019321214238317,6
2043,-109.4876028205,47.3123614675,0.442272484302521,0.44775335880814243,6
2044,-99.3626032255,36.5123618995,0.582230091094971,0.5592347126061517,6
2045,-99.2709365625,41.6706950265,0.573026657104492,0.5005611376963983,6
2046,-112.9626026815,44.9123615635,0.459823340177536,0.44395375629049655,6
2047,-98.9459365755,36.0873619165,0.500695586204529,0.5853859266678871,6
2048,-98.1792699395,48.9790280675,0.627303302288055,0.46241522047454314,6
2049,-99.9542698685,35.4706952745,0.562874913215637,0.5827307990965984,6
2050,-90.4959369135,39.1373617945,0.733346581459045,0.5916274516880161,6
2051,-87.7626036895,41.5956950295,0.575987040996552,0.563037791646147,6
2052,-96.5292700055,44.0290282655,0.571634948253632,0.5122021526168044,6
2053,-93.2042701385,41.8706950185,0.376666665077209,0.5434230404173378,6
2054,-90.1126035955,39.5456951115,0.659927904605865,0.5933096131437867,6
2055,-97.4209366365,43.3290282935,0.602369725704193,0.519384639442602,6
2056,-91.6292702015,41.9706950145,0.532594323158264,0.5471907371172254,6
2057,-91.9876035205,40.9706950545,0.5490882396698,0.5605660662445041,6
2058,-95.6292700415,41.0290283855,0.551242172718048,0.5509886772819644,6
2059,-98.1542699405,47.7790281155,0.591552972793579,0.4889740104461085,6
2060,-99.2709365625,40.6706950665,0.410270094871521,0.5042520807237603,6
2061,-97.7459366235,35.4623619415,0.490000009536743,0.5937724153457876,6
2062,-90.9292702295,39.4956951135,0.587846755981445,0.5919328592662995,6
2063,-95.9209366965,41.4373617025,0.376666665077209,0.5311006938828616,6
2064,-95.0042700665,41.1540283805,0.524446785449982,0.5502505137660924,6
2065,-98.6709365865,44.1873615925,0.600645542144775,0.512274826119658,6
2066,-89.9292702695,38.8873618045,0.48371022939682,0.5947234522499486,6
2067,-93.2292701375,40.1373617545,0.663964152336121,0.5665931855946791,6
2068,-89.9376036025,40.1873617525,0.553382813930511,0.5445508692706518,6
2069,-93.9209367765,41.1456950475,0.762831926345825,0.5548799634162234,6
2070,-6.68760693249999,37.7456951835,0.623465597629547,0.6403660352053376,6
2071,-5.1376069945,38.0206951725,0.586789786815643,0.6043798701197088,6
2072,15.3457255195,40.0123617595,0.606798827648163,0.6257068806268792,6
2073,9.7540590765,40.4623617415,0.649264693260193,0.6275515108732632,6
2074,9.15405910050001,40.4706950745,0.642639815807343,0.6223453532237688,6
2075,14.3373922265,37.4873618605,0.588762164115906,0.6181420965454991,6
2076,0.1707261265,40.1956950855,0.51801985502243,0.6105176076802138,6
2077,13.3457255995,37.4540285285,0.618244826793671,0.6319100318615529,6
2078,-119.4959357535,40.8956950575,0.512682497501373,0.49867986125937624,6
2079,-116.6292692015,42.9956949735,0.467288643121719,0.46176178858003364,6
2080,-89.9959369335,16.2540293765,0.373095273971558,0.5639265827130933,6
2081,-89.4959369535,16.5040293665,0.619814217090607,0.568150112821473,6
2082,76.5373897385,11.6040295625,0.712903559207916,0.580914767197306,6
2083,-91.0126035595,31.9123620835,0.531351447105408,0.5486767591467829,6
2084,-1.1792738195,45.0456948915,0.510462522506714,0.5892296840512561,6
2085,-91.1459368875,32.9373620425,0.542956233024597,0.559774583037825,6
2086,-89.0709369705,44.5706949105,0.498592853546143,0.4936736149148116,6
2087,9.20405909850001,44.7456949035,0.665188550949097,0.5587499609326035,6
2088,-90.4126035835,32.7456953835,0.667758285999298,0.5606086939653363,6
2089,-90.7126035715,31.1373621145,0.625899016857147,0.5372433880336446,6
2090,-90.4792702475,32.1040287425,0.558190762996674,0.5490969619971057,6
2091,33.4457247955,57.7790277155,0.558736622333527,0.49373913838877087,6
2092,149.7707201425,-37.4126351435,0.693159282207489,0.6527908344603958,6
2093,16.8707254585,52.2873612685,0.603788554668427,0.5248389179330769,6
2094,36.0123913595,58.5540276845,0.461842238903046,0.5039754526962908,6
2095,-98.4042699305,29.1956955255,0.767705202102661,0.668323078859749,6
2096,-86.1126037555,35.7873619285,0.736847758293152,0.5650615245007455,6
2097,13.0373922785,49.6456947075,0.471180647611618,0.5056741542395615,6
2098,15.0540588645,53.8790278715,0.421947866678238,0.5294242612154755,6
2099,12.3457256395,55.0123611595,0.601165533065796,0.5247981872973606,6
2100,0.254059456499988,49.5290280455,0.600067555904388,0.5656017297001179,6
2101,1.02905942550001,44.1456949275,0.698946595191956,0.6097733266695856,6
2102,0.295726121499996,46.5290281655,0.653834640979767,0.5975230642957188,6
2103,-84.0626038375,38.1540285005,0.701090693473816,0.5761696750151426,6
2104,9.5207257525,55.3123611475,0.659756064414978,0.5222478103537781,6
2105,-90.3542702525,34.8373619665,0.491538912057877,0.5684132494994809,6
2106,-0.104273862500008,48.1706947665,0.572057664394379,0.6057359826647603,6
2107,3.60405932250001,49.2873613885,0.568096876144409,0.6070133163970685,6
2108,8.90405911049999,48.9040280705,0.568394541740417,0.6126818211447106,6
2109,14.7290588775,50.4623613415,0.423113733530045,0.5234446080206877,6
2110,-96.5209366725,30.3373621465,0.681963801383972,0.6231523396736997,6
2111,1.72905939750001,48.4123614235,0.610449314117432,0.5973924209292554,6
2112,-91.4459368755,44.6873615725,0.578599870204926,0.520035930175738,6
2113,5.10405926249999,46.7623614895,0.509867787361145,0.5842716269345597,6
2114,33.2373914705,58.5040276865,0.569659292697906,0.4944393570016339,6
2115,-104.0126030395,43.8040282745,0.440837323665619,0.47034869819693503,6
2116,-98.3709365985,30.6540288005,0.639977931976318,0.6745052714861746,6
2117,-98.7042699185,42.8040283145,0.573991298675537,0.5059612137702768,6
2118,7.80405915450001,44.0956949295,0.61921638250351,0.5614146723289282,6
2119,-122.5542689645,40.2456950835,0.741761267185211,0.6191612765762662,6
2120,36.3123913475,34.5623619775,0.511049747467041,0.6324705045267682,6
2121,2.49572603350001,43.2373616305,0.742598950862885,0.6361153372917604,6
2122,12.8457256195,43.5956949495,0.637936770915985,0.6212306511606217,6
2123,148.5040535265,-21.1959691255,0.682418823242188,0.6848156976069281,6
2124,-61.6876047325,8.1123630355,0.710212051868439,0.6343679690361943,6
2125,-84.0209371725,10.4206962765,0.497721463441849,0.5576982989550535,6
2126,-85.8626037655,31.4873621005,0.490631014108658,0.5270556669124951,6
2127,-91.4876035405,38.0206951725,0.603808283805847,0.5834231045043354,6
2128,-86.2292704175,36.4790285675,0.59059727191925,0.5585656929658672,6
2129,129.0957209695,36.4290285695,0.4649358689785,0.5581059078076036,6
2130,34.0290581055,58.1956943655,0.449897766113281,0.4960483694636362,6
2131,-123.2876022685,43.9873616005,0.46727392077446,0.5364276217322937,6
2132,-80.2542706565,40.1956950855,0.491221249103546,0.5715769360168494,6
2133,-4.2209403645,48.4123614235,0.588679254055023,0.5874112576886407,6
2134,11.1040590225,53.6040278825,0.540607035160065,0.5333621810018526,6
2135,-83.8626038455,41.6373616945,0.603747367858887,0.5585968728257392,6
2136,-95.1459367275,46.9956948135,0.392515927553177,0.47564837285560035,6
2137,6.7040591985,49.7040280385,0.574253499507904,0.5866028374907704,6
2138,-92.0459368515,38.2540284965,0.517594456672668,0.5922611045511803,6
2139,15.5290588455,53.2623612295,0.601725876331329,0.5291047307349471,6
2140,173.7957191815,-41.8043016345,0.71399998664856,0.6136218370729953,6
2141,-122.7709356225,46.3456948395,0.403951495885849,0.5222366568644708,6
2142,-123.7459355835,39.8790284315,0.515459656715393,0.5447864443313778,6
2143,-114.5126026195,50.1456946875,0.391317814588547,0.41943382692044995,6
2144,-122.5959356295,53.4040278905,0.448360741138458,0.45081170880597826,6
2145,-122.1959356455,56.2040277785,0.441984981298447,0.42562516833271313,6
2146,-79.5876040165,33.6040286825,0.50884348154068,0.5219451494769957,6
2147,-93.9709367745,31.0790287835,0.527633309364319,0.5326101697335127,6
2148,-95.0792700635,32.5623620575,0.588285982608795,0.5557580907859805,6
2149,-82.8459372195,30.1040288225,0.488000005483627,0.5389704861691675,6
2150,-84.9709371345,30.4206954765,0.603757858276367,0.5428324790019082,6
2151,-82.4542705685,28.5623622175,0.679438471794128,0.5583895654191956,6
2152,-84.4126038235,31.0790287835,0.488000005483627,0.530597404106739,6
2153,36.9207246565,61.6790275595,0.426056802272797,0.4799077551117682,6
2154,35.6040580425,61.1706942465,0.477753758430481,0.4774806050025335,6
2155,-125.7959355015,58.2040276985,0.380348980426788,0.4258760369390768,6
2156,-126.5959354695,65.6040274025,0.458860605955124,0.4558774984066894,6
2157,10.4123923835,60.3290276135,0.43102902173996,0.4661779080622486,6
2158,-96.1876033525,34.0206953325,0.579895973205566,0.6111028317720509,6
2159,-98.6542699205,41.7623616895,0.500695586204529,0.5024669897912418,6
2160,-98.4042699305,42.1790283395,0.415005803108215,0.5114325200637712,6
2161,-135.8459350995,59.5123609795,0.449999988079071,0.5018103037041043,6
2162,-142.3459348395,60.3373609465,0.355714291334152,0.464120794187463,6
2163,-133.6959351855,58.5123610195,0.384742826223373,0.4759097302266083,6
2164,-6.57094027049999,39.1956951255,0.714345395565033,0.6158395890289391,6
2165,-80.0626039975,38.2373618305,0.534973978996277,0.5547732399829264,6
2166,-83.8959371775,34.9123619635,0.562259614467621,0.5284317358110054,6
2167,-78.1292707415,40.3040284145,0.626109838485718,0.5613495486230246,6
2168,-92.2959368415,34.8623619655,0.619664669036865,0.5763104098510387,6
2169,-82.5626038975,38.4206951565,0.545006513595581,0.5655822830427971,6
2170,-82.4459372355,34.3123619875,0.52705180644989,0.5238865955046957,6
2171,-92.9459368155,34.8123619675,0.493870288133621,0.5549007795447392,6
2172,118.1373880745,29.2456955235,0.509589731693268,0.5418267729752457,6
2173,-73.2292709375,-50.0876346365,0.515749037265778,0.49815068765192244,6
2174,-82.4959372335,35.7206952645,0.477278232574463,0.5381358088765957,6
2175,-93.6126034555,36.2206952445,0.573462903499603,0.593109360984138,6
2176,-82.9542705485,34.4873619805,0.501450836658478,0.55449290170689,6
2177,173.5040525265,-41.3543016525,0.685531139373779,0.6267331773015349,6
2178,-77.7459374235,37.5873618565,0.513634860515594,0.5442696205479108,6
2179,-79.3542706925,40.1373617545,0.566980838775635,0.5543352872733459,6
2180,16.0873921565,50.8706946585,0.452730417251587,0.5230386217533085,6
2181,-80.4709373145,36.4373619025,0.511583566665649,0.5286697565720571,6
2182,-78.2126040715,37.1873618725,0.541358947753906,0.5308342716451332,6
2183,-7.98760688050001,43.2790282955,0.504904747009277,0.5612153699469338,6
2184,-83.7876038485,36.3790285715,0.462352186441422,0.5514156425922311,6
2185,-123.4376022625,42.1290283415,0.462997555732727,0.5130361976392362,6
2186,-105.2292696575,36.5040285665,0.425863236188889,0.43946334793517133,6
2187,-122.8626022855,43.2873616285,0.456655651330948,0.5259762629564937,6
2188,-106.3959362775,39.4290284495,0.404436558485031,0.42643864109768553,6
2189,-123.5209355925,46.5790281635,0.461446523666382,0.5027428251982468,6
2190,-115.8792692315,54.0040278665,0.406309485435486,0.4312536878423687,6
2191,-124.4126022235,48.2706947625,0.464167177677155,0.49125372706214,6
2192,-126.7959354615,55.2040278185,0.34064906835556,0.4158419356026939,6
2193,-122.4626023015,41.9540283485,0.658333361148834,0.5517906023875905,6
2194,-105.6792696395,37.9456951755,0.464320182800293,0.4891767246995042,6
2195,9.01239243949999,46.0873615165,0.648617208003998,0.5395397979199668,6
2196,-125.3959355175,57.6040277225,0.427231252193451,0.42315374488166835,6
2197,-128.1959354055,58.0040277065,0.34064906835556,0.41752665878970935,6
2198,22.3207252405,69.6873605725,0.591212034225464,0.5433674820658864,6
2199,-81.4042706105,35.3123619475,0.511902272701263,0.5308333540253868,6
2200,-83.1292705415,33.2456953635,0.494302481412888,0.5179958551803386,6
2201,-7.96260688149999,40.9290283895,0.50762677192688,0.5436350029185109,6
2202,-94.8126034075,36.4706952345,0.633423089981079,0.6115935675355123,6
2203,12.7623922895,50.0623613575,0.437147915363312,0.48746209632479687,6
2204,-81.0292706255,36.0290285855,0.579324185848236,0.5339746584401623,6
2205,-85.0709371305,45.5540282045,0.641363501548767,0.4958826975292739,6
2206,-77.8292707535,42.1373616745,0.470306634902954,0.5521087704893121,6
2207,16.2457254835,49.1706947265,0.685382664203644,0.511038377632582,6
2208,-86.3292704135,37.8290285135,0.556241512298584,0.5732625075760985,6
2209,-0.395940517500009,46.6623614935,0.589191675186157,0.5914354384734439,6
2210,17.6040587625,50.0290280255,0.479422718286514,0.5371062890379522,6
2211,-83.7626038495,33.9873620005,0.572055697441101,0.5259969193718036,6
2212,-119.4126024235,38.1956951655,0.454386353492737,0.4388729663534623,6
2213,-124.3959355575,53.2040278985,0.462657004594803,0.43231316025138183,6
2214,-123.5959355895,50.4040280105,0.422327518463135,0.43461253569575314,6
2215,-120.1959357255,53.2040278985,0.446710646152496,0.4277876679108106,6
2216,-75.5542708445,38.1706951665,0.534709751605988,0.5247018410442078,6
2217,-63.3876046645,49.5290280455,0.439211815595627,0.455489526579225,6
2218,-62.6542713605,49.4873613805,0.448372036218643,0.46130609998379973,6
2219,-60.4376047825,50.8040279945,0.456406772136688,0.45542043670836346,6
2220,-58.7376048505,51.7956946215,0.457639753818512,0.4564981842821709,6
2221,-67.0209378525,50.570694670500004,0.455095052719116,0.4542316260386679,6
2222,-57.3959382375,53.4040278905,0.458860605955124,0.4568920725259854,6
2223,-113.6876026525,46.9540281485,0.464593142271042,0.44575263708304397,6
2224,19.3457253595,69.9873605605,0.59535539150238,0.5447944946586549,6
2225,6.39572587749998,59.4456943155,0.591212034225464,0.4808504608047369,6
2226,5.39572591749999,59.4123609835,0.429768294095993,0.49545187650137684,6
2227,-74.6626042135,47.7373614505,0.407628208398819,0.4500600466613117,6
2228,-78.7292707175,40.8706950585,0.44950059056282,0.5501748007517654,6
2229,-68.6209377885,47.5790281235,0.473132371902466,0.5159695592465553,6
2230,-74.4292708895,45.9956948535,0.767933487892151,0.5169570643656932,6
2231,-74.5959375495,47.2623614695,0.436000734567642,0.4689165710464827,6
2232,-88.7959369815,47.1040281425,0.744128942489624,0.48810582806423364,6
2233,-74.9542708685,41.4373617025,0.526004493236542,0.5510411225341723,6
2234,151.2957200815,-33.0543019845,0.649565577507019,0.690711360728208,6
2235,-77.7959374215,45.8040281945,0.441841721534729,0.49502176869678916,6
2236,-81.7959372615,47.0040281465,0.472714453935623,0.4445192386034497,6
2237,-73.3042709345,47.7040281185,0.427160650491714,0.46198392132573046,6
2238,-84.5959371495,47.4040281305,0.423681259155273,0.4566285552087246,6
2239,-85.8876037645,45.9873615205,0.426375031471252,0.492089511492878,6
2240,12.1040589825,53.6040278825,0.519885540008545,0.5287096052665722,6
2241,-66.9959378535,47.4040281305,0.434904724359512,0.5001374693083643,6
2242,8.60405912249999,53.2040278985,0.594619274139404,0.5354409165909737,6
2243,-85.4209371165,44.5373615785,0.518929898738861,0.5080303105946703,6
2244,-72.9459376155,43.6373616145,0.435505002737045,0.5293307782188083,6
2245,-118.6376024545,56.6790277595,0.419660210609436,0.4227533522983852,6
2246,-75.9709374945,36.2540285765,0.53349381685257,0.5210665820167322,6
2247,-67.3209378405,48.3623614255,0.385111302137375,0.48926926867292797,6
2248,-67.8126044875,49.9040280305,0.453141719102859,0.45414160450314783,6
2249,-61.5959380695,50.9206946565,0.446611016988754,0.4505231847991551,6
2250,-74.6292708815,50.8373613265,0.467509418725967,0.45154906943146766,6
2251,-79.4542706885,48.4706947545,0.484034389257431,0.4488147607023536,6
2252,-111.5792694035,54.8623611655,0.397005885839462,0.42580130263685556,6
2253,-61.0292714255,51.2123613115,0.449109703302383,0.4542592256218038,6
2254,-74.3959375575,51.3873613045,0.458860605955124,0.452939145018536,6
2255,-107.2626029095,54.4373611825,0.421513646841049,0.4281599340932333,6
2256,-72.6126042955,50.3206946805,0.450751036405563,0.45076846120439484,6
2257,-89.5959369495,50.4040280105,0.444431096315384,0.4461435302785989,6
2258,-106.8542695925,55.4540278085,0.458860605955124,0.42993141981544364,6
2259,-113.3376026665,55.4040278105,0.429594069719315,0.42238102128472965,6
2260,-60.5876047765,51.5790279635,0.455123871564865,0.45684325078775,6
2261,30.2290582575,61.5623608975,0.43778395652771,0.4841995123043976,6
2262,-104.1959363655,53.6040278825,0.415117830038071,0.447651330989909,6
2263,7.60405916249999,59.7623609695,0.591212034225464,0.4960639272874117,6
2264,-50.9376051625,-26.4626355815,0.630733728408813,0.5659682938483847,6
2265,-50.2209385245,-28.3543021725,0.601972937583923,0.5722194140226323,6
2266,-74.3126042275,44.9706948945,0.670355200767517,0.5090488454672638,6
2267,-71.5542710045,42.8873616445,0.408819139003754,0.5238728459007613,6
2268,16.1290588215,52.7040279185,0.477901041507721,0.5205733299452731,6
2269,20.3457253195,54.8706944985,0.596987783908844,0.5092885488395779,6
2270,26.4790584075,57.6956943855,0.472791969776154,0.48495779245201714,6
2271,-72.2209376445,41.4456950355,0.533951878547668,0.5262973138022222,6
2272,-73.7209375845,42.3873616645,0.590636253356934,0.551981627767831,6
2273,-65.7626045695,48.4373614225,0.436233311891556,0.47638580453343377,6
2274,-100.9959364935,56.2040277785,0.455479234457016,0.4419619900564575,6
2275,-99.9959365335,55.2040278185,0.422787457704544,0.44099266846028157,6
2276,-80.7959373015,25.2706956825,0.686696231365204,0.5410791981698286,6
2277,9.3457257595,60.6456942675,0.459634453058243,0.4801836286193451,6
2278,-81.3042706145,26.1040289825,0.395999997854233,0.5105427682353622,6
2279,-72.6042709625,46.6206948285,0.463973551988602,0.4832093029735329,6
2280,9.30405909449999,54.0040278665,0.514358401298523,0.5301571139726989,6
2281,8.90405911049999,54.8040278345,0.547011315822601,0.5322030291055473,6
2282,-121.9626023215,48.4373614225,0.418944239616394,0.4772191172834678,6
2283,-60.0792714635,51.9206946165,0.471107095479965,0.4558787487432071,6
2284,-62.0126047195,49.2373613905,0.452187657356262,0.46341367017748974,6
2285,-64.5126046195,48.6540280805,0.455607950687408,0.4822091116731186,6
2286,-69.5459377515,51.6873612925,0.458461314439774,0.45702790292589723,6
2287,-67.7959378215,47.6040281225,0.765606284141541,0.49312859957006266,6
2288,-72.2042709785,51.2040279785,0.458860605955124,0.45333101025391126,6
2289,32.5540581645,67.5956939895,0.459993541240692,0.48351405609839215,6
2290,-71.0792710235,51.8456946195,0.458860605955124,0.4552841509610575,6
2291,-94.5959367495,53.6040278825,0.431366741657257,0.44774445760473874,6
2292,-92.5959368295,53.2040278985,0.468668222427368,0.44821318713234326,6
2293,-87.9959370135,49.6040280425,0.465988218784332,0.4426319306551479,6
2294,23.7707251825,69.6123605755,0.591212034225464,0.5432294429030948,6
2295,-8.67094018649999,40.4040284105,0.50644713640213,0.566413625550111,6
2296,-95.0792700635,49.2790280555,0.424423307180405,0.4522082857648247,6
2297,7.60405916249999,52.9040279105,0.481084197759628,0.5365691982800941,6
2298,10.3040590545,53.0040279065,0.526129901409149,0.5292766754923046,6
2299,-115.6126025755,47.7123614515,0.445226967334747,0.43831169695934685,6
2300,-116.6542692005,48.3040280945,0.43493977189064,0.4824325185036949,6
2301,-117.6459358275,48.6790280795,0.475677639245987,0.4356547635533523,6
2302,-77.6709374265,50.5040280065,0.458860605955124,0.4494800250602685,6
2303,-79.0876040365,49.9123613635,0.456549078226089,0.4485609178357874,6
2304,-75.8959374975,48.9956947335,0.450569719076157,0.446521051786246,6
2305,-76.5042708065,49.8956946975,0.458860605955124,0.4456104095042074,6
2306,-60.3959381175,53.4040278905,0.455987393856049,0.46021718374129783,6
2307,-79.2459373635,50.6373613345,0.437013030052185,0.4465258929549842,6
2308,-74.3959375575,51.9206946165,0.458860605955124,0.4513709318620404,6
2309,-81.8876039245,28.4373622225,0.540530800819397,0.5513222635939404,6
2310,-123.7959355815,48.6040280825,0.45969420671463,0.49587959897572065,6
2311,149.8207201405,67.9290273095,0.420473158359528,0.4630752662570824,6
2312,-132.7709352225,56.9623610815,0.451966017484665,0.46919040900456505,6
2313,-8.5876068565,38.6373618145,0.703000009059906,0.6306877691641578,6
2314,-116.9959358535,63.4040274905,0.45331859588623,0.4505812834549069,6
2315,-121.9959356535,62.0040275465,0.487018465995789,0.4530797333546428,6
2316,32.0790581835,62.1290275415,0.447083979845047,0.4775394436020832,6
2317,-74.3459375595,48.4040280905,0.442695021629333,0.44791245611417274,6
2318,-61.1959380855,53.0040279065,0.455708384513855,0.45612137938022057,6
2319,-116.2459358835,38.9456951355,0.49029877781868,0.5067318519553955,7
2320,145.0790536635,-35.8126352075,0.714345395565033,0.6575635019471918,7
2321,-104.6042696825,46.7790281555,0.466602772474289,0.473238877870907,7
2322,-102.7876030885,48.2206947645,0.562758147716522,0.4835561298671395,7
2323,-4.54594035150001,39.9123617635,0.600226163864136,0.5918064476372381,7
2324,-114.1626026335,37.6040285225,0.50318717956543,0.511661884412878,7
2325,-116.9459358555,40.3290284135,0.48439833521843,0.5041292011118574,7
2326,-116.2876025485,41.0123617195,0.392515927553177,0.5151959632978022,7
2327,-111.1126027555,37.2373618705,0.562444031238556,0.5045454501338315,7
2328,-109.9959361335,36.2623619095,0.569166779518127,0.5085527946848106,7
2329,-112.5709360305,38.6956951455,0.510996401309967,0.5120432290666475,7
2330,12.3123923075,45.1373615545,0.674686253070831,0.5534689146485071,7
2331,4.6207259485,52.4206945965,0.658420562744141,0.5286638219830334,7
2332,-86.7376037305,32.2456954035,0.483212828636169,0.5372802909475254,7
2333,7.20405917849999,51.9040279505,0.65798956155777,0.5599836259445179,7
2334,-112.0542693845,36.3706952385,0.420316964387894,0.45198609043441995,7
2335,-95.5459367115,29.3540288525,0.707273244857788,0.5414999329651312,7
2336,-92.6126034955,30.3123621475,0.509369909763336,0.5322843450005147,7
2337,-100.6042698425,32.9206953765,0.698870658874512,0.638497254310012,7
2338,-98.6542699205,34.0456953315,0.724089205265045,0.6589908515842172,7
2339,143.7457203835,-34.3459685995,0.714345395565033,0.6574724445458165,7
2340,-100.8126031675,46.7540281565,0.415773302316666,0.4949980060374801,7
2341,-105.8126029675,45.2456948835,0.440121561288834,0.4686723919022636,7
2342,-118.0126024795,34.2373619905,0.701902329921722,0.6150680741196561,7
2343,-1.9959404535,37.8706951785,0.606798827648163,0.5928362272215282,7
2344,-119.6292690815,34.7040286385,0.477339208126068,0.5243629893921186,7
2345,141.3290538135,-34.1293019415,0.714575290679932,0.6452371465136263,7
2346,14.8457255395,38.0373618385,0.594047844409943,0.6261748854674559,7
2347,-119.1042691025,38.6706951465,0.486480921506882,0.5068936071559816,7
2348,-113.4876026605,36.1623619135,0.510808289051056,0.5287594029470317,7
2349,-118.3709357985,37.7873618485,0.451580345630646,0.4418205787541735,7
2350,-113.2959360015,38.5540284845,0.505810618400574,0.5038516866324073,7
2351,-99.3876032245,26.9456956155,0.724089205265045,0.6783713816900138,7
2352,-89.9959369335,16.7540293565,0.617071151733398,0.5764147592354062,7
2353,-59.7542714765,-16.8793026315,0.760501205921173,0.6178237247766324,7
2354,-62.6626046935,-15.3209693605,0.487932682037354,0.640325966747066,7
2355,-66.5542712045,18.0123626395,0.664023101329803,0.5674423657880319,7
2356,5.9623925615,46.5373614985,0.445616602897644,0.5205980112823588,7
2357,19.8873920045,48.2956947615,0.708372294902802,0.573404107402651,7
2358,-95.3292700535,35.2790286155,0.691680192947388,0.5930008346091489,7
2359,-123.0292689455,45.4040282105,0.471770882606506,0.5151248590660192,7
2360,-88.0542703445,44.8373615665,0.486814558506012,0.5174724980667285,7
2361,9.50405908650001,51.1040279825,0.624147474765778,0.5269862351875556,7
2362,-85.3126037875,39.4206951165,0.443550676107407,0.5923592809575722,7
2363,-83.8709371785,39.9956950935,0.581081867218018,0.5963795435705153,7
2364,5.97905922749999,47.2956948015,0.661450088024139,0.599323614088071,7
2365,-83.6376038545,40.5290284055,0.551568388938904,0.5843473822795573,7
2366,-91.8459368595,43.0790283035,0.547427952289581,0.5350891140591453,7
2367,-86.0959370895,40.3040284145,0.583422064781189,0.580151949321324,7
2368,7.49572583349999,47.6706947865,0.697050034999847,0.5749040854617606,7
2369,-86.1792704195,42.2540283365,0.446775287389755,0.5293475840826295,7
2370,-92.3459368395,45.4290282095,0.556245088577271,0.5154073545410326,7
2371,-81.9376039225,41.1456950475,0.553739190101624,0.575203480375277,7
2372,0.5207261125,48.6206947485,0.603433668613434,0.5923275861866959,7
2373,0.529059445499996,43.4540282885,0.642639815807343,0.6032094566329328,7
2374,-83.3709371985,40.9956950535,0.6160649061203,0.5709209150145934,7
2375,-83.8459371795,39.3290284535,0.61909407377243,0.5863129599948798,7
2376,-88.9459369755,42.9206949765,0.567013204097748,0.5351911376415567,7
2377,-85.7209371045,41.7290283575,0.484149813652039,0.5384325601875621,7
2378,9.20405909850001,52.3040279345,0.512117087841034,0.5605049718084039,7
2379,-85.2792704555,40.2623617495,0.579181015491486,0.6003258610609082,7
2380,0.387392784500008,44.2040282585,0.603533685207367,0.5951225213983782,7
2381,6.80405919449998,46.0623615175,0.493111819028854,0.5426777150696024,7
2382,-116.4209358765,45.4706948745,0.447095155715942,0.4511857375367735,7
2383,-109.5376028185,42.8540283125,0.429215162992477,0.42183807343580054,7
2384,-114.5542692845,44.2706949225,0.45969420671463,0.45124380695652655,7
2385,-116.1876025525,44.3040282545,0.437730312347412,0.44130650136762134,7
2386,-106.8792695915,44.2790282555,0.427060097455978,0.4244440073253947,7
2387,-114.0042693065,45.2956948815,0.420420914888382,0.4259919689758383,7
2388,-112.9459360155,44.3290282535,0.458309561014175,0.4591363143231294,7
2389,149.2373868305,-25.6376356145,0.763307571411133,0.6522110254744845,7
2390,-95.5626033775,28.8956955375,0.343823492527008,0.5471696701788076,7
2391,-98.0209366125,32.8206953805,0.724089205265045,0.6699863289095884,7
2392,-97.8959366175,37.3540285325,0.559521317481995,0.5345741458002058,7
2393,-98.1209366085,36.8956952175,0.532811522483826,0.5624857817411961,7
2394,-96.0792700235,36.8040285545,0.729435205459595,0.5920229835797008,7
2395,-91.4792702075,38.8540284725,0.608526051044464,0.5973177467871886,7
2396,-101.6459364675,45.2373615505,0.581285715103149,0.4834011275906734,7
2397,-112.8876026845,48.3373614265,0.355714291334152,0.4688088729928643,7
2398,-97.7459366235,34.7123619715,0.5167036652565,0.6215437163819707,7
2399,-96.7126033315,37.4040285305,0.561667442321777,0.5710316989735126,7
2400,-98.9292699095,38.2706951625,0.634889841079712,0.5152980544713445,7
2401,-96.5876033365,46.1706948465,0.471561640501022,0.5080836057716445,7
2402,-94.1292701015,37.9873618405,0.598507583141327,0.5932642979748579,7
2403,-94.9126034035,45.0956948895,0.510248482227325,0.5142728720860692,7
2404,-95.6209367085,43.3873616245,0.57365608215332,0.5185811504061741,7
2405,-97.2126033115,42.7873616485,0.6290363073349,0.5230657347332004,7
2406,-99.5959365495,39.8373617665,0.428141474723816,0.5020970482389203,7
2407,-99.3292698935,43.6623616135,0.500695586204529,0.5132649211454501,7
2408,-104.1376030345,47.6790281195,0.576993644237518,0.47629624843355634,7
2409,-98.4042699305,37.8540285125,0.487708419561386,0.5152105351230379,7
2410,-93.1292701415,42.8790283115,0.466650873422623,0.5252623159953902,7
2411,-92.6209368285,44.1456949275,0.467805534601212,0.5347374199843076,7
2412,-91.6792701995,39.9290284295,0.572153270244598,0.582271277042194,7
2413,-92.4459368355,42.7290283175,0.478769510984421,0.531838412663079,7
2414,-121.6626023335,36.2456952435,0.491303414106369,0.6127284746054491,7
2415,9.64572574749999,44.3456949195,0.76311582326889,0.5755799781539618,7
2416,-120.4792690475,34.7206953045,0.666599988937378,0.6328253983999377,7
2417,-121.3042690145,36.6040285625,0.606766760349274,0.6142288412674196,7
2418,0.4623927815,42.3373616665,0.477901041507721,0.5876472453962133,7
2419,-7.8292735535,38.4373618225,0.642181217670441,0.6409802613022964,7
2420,10.8290590335,44.4456949155,0.651805639266968,0.6172945886637652,7
2421,-108.9209361765,43.9456949355,0.446860134601593,0.47373975734327056,7
2422,-112.7042693585,42.5290283255,0.416972368955612,0.4464499722971591,7
2423,-108.0292695455,39.5290284455,0.392515927553177,0.4612007258750992,7
2424,13.3040589345,46.2456948435,0.612327814102173,0.5475465951387052,7
2425,-83.7292705175,44.3540282525,0.433363974094391,0.5022369451779396,7
2426,151.0207200925,-24.4043023305,0.756997466087341,0.7002472560496495,7
2427,-90.6126035755,31.5873620965,0.52575421333313,0.5461767175540498,7
2428,19.4873920205,43.7540282765,0.477901041507721,0.562320652588212,7
2429,-84.4292704895,43.9206949365,0.391395449638367,0.5063582771184086,7
2430,11.1290590215,57.3123610675,0.618238806724548,0.5051598181214063,7
2431,-90.5042702465,30.4456954755,0.52538013458252,0.5232962597853849,7
2432,-76.4542708085,43.1123616355,0.567070484161377,0.5600041773933817,7
2433,2.1040593825,46.8540281525,0.701584756374359,0.5905506785981787,7
2434,-86.3126037475,38.8623618055,0.530166029930115,0.5844230157287041,7
2435,-87.6792703595,37.7373618505,0.493253260850906,0.5890074469729462,7
2436,-84.9792704675,37.6873618525,0.530791819095612,0.5795251266763908,7
2437,4.9540592685,47.3040281345,0.701584756374359,0.6038400448971512,7
2438,-91.6626035335,43.9790282675,0.522450983524323,0.530572698138338,7
2439,11.6957256655,45.3290282135,0.59303218126297,0.5864597495181728,7
2440,-84.5459371515,38.6123618155,0.564659774303436,0.5854463363090101,7
2441,17.2540587765,53.2873612285,0.603712022304535,0.525396603693429,7
2442,2.52072603249999,50.6623613335,0.558514535427094,0.5334801413533745,7
2443,-96.7209366645,29.2206955245,0.753104209899902,0.6040966509897758,7
2444,128.2873876685,36.1873619125,0.651659965515137,0.5399242919776154,7
2445,0.929059429500001,48.2290280975,0.70126336812973,0.6018759062233234,7
2446,-91.2209368845,34.6373619745,0.609495878219604,0.5713279282142661,7
2447,-121.2459356835,43.1290283015,0.446591377258301,0.4550217119825664,7
2448,7.98739248050001,45.6206948685,0.490800112485886,0.5414293441182215,7
2449,-97.3126033075,34.1040286625,0.698452174663544,0.6394370822379938,7
2450,-100.6709365065,45.1373615545,0.511319577693939,0.4910127263508949,7
2451,-97.2209366445,46.0623615175,0.58103221654892,0.5061938747965684,7
2452,-95.7376033705,33.4373620225,0.402268826961517,0.5911169649096757,7
2453,-88.2959370015,41.2123617115,0.561820566654205,0.5589367417114778,7
2454,35.7707247025,7.6040297225,0.598851144313812,0.5793880600851481,7
2455,9.71239241149999,62.2123608715,0.587281584739685,0.4805300631166301,7
2456,4.7790592755,43.7623616095,0.606798827648163,0.615720295920602,7
2457,8.9873924405,40.9123617235,0.497124999761581,0.6258270033267699,7
2458,12.9207256165,42.9290283095,0.614486873149872,0.6093171829007549,7
2459,8.3540591325,44.5456949115,0.62218701839447,0.6098141870311093,7
2460,15.4373921825,40.8540283925,0.775422334671021,0.636996712182362,7
2461,-112.4876027005,38.2540284965,0.450345903635025,0.47701368077924716,7
2462,-99.0959365695,28.9623622015,0.724089205265045,0.6994209496901155,7
2463,-50.7626051695,-27.4543022085,0.591139733791351,0.5604782557672928,7
2464,-94.4292700895,46.9873614805,0.535360872745514,0.4641731854572224,7
2465,-81.4126039435,37.8790285115,0.491656690835953,0.5459977558070533,7
2466,-92.2792701755,37.7540285165,0.604233682155609,0.5871968715939642,7
2467,-90.2542702565,37.4456951955,0.545409560203552,0.5874326297128806,7
2468,11.2040590185,50.6040280025,0.445204496383667,0.5161859078570629,7
2469,-79.3126040275,40.5956950695,0.571522295475006,0.5512332428504692,7
2470,177.8457190195,-37.9543017885,0.556763589382172,0.6088483513188669,7
2471,-95.4376033825,50.0790280235,0.426270067691803,0.444134413232911,7
2472,1.89572605749999,46.0790281835,0.650547802448273,0.5529390654645443,7
2473,23.8707251785,52.7790279155,0.536292731761932,0.499560822054884,7
2474,-82.5542705645,33.0540287045,0.493881285190582,0.52480314255534,7
2475,-89.0626036375,35.1706952865,0.571374535560608,0.5608984307810918,7
2476,-92.5792701635,37.1956952055,0.561594009399414,0.5915978538500628,7
2477,2.54572603150001,46.2540281765,0.603490054607391,0.6048943211600619,7
2478,-94.4126034235,47.8540281125,0.409655094146729,0.45819722337750296,7
2479,-75.7792708355,40.0873617565,0.484038650989532,0.5603455208402276,7
2480,-76.9459374555,37.9456951755,0.473136246204376,0.536877732684769,7
2481,-81.5959372695,43.6040282825,0.569610178470612,0.5250538092646659,7
2482,-94.4709367545,45.6290282015,0.509692192077637,0.5023336638265576,7
2483,-75.4126041835,40.5540284045,0.536768913269043,0.5660527809782487,7
2484,8.0040591465,50.3040280145,0.572181761264801,0.5331654653491793,7
2485,-88.1376036745,31.1706954465,0.514138221740723,0.5168829221566639,7
2486,-94.3459367595,34.0623619975,0.623759388923645,0.5428931205950956,7
2487,-93.6709367865,32.1373620745,0.621816337108612,0.5452255069820146,7
2488,-94.0709367705,32.5456953915,0.540903210639954,0.5403779162483536,7
2489,-81.0292706255,33.8206953405,0.50981867313385,0.531130463012485,7
2490,-83.8876038445,31.0540287845,0.557724237442017,0.5248615096093897,7
2491,-83.7876038485,30.6123621355,0.6672203540802,0.5242950133610592,7
2492,-81.5626039375,27.9373622425,0.676162779331207,0.5647040089438721,7
2493,-94.9209367365,33.0290287055,0.49727588891983,0.5546644664268903,7
2494,-86.4126037435,31.2956954415,0.451086044311523,0.5188708097968358,7
2495,-77.6709374265,35.7206952645,0.494338572025299,0.5286016607902082,7
2496,34.3540580925,58.6123610155,0.422950655221939,0.49638989784734766,7
2497,32.9873914805,64.9956940935,0.502138495445251,0.4705249830143208,7
2498,-124.9959355335,65.0040274265,0.458860605955124,0.45406601071243546,7
2499,-134.3959351575,59.6040276425,0.400529116392136,0.4446828061566204,7
2500,148.0373868785,-25.1126356355,0.647540330886841,0.6523705315949261,7
2501,173.4123858635,-42.6043016025,0.586666464805603,0.6428857084646477,7
2502,5.51239257949999,61.9706942145,0.567638278007507,0.4841531982206546,7
2503,-133.3709351985,58.0956943695,0.449999988079071,0.4917274140657322,7
2504,-130.5959353095,65.2040274185,0.491051554679871,0.45082945711920425,7
2505,-4.54594035150001,40.4790284075,0.343236058950424,0.5831689558727752,7
2506,-5.64594030750001,39.7373617705,0.50644713640213,0.5945488726005252,7
2507,-7.29594024150001,42.1040283425,0.477901041507721,0.5558262706851175,7
2508,-91.5792702035,35.3623619455,0.654269397258759,0.5722949423907238,7
2509,127.8540543525,36.9873618805,0.668275654315948,0.5608555696791064,7
2510,-81.1792706195,39.4873617805,0.624492228031158,0.5491778744684658,7
2511,-85.0042704665,36.8956952175,0.581758081912994,0.5567490835107437,7
2512,-7.22927357750001,43.5206949525,0.589458465576172,0.5586305606863141,7
2513,-7.8959402175,43.7456949435,0.714794754981995,0.5783245301435638,7
2514,-84.8626038055,32.7456953835,0.495093047618866,0.5160585716054786,7
2515,-82.9126038835,38.7790284755,0.591496288776398,0.5601677018171024,7
2516,175.7373857705,-37.5209684725,0.615578532218933,0.5869436365639419,7
2517,-82.3959372375,45.8040281945,0.340107142925262,0.5054298119920202,7
2518,-86.6042704025,38.2623618295,0.608072817325592,0.5746537690528061,7
2519,-82.4209372365,36.6623618935,0.553009927272797,0.5581263354398647,7
2520,-80.2459373235,35.5790286035,0.563840568065643,0.5247882988092782,7
2521,-78.3292707335,37.6373618545,0.548135221004486,0.540110822836265,7
2522,-77.9376040825,38.6623618135,0.421545922756195,0.560377851572335,7
2523,-81.1959372855,44.8040282345,0.338334530591965,0.5063108806504505,7
2524,-96.3876033445,48.9206947365,0.432773262262344,0.46464532414983306,7
2525,-77.2876041085,40.2456950835,0.537821531295776,0.5698060377012963,7
2526,-8.5876068565,41.3790283715,0.703000009059906,0.5455918694736456,7
2527,-81.0626039575,36.5040285665,0.56912499666214,0.5493780112770704,7
2528,-80.8709372985,35.4206952765,0.544892847537994,0.5341898731058722,7
2529,-123.5376022585,44.7706949025,0.45969420671463,0.4911606876727459,7
2530,-106.6042696025,41.0040283865,0.397549152374268,0.4215494432592761,7
2531,-104.9959363335,38.6123618155,0.44176584482193,0.4589851705395502,7
2532,-123.6792689195,45.4956948735,0.422787308692932,0.4920910787357736,7
2533,-106.4209362765,41.4956950335,0.406987935304642,0.4224085228935275,7
2534,-115.5376025785,54.8123611675,0.436784684658051,0.4351637906879911,7
2535,-107.1876029125,36.5373618985,0.520082235336304,0.5094768100310554,7
2536,-111.1709360865,42.5956949895,0.421090871095657,0.44428341793936105,7
2537,-105.2126029915,36.0040285865,0.523808360099792,0.4995494151689362,7
2538,-88.5042703265,30.3873621445,0.622775793075562,0.5055645028600975,7
2539,-78.7209373845,35.4206952765,0.467519730329514,0.5215071672163208,7
2540,-111.9959360535,57.8040277145,0.458860605955124,0.4391645725449984,7
2541,-47.6126052955,-22.2876357485,0.688203573226929,0.5972513093283811,7
2542,-59.9042714705,-2.4043032105,0.702275931835175,0.5977639062418155,7
2543,-48.9626052415,-28.2626355095,0.586738348007202,0.6298252702885534,7
2544,-86.5042704065,46.2123615115,0.63737028837204,0.49714643283715787,7
2545,-85.2792704555,34.2206953245,0.53132563829422,0.5271364299775568,7
2546,0.5790594435,42.9123616435,0.628495216369629,0.5595200809043298,7
2547,-87.9792703475,36.1373619145,0.555236577987671,0.5649626867237542,7
2548,13.6707255865,49.4456947155,0.421053379774094,0.5074804739343503,7
2549,-86.1542704205,44.7123615715,0.435220688581467,0.5082483517387847,7
2550,10.6540590405,56.2540277765,0.475485116243362,0.5060780225990955,7
2551,173.1040525425,-35.1793018995,0.714586853981018,0.5954843034029479,7
2552,-83.5542705245,33.5623620175,0.488634079694748,0.5236025852381992,7
2553,-85.3542704525,33.6040286825,0.540769815444946,0.5232009097936043,7
2554,-79.0542707045,42.6373616545,0.571902394294739,0.538215621065688,7
2555,12.1040589825,50.7040279985,0.480936735868454,0.5269721414059619,7
2556,-88.7209369845,34.1706953265,0.602983474731445,0.5458649329968404,7
2557,-86.9376037225,36.8290285535,0.525990843772888,0.5662758585551023,7
2558,-89.3459369595,31.3873621045,0.539025962352753,0.5371267751957054,7
2559,15.1873921925,67.3206940005,0.541079342365265,0.49070209426469963,7
2560,-107.9126028835,45.1623615535,0.440121561288834,0.4410270463495189,7
2561,-126.3959354775,56.2040277785,0.340912818908691,0.41312284706657404,7
2562,-119.6292690815,37.7456951835,0.381123870611191,0.4480511957340409,7
2563,-114.0126026395,47.9873614405,0.466380685567856,0.4549248484501825,7
2564,20.3207253205,49.2206947245,0.501800894737244,0.5248236760146613,7
2565,-77.9376040825,48.8206947405,0.451745629310608,0.4456650017226714,7
2566,-63.9876046405,51.3206946405,0.457449913024902,0.45630783410529563,7
2567,-77.4876041005,49.5206947125,0.462268203496933,0.4456848900099551,7
2568,-58.0292715455,51.6540279605,0.458860605955124,0.45315019242558036,7
2569,-80.7959373015,50.0040280265,0.458860605955124,0.4452158648964446,7
2570,-122.1959356455,60.4040276105,0.471879422664642,0.4451483129185934,7
2571,-73.7292709175,52.4706945945,0.460678935050964,0.45289851912599466,7
2572,-62.3959380375,53.2040278985,0.456125974655151,0.45630586362767905,7
2573,-78.8292707135,48.7206947445,0.373016446828842,0.4548685513829607,7
2574,-73.9542709085,47.6123614555,0.504824876785278,0.46518411073829685,7
2575,-69.4459377555,47.6956947855,0.392957955598831,0.48970686811406033,7
2576,-73.4542709285,49.1873613925,0.463144898414612,0.448592007223509,7
2577,-73.7709375825,44.2956949215,0.404924988746643,0.5438634066641866,7
2578,-75.3126041875,44.2040282585,0.482490450143814,0.5357103467215263,7
2579,150.3957201175,-34.8543019125,0.776575207710266,0.6532157524829545,7
2580,-89.4209369565,45.4790282075,0.42281112074852,0.49215805039297866,7
2581,11.3040590145,49.4040280505,0.502031743526459,0.503341701979436,7
2582,-74.1376042345,41.4706950345,0.659626841545105,0.5487678832527559,7
2583,10.3040590545,53.5040278865,0.551415145397186,0.5329275814006548,7
2584,-87.7209370245,45.6206948685,0.383658081293106,0.5023683417249669,7
2585,-121.5959356695,53.8040278745,0.367408663034439,0.42856252930702565,7
2586,-123.5959355895,51.4040279705,0.427495509386063,0.4350939091036698,7
2587,-127.9959354135,53.6040278825,0.462470322847366,0.44360549293244866,7
2588,-123.5959355895,49.6040280425,0.421002209186554,0.4360632044515242,7
2589,-68.7792711155,49.3456947195,0.451636224985123,0.4511403309511496,7
2590,-72.1959376455,49.1956947255,0.46004730463028,0.4530981011998836,7
2591,-78.6792707195,48.1623614335,0.448117464780807,0.45090369034936206,7
2592,-107.7292695575,54.9540278285,0.419999986886978,0.42410591262285896,7
2593,-87.1959370455,49.6040280425,0.331811428070068,0.446234241612968,7
2594,-71.4709376745,50.2040280185,0.457021594047546,0.45592015634326233,7
2595,-109.5959361495,54.6040278425,0.397323906421661,0.4229843151132958,7
2596,-114.1459359675,54.8706944985,0.394339174032211,0.4227023201254934,7
2597,-93.3126034675,30.2790288155,0.560758829116821,0.5219486865403494,7
2598,-129.5959353495,55.4040278105,0.464318484067917,0.45002781896654026,7
2599,-51.1209384885,-27.8126355275,0.651315867900848,0.5725399301459536,7
2600,-72.0459376515,41.8790283515,0.503365755081177,0.5291395921142876,7
2601,-93.1959368055,54.4040278505,0.47053062915802,0.44544552298835466,7
2602,11.5957256695,63.7706941425,0.481478005647659,0.49951786029130557,7
2603,-77.6459374275,46.4456948355,0.440683782100677,0.48709933337067357,7
2604,-73.5792709235,44.7790282355,0.598684012889862,0.5343562566622262,7
2605,7.80405915450001,52.3040279345,0.579997360706329,0.5376784879711384,7
2606,-69.0542711045,45.0873615565,0.435944259166718,0.542996207803326,7
2607,-122.1959356455,43.2373616305,0.434403717517853,0.44552799115197145,7
2608,-122.9626022815,48.5623614175,0.45969420671463,0.5571407246548739,7
2609,-122.4209356365,48.8456947395,0.411658376455307,0.5324053770453578,7
2610,9.44572575550001,60.1706942865,0.477901041507721,0.4634979997069428,7
2611,-68.1709378065,52.0706946105,0.456474363803864,0.45794339855951816,7
2612,-98.7959365815,57.2040277385,0.458860605955124,0.4495958016838591,7
2613,29.0790583035,69.1540272605,0.477901041507721,0.5302367099203114,7
2614,-67.1626045135,52.5956945895,0.458860605955124,0.45759675506525177,7
2615,30.2873915885,67.6123606555,0.477901041507721,0.4757276149351612,7
2616,7.80405915450001,53.5040278865,0.469232022762299,0.5272888066977114,7
2617,9.60405908249999,52.8040279145,0.49460107088089,0.5284934197808774,7
2618,-118.1709358065,48.9790280675,0.424061447381973,0.47009582583316645,7
2619,-121.6792689995,46.3456948395,0.460044801235199,0.4607545793091565,7
2620,-115.9959358935,49.4040280505,0.485481470823288,0.44380918075569636,7
2621,-115.5126025795,46.8040281545,0.426482737064362,0.45513182809163505,7
2622,-120.9126023635,46.9123614835,0.44421461224556,0.43786419706323654,7
2623,150.0957201295,62.1373608745,0.509915113449097,0.4569797613739585,7
2624,-98.5542699245,54.8040278345,0.45219475030899,0.44036524725181503,7
2625,-114.7959359415,58.2040276985,0.399531304836273,0.4268346629125757,7
2626,-97.5959366295,54.8040278345,0.454371958971024,0.4422507964672997,7
2627,-72.5792709635,-38.6543017605,0.501340687274933,0.5242725582305195,7
2628,-106.1959362855,55.2040278185,0.46568039059639,0.43556657893793765,7
2629,35.0290580655,59.3123609875,0.495239078998566,0.49147996776801106,7
2630,36.5040580065,62.5706941905,0.564756572246552,0.4715856220761251,7
2631,-70.2959377215,46.7290281575,0.60670804977417,0.461657487997527,7
2632,23.7957251815,59.1206943285,0.477852016687393,0.4834607914600495,7
2633,5.9457258955,52.7873612485,0.617678940296173,0.5299008782549737,7
2634,15.0540588645,68.9873606005,0.59317672252655,0.4999492348229242,7
2635,-78.3876040645,51.5123612995,0.435023933649063,0.4505830327162546,7
2636,-122.9959356135,59.0040276665,0.457770884037018,0.42720096985080985,7
2637,-130.3959353175,67.6040273225,0.420473158359528,0.455824268231381,7
2638,-118.9959357735,61.8040275545,0.39640748500824,0.45420438060312085,7
2639,-120.5959357095,58.6040276825,0.506759881973267,0.43624715389741475,7
2640,141.8290537935,63.0623608375,0.469838380813599,0.4457070089907384,7
2641,32.4040581705,66.1540273805,0.481844514608383,0.4757872801303178,7
2642,-72.8042709545,-50.4543012885,0.515652656555176,0.49162383009524613,7
2643,-76.3459374795,38.0706951705,0.530995607376099,0.5364136760407522,7
2644,-106.7376029305,47.6623614535,0.466602772474289,0.47278859773026616,8
2645,-2.67927375950001,41.5706950305,0.518079936504364,0.6036076759552808,8
2646,-0.970940494500013,37.9290285095,0.606798827648163,0.6282089185076049,8
2647,-118.6292691215,34.9123619635,0.699999988079071,0.5758393702139599,8
2648,-1.14594048750001,41.7873616885,0.430141657590866,0.5943514707876288,8
2649,-115.1542692605,36.7623618895,0.48439833521843,0.529811271453131,8
2650,-113.9376026425,35.7956952615,0.50061297416687,0.5580093619554155,8
2651,-66.2876045485,-17.2959692815,0.497124999761581,0.6251309698744922,8
2652,12.8040589545,47.8040281145,0.447475552558899,0.528482284443236,8
2653,10.1040590625,52.3040279345,0.480583369731903,0.5405611868119672,8
2654,-2.07927378350001,46.8040281545,0.5223109126091,0.5611108585119846,8
2655,-111.3876027445,35.0206952925,0.497959613800049,0.5220184880072806,8
2656,-118.8209357805,43.7290282775,0.45534560084343,0.4508973684936913,8
2657,-121.1709356865,41.7706950225,0.512682497501373,0.4881883277631005,8
2658,149.4957201535,-26.8209689005,0.576183140277863,0.6607994742725039,8
2659,-103.0542697445,41.4623617015,0.440121561288834,0.4855519644355529,8
2660,-99.2126032315,33.4123620235,0.724089205265045,0.6838762319301208,8
2661,-102.1709364465,37.4623618615,0.408438384532928,0.5212757112060414,8
2662,-101.2126031515,41.1540283805,0.397771030664444,0.489122151746092,8
2663,-109.6876028125,48.0623614375,0.440121561288834,0.4698133808397034,8
2664,144.6207203485,-35.3626352255,0.714345395565033,0.6629646163599273,8
2665,-100.7209365045,39.7706951025,0.565334677696228,0.4940990509907199,8
2666,-89.5792702835,39.2540284565,0.590444147586823,0.5877190448017964,8
2667,-104.1792696995,45.6456948675,0.452915400266647,0.4726824551804419,8
2668,-1.62927380150001,38.2206951645,0.606798827648163,0.6367516291803543,8
2669,-2.25427377650001,40.6123617355,0.614486873149872,0.5971024054679686,8
2670,-15.7042732385,27.920695576500002,0.610000014305115,0.617153133381205,8
2671,-3.2792737355,36.9623618815,0.556367635726929,0.5913702508492006,8
2672,-4.59594034950001,36.6123618955,0.586789786815643,0.5970255751319671,8
2673,-2.6959404255,39.0123617995,0.519999980926514,0.5793956164187704,8
2674,1.2707260825,41.5456950315,0.661608040332794,0.6152987153926439,8
2675,-116.9959358535,42.5040283265,0.512682497501373,0.47712291874658447,8
2676,-115.7292692375,41.8123616875,0.786750555038452,0.48822748408781164,8
2677,-121.4292690095,44.7873615685,0.440121561288834,0.531794173783226,8
2678,-103.6292697215,30.0040288265,0.570442020893097,0.6338115339286924,8
2679,-99.1292699015,27.4123622635,0.724089205265045,0.6983287886891516,8
2680,-101.6542698005,30.2956954815,0.570442020893097,0.6461551384314133,8
2681,-102.7792697555,29.5456955115,0.724089205265045,0.6602259029342513,8
2682,-107.5209362325,33.1873620325,0.57064163684845,0.574479934874086,8
2683,-90.1292702615,45.6040282025,0.499097108840942,0.48071209336199,8
2684,-89.5709369505,37.4873618605,0.57515025138855,0.5853916200393199,8
2685,-94.1626034335,35.3373619465,0.560598134994507,0.5822715651368687,8
2686,10.5040590465,49.3040280545,0.502216815948486,0.5508941000879696,8
2687,7.25405917649999,48.9040280705,0.472829043865204,0.5833998030672007,8
2688,-87.4209370365,40.2206950845,0.568111538887024,0.587931529702846,8
2689,-89.5126036195,44.9706948945,0.6624955534935,0.5145418482507363,8
2690,-0.112607195500004,49.1123613955,0.614486873149872,0.5805811426656539,8
2691,-82.4209372365,40.7956950615,0.592928111553192,0.5748017281822057,8
2692,5.22905925750001,49.0790280635,0.643179416656494,0.5944244240113895,8
2693,-75.9126041635,44.0206949325,0.476000010967255,0.553577743181652,8
2694,-105.4292696495,33.6206953485,0.459430903196335,0.48000799889549467,8
2695,-117.2042691785,45.6540282005,0.440121561288834,0.45733970712970695,8
2696,-110.6209361085,43.4873616205,0.405317425727844,0.4204095026748835,8
2697,-111.5459360715,33.9790286675,0.524790823459625,0.5589971190327022,8
2698,-105.3626029855,41.2873617085,0.442785680294037,0.46458821437459474,8
2699,29.1123916355,58.5456943515,0.601725876331329,0.49655333207501257,8
2700,-127.9959354135,65.4040274105,0.429250866174698,0.4516560044123375,8
2701,150.0040534665,-31.7376353705,0.755907118320465,0.6473194361441833,8
2702,-112.3209360405,44.4290282495,0.441231220960617,0.4318230115579725,8
2703,-95.5542700445,34.0373619985,0.615150451660156,0.5651901008803545,8
2704,-96.7959366615,39.0790284635,0.690171599388123,0.54567904580404,8
2705,-96.5709366705,38.4873618205,0.580284774303436,0.544768292280918,8
2706,-112.4042693705,47.4873614605,0.418509840965271,0.4677043225639333,8
2707,-95.8959366975,37.4123618635,0.582984149456024,0.5821919838046493,8
2708,-93.2209368045,41.4206950365,0.563702940940857,0.5311671850072475,8
2709,-89.1709369665,41.9706950145,0.43077427148819,0.5491301435377902,8
2710,-93.9126034435,44.1290282615,0.509296894073486,0.5280207834642293,8
2711,-96.9792699875,40.7040283985,0.562589347362518,0.5321556522485666,8
2712,-91.8959368575,39.4290284495,0.690086662769318,0.5991078578443413,8
2713,-96.3709366785,45.2123615515,0.470854640007019,0.5226504701409255,8
2714,-89.3126036275,41.1123617155,0.564818739891052,0.5674038425435222,8
2715,-95.6959367055,42.3123616675,0.565609216690063,0.5321864611529505,8
2716,-92.6542701605,40.9623617215,0.608456313610077,0.5548936308697211,8
2717,-96.3792700115,46.9206948165,0.629999995231628,0.49067774231849304,8
2718,-98.0292699455,47.1706948065,0.508163154125214,0.49414874459006985,8
2719,-97.4792699675,38.9706951345,0.632960021495819,0.5324122718608769,8
2720,-95.7209367045,35.7706952625,0.598983943462372,0.6022277917991866,8
2721,-96.6292700015,40.1206950885,0.490000009536743,0.5363623398882065,8
2722,-98.1126032755,41.0123617195,0.417026489973068,0.5119763129184793,8
2723,-87.1376037145,41.3873617045,0.56632000207901,0.5513814272915495,8
2724,-93.0459368115,42.3790283315,0.593441307544708,0.5249650141254212,8
2725,-92.2209368445,41.8373616865,0.629060685634613,0.5335475313127273,8
2726,-4.70427367850002,38.8706951385,0.586789786815643,0.5921348280780462,8
2727,35.9957246935,35.8706952585,0.511049747467041,0.6112615288705229,8
2728,8.86239244550001,39.0206951325,0.726745367050171,0.6179507026346869,8
2729,-5.82094030050001,41.9873616805,0.396124988794327,0.570660007732348,8
2730,9.4540590885,42.1290283415,0.399835050106049,0.5931316318221992,8
2731,17.0707254505,39.1456951275,0.703000009059906,0.607362408203833,8
2732,-112.2292693775,40.4290284095,0.34101402759552,0.4343082755375775,8
2733,-68.9959377735,-12.5959694695,0.573096752166748,0.6042843584788845,8
2734,-93.1376034745,46.4706948345,0.405059814453125,0.47619933027963973,8
2735,152.4457200355,-25.4293022895,0.73044753074646,0.6841735019429482,8
2736,152.2373867105,-29.5376354585,0.670002996921539,0.6864334639890025,8
2737,152.2623867095,-28.9626354815,0.748126864433289,0.7002245411738423,8
2738,30.9957248935,57.1040277425,0.601725876331329,0.4890823419878781,8
2739,-89.8792702715,46.7623614895,0.561141610145569,0.49942611355062205,8
2740,-91.4626035415,30.4040288105,0.504652678966522,0.550595179505595,8
2741,-86.8376037265,38.6706951465,0.680499732494354,0.5794226606766882,8
2742,-96.2959366815,50.0206946925,0.500921607017517,0.4570310204488232,8
2743,28.3873916645,56.2373611105,0.492037355899811,0.49361197073483615,8
2744,-91.7126035315,47.0373614785,0.480251640081406,0.47585055190475756,8
2745,5.97905922749999,50.7623613295,0.762091755867004,0.5624026482869491,8
2746,127.1790543795,36.6956952255,0.686359882354736,0.554665017525689,8
2747,10.3457257195,57.0790277435,0.390979200601578,0.5232584159686665,8
2748,0.237392790499996,45.4956948735,0.556841254234314,0.6058013370480338,8
2749,127.3123877075,37.2373618705,0.591005444526672,0.5563125431094252,8
2750,2.95405934850001,47.0123614795,0.614486873149872,0.5936773851704128,8
2751,1.50405940650001,49.3623613855,0.682179033756256,0.5819558473011306,8
2752,-87.4459370355,37.2956952015,0.505558550357819,0.5758395231815592,8
2753,-86.8626037255,35.8623619255,0.517788648605347,0.5785575000329175,8
2754,-1.0626071575,45.6623615335,0.644990861415863,0.5666806340817884,8
2755,-91.7042701985,32.7956953815,0.518528163433075,0.5661495513939641,8
2756,7.80405915450001,48.4040280905,0.592965185642242,0.5550550888459096,8
2757,-90.6709369065,35.6373619345,0.609904110431671,0.5940369758291077,8
2758,2.40405937049999,48.4873614205,0.642861545085907,0.6153763646094975,8
2759,11.1873923525,54.9040278305,0.54754501581192,0.5398227854146718,8
2760,10.5623923775,45.8873615245,0.425891399383545,0.4772302287155466,8
2761,-83.2542705365,29.6373621745,0.44200000166893,0.5444512867747436,8
2762,9.89572573749999,45.7373615305,0.642878770828247,0.5727809242199413,8
2763,8.62905912150001,45.6790281995,0.591693997383118,0.5711173533775239,8
2764,-123.1959356055,52.2040279385,0.427060097455978,0.45065041635289554,8
2765,96.9957222535,28.2956955615,0.532500028610229,0.5365188649721104,8
2766,37.6373912945,-3.32930317350001,0.476823478937149,0.6485720315166967,8
2767,-96.8126033275,32.3040287345,0.646475255489349,0.6175971840175082,8
2768,-106.5959362695,53.0040279065,0.394288152456284,0.4608825559487386,8
2769,-97.5126032995,47.9873614405,0.409914463758469,0.4924050969315542,8
2770,-98.2792699355,32.2873620685,0.6938236951828,0.6625632415247406,8
2771,-93.0709368105,38.8040284745,0.552049815654755,0.6071473344081514,8
2772,-97.4959366335,46.6623614935,0.470958739519119,0.5067018602040629,8
2773,31.7373915305,-28.2793021755,0.685631155967712,0.663081744055882,8
2774,36.1040580225,7.27069640249999,0.610633730888367,0.5846109884994498,8
2775,13.9123922435,66.2206940445,0.444185197353363,0.5012580303427484,8
2776,-118.3209358005,35.4206952765,0.410976946353912,0.495324710089888,8
2777,12.0290589855,43.3790282915,0.668683648109436,0.6039443251537525,8
2778,-117.4792691675,33.6956953455,0.701318442821503,0.6146497610796883,8
2779,12.0790589835,42.2290283375,0.656304121017456,0.6169017739132824,8
2780,-120.3626023855,35.2956952815,0.75,0.6379755278146182,8
2781,15.7373921705,40.3456950795,0.781321942806244,0.6102493450310458,8
2782,5.87905923150001,43.3956949575,0.785695493221283,0.6167701639640674,8
2783,-11.2792734155,7.3790297315,0.609445154666901,0.5717234277728174,8
2784,4.1957259655,47.0540281445,0.47286382317543,0.5601426878348365,8
2785,-83.1792705395,32.7956953815,0.430136561393738,0.5328705088286937,8
2786,-83.8376038465,32.8873620445,0.542123317718506,0.5227699278389323,8
2787,-87.6126036955,35.7540285965,0.523725032806396,0.5665911561579551,8
2788,-83.4626038615,37.1873618725,0.584741234779358,0.5474101740136967,8
2789,-82.0292705855,37.2540285365,0.467502862215042,0.5484875828095822,8
2790,-77.1709374465,38.9706951345,0.550416231155396,0.555662301601551,8
2791,-87.1126037155,33.3290286935,0.536447644233704,0.5272060438778047,8
2792,-83.2542705365,37.6290285215,0.546182870864868,0.5501425211308165,8
2793,174.9457191355,-38.3376351065,0.578507661819458,0.594106925373364,8
2794,-90.9292702295,37.8123618475,0.573518395423889,0.5716175301417008,8
2795,8.10405914250001,51.2040279785,0.442867159843445,0.5324668127221507,8
2796,-86.4959370735,33.5790286835,0.516038298606873,0.531333226474879,8
2797,-87.7126036915,34.0290286655,0.536301970481873,0.5349569656555592,8
2798,6.4207258765,48.0540281045,0.56299501657486,0.5624336353749472,8
2799,-76.6126041355,45.5873615365,0.4156454205513,0.5091816339125578,8
2800,-81.6209372685,33.8040286745,0.587180733680725,0.5258013565197908,8
2801,174.9207191365,-37.4709684745,0.653838932514191,0.6259742876854475,8
2802,175.5873857765,-40.7709683425,0.724995374679565,0.6133787746825575,8
2803,94.5707223505,28.1206955685,0.553742229938507,0.5269886266049583,8
2804,8.0040591465,49.7040280385,0.636418581008911,0.585889939174044,8
2805,-93.5376034585,47.8373614465,0.417511403560638,0.45771534448938567,8
2806,-93.3042701345,32.7123620515,0.500677406787872,0.5318779128749902,8
2807,-123.9959355735,41.9373616825,0.45429739356041,0.5252478575528475,8
2808,-86.0542704245,30.8040287945,0.48646068572998,0.5383956196725058,8
2809,14.7790588755,68.4206939565,0.595478892326355,0.5003668627145939,8
2810,-92.1626035135,31.8373620865,0.656645238399506,0.551328747747065,8
2811,-151.5542678045,59.2373609905,0.390979200601578,0.4714261047746925,8
2812,-121.3959356775,55.2040278185,0.427932471036911,0.4241232930046928,8
2813,-80.4459373155,34.1123619955,0.493870288133621,0.518240825635445,8
2814,-127.9959354135,59.6040276425,0.451787263154984,0.4272848735548362,8
2815,-126.5959354695,60.0040276265,0.439750850200653,0.4397563079271045,8
2816,-123.3959355975,63.0040275065,0.458860605955124,0.4506068075128357,8
2817,-125.3959355175,63.8040274745,0.456740319728851,0.4498915508423537,8
2818,30.4873915805,58.5456943515,0.453878432512283,0.49781964067960055,8
2819,145.4790536475,-17.6126359355,0.771961212158203,0.6479934134037578,8
2820,171.4373859425,-43.5293015655,0.64666211605072,0.5636774733285649,8
2821,-2.54594043150001,38.2706951625,0.614486873149872,0.5726515053892252,8
2822,-122.9959356135,38.7123618115,0.543106436729431,0.5960611541902325,8
2823,-109.4459361555,37.9040285105,0.350161731243134,0.4803307851788745,8
2824,-52.3959384375,-12.7959694615,0.665852546691895,0.566579806863574,8
2825,4.63739261449999,49.9540280285,0.452098906040192,0.5638241118408998,8
2826,-78.6126040555,39.9706950945,0.561650156974792,0.5568495975126525,8
2827,15.2707255225,50.9290279895,0.420257836580276,0.49925519399235746,8
2828,-87.6876036925,31.6373620945,0.436575710773468,0.548673479764818,8
2829,-81.8042705945,38.6706951465,0.577304661273956,0.5541446668545313,8
2830,-80.0792706635,36.8623618855,0.544877231121063,0.5297160743970994,8
2831,177.0123857195,-38.4376351025,0.591195821762085,0.6194782408344428,8
2832,167.8040527545,-46.2293014575,0.660904407501221,0.6179546196163969,8
2833,176.5290524055,-38.8709684185,0.717086851596832,0.6074244156673138,8
2834,-79.8876040045,36.4373619025,0.523181200027466,0.5266874092711542,8
2835,-95.5126033795,34.5040286465,0.577402532100677,0.568726510439743,8
2836,13.2040589385,52.8040279145,0.497319102287292,0.5283683269162832,8
2837,-82.5542705645,39.2956951215,0.605467975139618,0.5588088800074485,8
2838,-84.3292704935,35.8290285935,0.537613928318024,0.5491234165645738,8
2839,-81.6626039335,35.7290285975,0.525974869728088,0.5374210780145459,8
2840,-86.2626037495,37.3623618655,0.532510995864868,0.577551918134593,8
2841,-85.6376037745,36.3040285745,0.574920356273651,0.5659366951498275,8
2842,8.84572577949999,47.3123614675,0.488598585128784,0.553157841171428,8
2843,-79.0626040375,35.8873619245,0.504740417003632,0.5362471231192462,8
2844,17.5707254305,48.7123614115,0.570574641227722,0.5732307473776873,8
2845,-107.3792695715,39.2290284575,0.420070886611938,0.43372848033336475,8
2846,-123.0959356095,42.7706949825,0.397673368453979,0.5119331343004284,8
2847,-110.2126027915,45.0373615585,0.437180012464523,0.4349574653761193,8
2848,-106.0542696245,40.7706950625,0.405985414981842,0.4273643044293761,8
2849,-106.2876029485,36.7706952225,0.437700718641281,0.43565005395894746,8
2850,-120.9542690285,42.2456950035,0.440121561288834,0.4597264922646734,8
2851,-106.8292695935,38.2540284965,0.45969420671463,0.42859777905455165,8
2852,-117.9959358135,53.6040278825,0.413975834846497,0.4230130123233711,8
2853,-121.5959356695,50.8040279945,0.45969420671463,0.4653570202019742,8
2854,-105.1959363255,37.5540285245,0.392515927553177,0.4334590708749221,8
2855,-78.2459374035,35.7206952645,0.440055519342422,0.525593337040827,8
2856,-102.0542697845,52.2790279355,0.419645637273788,0.42981970242826734,8
2857,28.8123916475,59.1206943285,0.477901041507721,0.485120679135376,8
2858,21.2373919505,69.9623605615,0.591212034225464,0.5371645941282172,8
2859,-5.0876069965,42.7373616505,0.477901041507721,0.564928911609609,8
2860,-87.2459370435,32.6873620525,0.574293315410614,0.5367514124730326,8
2861,-79.9709373345,35.1706952865,0.569838643074036,0.5302733253376456,8
2862,-84.8209371405,33.2456953635,0.490043997764587,0.5154519958256479,8
2863,-76.3292708135,42.1373616745,0.461614549160004,0.5513772858821483,8
2864,-85.1959371255,43.5123616195,0.480394750833511,0.5254585351866475,8
2865,-82.5042705665,43.0290283055,0.570877969264984,0.5235053222481321,8
2866,-120.7126023715,39.4540284485,0.404512286186218,0.44440012977973836,8
2867,-92.2459368435,33.8540286725,0.517965853214264,0.5393137244615923,8
2868,-93.2209368045,33.7540286765,0.561387956142426,0.53446100237895,8
2869,-110.5209361125,42.9040283105,0.348230540752411,0.4202508579938934,8
2870,-113.0626026775,45.4123615435,0.427060097455978,0.42777593537639697,8
2871,-112.3042693745,46.4956948335,0.426358550786972,0.4294665366077611,8
2872,5.58739257650001,59.9290276295,0.477901041507721,0.48235845261318633,8
2873,-119.8876024045,39.3123617875,0.411370038986206,0.45200416331843746,8
2874,-121.7959356615,41.5040283665,0.41528445482254,0.4391771154674487,8
2875,-113.8042693145,47.5040281265,0.45265057682991,0.44392457044982325,8
2876,-89.6792702795,30.9373621225,0.537664175033569,0.5345299733145702,8
2877,19.5290586855,48.8040280745,0.62720400094986,0.5509441909591616,8
2878,-114.4876026205,48.5456947515,0.415349245071411,0.44914009282334133,8
2879,-79.2209373645,49.3623613855,0.431596964597702,0.44057325366545197,8
2880,-58.6376048545,51.3123613075,0.443140536546707,0.47040177258566607,8
2881,-144.4876014205,61.4706942345,0.43362957239151,0.4587610152464409,8
2882,16.4707254745,68.8956939375,0.591212034225464,0.5358244817191488,8
2883,-7.04594025150001,41.6790283595,0.661261737346649,0.5727910638874535,8
2884,2.35405937249999,42.6790283195,0.642639815807343,0.5888387458882287,8
2885,95.6040556425,27.9873622405,0.606674313545227,0.5177143219125192,8
2886,-78.3626040655,46.3123615075,0.39870822429657,0.48680793979297327,8
2887,-88.2209370045,46.6123614955,0.441062867641449,0.46577853220310894,8
2888,-73.2959376015,46.6456948275,0.440249592065811,0.49001881486252574,8
2889,-70.0376043985,47.1540281405,0.484791189432144,0.48649120951400343,8
2890,-67.3876045045,45.1123615555,0.629982531070709,0.49602198688465404,8
2891,-72.7709376225,48.5873614165,0.417147278785706,0.44940692843049296,8
2892,-74.4209375565,42.0706950105,0.696961283683777,0.5384929196537654,8
2893,-71.4126043435,43.8373616065,0.749737322330475,0.49878140747824856,8
2894,-69.1376044345,47.0206948125,0.695680141448975,0.4707704658457491,8
2895,-73.0792709435,43.0373616385,0.593848884105682,0.5297649500086065,8
2896,-70.8626043655,42.9873616405,0.402833580970764,0.5173535279527592,8
2897,-70.8959376975,46.5206948325,0.451581299304962,0.5183207177433024,8
2898,-83.5959371895,46.8040281545,0.454467982053757,0.4676952830928455,8
2899,171.4790526075,-42.0876349565,0.610975325107574,0.5968287116741118,8
2900,-65.7959379015,44.0040282665,0.445793837308884,0.49273097435342145,8
2901,8.80405911450001,51.0040279865,0.522420585155487,0.5363240099675194,8
2902,18.5290587255,53.5123612195,0.478143006563187,0.5198278657329153,8
2903,9.7457257435,56.4123611035,0.402241140604019,0.5162897560398895,8
2904,-62.7959380215,46.4040281705,0.493421524763107,0.4858331187557226,8
2905,-78.1209374085,34.5456953115,0.493150442838669,0.5245367560597176,8
2906,12.0290589855,47.0040281465,0.487532556056976,0.4585442672077516,8
2907,-116.9959358535,49.6040280425,0.345605581998825,0.47761271215454587,8
2908,-120.7959357015,52.2040279385,0.344171434640884,0.4338490538762882,8
2909,-124.5959355495,51.8040279545,0.427060097455978,0.43596706529660034,8
2910,-121.5959356695,50.0040280265,0.44571116566658,0.4972661273111634,8
2911,-121.9959356535,49.6040280425,0.455679714679718,0.46552766896573267,8
2912,-71.9792709875,41.0290283855,0.539879322052002,0.54137907621571,8
2913,-79.2292706975,33.9373620025,0.552843570709229,0.5234169578130775,8
2914,-71.0042710265,49.8540280325,0.429779887199402,0.460744921029297,8
2915,-68.7876044485,50.8540279925,0.457611590623856,0.4567036177657857,8
2916,-72.1959376455,49.9623613615,0.413724541664124,0.4511149217540091,8
2917,-92.7959368215,52.2040279385,0.458860605955124,0.4476550297712149,8
2918,-97.3959366375,51.7290279575,0.458860605955124,0.4475713464502899,8
2919,-102.0959364495,53.3290278935,0.417040884494781,0.42472206623940206,8
2920,-114.1959359655,57.2040277385,0.410386502742767,0.42991986132282567,8
2921,-93.9959367735,50.8040279945,0.484801054000854,0.44371914589807115,8
2922,-88.5959369895,51.4040279705,0.460965722799301,0.4478998086648526,8
2923,-90.9959368935,50.4040280105,0.464058756828308,0.44283603914434594,8
2924,-67.2292711775,47.9206947765,0.587142109870911,0.4984736650425571,8
2925,-108.7709361825,54.4373611825,0.446531534194946,0.42431883415650834,8
2926,-5.76260696950001,37.3123618675,0.685999989509583,0.6462401391016195,8
2927,-50.3126051875,-26.8209689005,0.592641115188599,0.5712241491899424,8
2928,-50.7626051695,-28.1709688465,0.677389144897461,0.6168788531932017,8
2929,-90.0459369315,31.6290287615,0.588452160358429,0.5334477363955801,8
2930,-70.0542710645,44.1790282595,0.481173396110535,0.5096116085992818,8
2931,-92.0542701845,45.8456948595,0.394814133644104,0.4777366465588701,8
2932,-91.1209368885,46.5623614975,0.426823019981384,0.4936568907440067,8
2933,3.74572598349999,44.8623615655,0.478941380977631,0.5416510156140331,8
2934,-122.7959356215,54.6040278425,0.392838031053543,0.4240038848159369,8
2935,-89.7959369415,30.4956954735,0.458489865064621,0.5332691576319154,8
2936,-81.1709372865,26.6373622945,0.39712381362915,0.5308865496377659,8
2937,10.2707257225,62.9456941755,0.420257836580276,0.49918473244043937,8
2938,10.9790590275,62.1956942055,0.420967280864716,0.47726827697242197,8
2939,-100.7959365015,54.6040278425,0.442057609558105,0.43912305016383363,8
2940,-101.4376031425,56.6706944265,0.419999986886978,0.4454066145280693,8
2941,-65.1876045925,48.6706947465,0.471309632062912,0.4552240335891711,8
2942,-66.4792712075,48.5373614185,0.449411004781723,0.47774133400868274,8
2943,146.3790536115,62.0873608765,0.427806884050369,0.454660177747969,8
2944,-75.5292708455,47.3956947975,0.445590704679489,0.45178888486885915,8
2945,22.5957252295,58.8790276715,0.496437698602676,0.4764005499599569,8
2946,-65.9959378935,47.8040281145,0.463362991809845,0.48712372111929825,8
2947,-72.2792709755,51.7206946245,0.458639025688171,0.4616303629824293,8
2948,146.8290535935,64.8540274325,0.411218255758286,0.45759496358458723,8
2949,30.2790582555,66.4623607015,0.454172223806381,0.4701511149186552,8
2950,-82.5959372295,50.0040280265,0.466020077466965,0.443862565787656,8
2951,32.6790581595,68.7456939435,0.483443647623062,0.5227694413067479,8
2952,-96.5959366695,52.2040279385,0.507142841815948,0.44409902632291187,8
2953,-77.8042707545,47.6623614535,0.463125705718994,0.4574990409864486,8
2954,28.8457249795,70.1790272195,0.591212034225464,0.5432564350591506,8
2955,-8.9459401755,39.8040284345,0.50644713640213,0.6105303632124004,8
2956,-74.9709375345,49.1373613945,0.448724716901779,0.45211794930490695,8
2957,-75.2792708555,48.6540280805,0.445789813995361,0.4491229716598543,8
2958,-92.6709368265,47.3790281315,0.49216902256012,0.4521882691822067,8
2959,3.95405930850001,51.2373613105,0.396124988794327,0.5450513441820438,8
2960,-115.9876025605,48.1623614335,0.361573249101639,0.43702453458933743,8
2961,-122.0542689845,46.9540281485,0.460033714771271,0.4998567211160377,8
2962,-114.8042692745,47.5206947925,0.451104938983917,0.46061264431922766,8
2963,-114.3292692935,46.5623614975,0.352205544710159,0.43899953795271124,8
2964,-77.0126041195,48.5790280835,0.459519922733307,0.44629912555315404,8
2965,-78.4209373965,50.5540280045,0.458860605955124,0.44743343459756174,8
2966,-111.3959360775,56.4040277705,0.370948135852814,0.42986501144254624,8
2967,-108.7959361815,56.2040277785,0.427141487598419,0.430809931009178,8
2968,-0.387607184500013,43.8873616045,0.462533622980118,0.573347090299563,8
2969,-83.6709371865,30.1123621555,0.43110391497612,0.5516866971821912,8
2970,36.7290579975,66.3206940405,0.575871050357819,0.4723172123165269,8
2971,-4.8042736745,41.2790283755,0.554035007953644,0.5550530016047667,8
2972,-71.3876043445,45.1706948865,0.745072543621063,0.5156978584585937,8
2973,-127.5959354295,52.2040279385,0.423810482025146,0.4678694153424146,8
2974,-124.5959355495,49.0040280665,0.444016635417938,0.48248809070044596,8
2975,150.4207201165,66.9373606825,0.458860605955124,0.4658013128836411,8
2976,-133.1542685405,56.5206944325,0.454905927181244,0.45911352951252704,8
2977,-132.2209352445,55.3123611475,0.42389440536499,0.45308113356952323,8
2978,-133.2709352025,55.7290277975,0.437981486320496,0.4794815780919045,8
2979,-76.6626041335,52.0706946105,0.459678530693054,0.45009717929217097,8
2980,-123.5959355895,59.8040276345,0.467698276042938,0.44011414884997274,8
2981,-129.5959353495,68.2040272985,0.420473158359528,0.4609699340056919,8
2982,142.4707204345,63.4623608215,0.458860605955124,0.4582299997274633,8
2983,30.7457249035,57.5373610585,0.601725876331329,0.48449015201341816,8
2984,-90.5709369105,46.9456948155,0.508370757102966,0.49392338171386513,8
2985,10.8623923655,60.8123609275,0.420257836580276,0.47383555956196577,8
2986,-79.8626040055,9.1623629935,0.563436627388,0.5576040325662723,8
2987,-113.1376026745,43.7623616095,0.45969420671463,0.44548511084936615,9
2988,-104.3542696925,37.8540285125,0.554295420646667,0.5098215116407006,9
2989,-103.4792697275,46.6040281625,0.446456789970398,0.48401318605592325,9
2990,-107.4792695675,47.7373614505,0.430830717086792,0.47191841515279614,9
2991,-2.15427378050001,41.1706950465,0.728489995002747,0.588517576432422,9
2992,-117.5209358325,39.0290284655,0.486524611711502,0.5034094252702753,9
2993,-113.8792693115,37.1956952055,0.48439833521843,0.5197699402879277,9
2994,-108.8792695115,38.4706951545,0.518538475036621,0.5104139625564909,9
2995,-88.9709369745,37.9206951765,0.651059687137604,0.5707206074776643,9
2996,14.4040588905,51.5040279665,0.483553528785706,0.523965112875017,9
2997,7.03739251849998,53.2956945615,0.615914940834045,0.5631198806975926,9
2998,11.3040590145,52.0040279465,0.608429372310638,0.5497109066658366,9
2999,-118.4126024635,44.1373615945,0.445657074451447,0.44307965212657185,9
0,-149.5876012165,60.1623609535,0.449999988079071,0.46487925014578046,0
1,148.7290535175,-26.2793022555,0.597152650356293,0.6579328519459436,0
2,-106.0292696255,43.3956949575,0.444568485021591,0.4776279439570156,0
3,-105.1292696615,46.4123615035,0.440121561288834,0.473530464857948,0
4,-100.7626031695,32.3623620655,0.724089205265045,0.6273552670019499,0
5,-106.7126029315,44.9040282305,0.466602772474289,0.47835370762200163,0
6,3.33739266649999,43.3956949575,0.642639815807343,0.5911261214449317,0
7,-0.4126071835,39.6456951075,0.606798827648163,0.611383259052147,0
8,-112.5792693635,40.0623617575,0.643438696861267,0.5087617317271953,0
9,-109.3876028245,35.4290286095,0.569540679454803,0.5256099365830014,0
10,-0.770940502499997,49.3290280535,0.624452471733093,0.5742530573377634,0
11,4.9707259345,52.8540279125,0.662574410438538,0.5440407153752097,0
12,-104.7792696755,32.1373620745,0.542123019695282,0.5670773030402315,0
13,-104.9459363355,37.9956951735,0.440121561288834,0.48903605312447235,0
14,-112.4292693695,35.2790286155,0.539541721343994,0.5493259476086021,0
15,-107.7626028895,32.7706953825,0.644307017326355,0.5575610104193583,0
16,-117.2709358425,44.6706949065,0.467338681221008,0.4677796546187211,0
17,150.4623867815,-26.3626355855,0.599904358386993,0.6504772569904669,0
18,-96.0542700245,29.1456955275,0.531750023365021,0.5693288352482053,0
19,144.4040536905,-35.8209685405,0.714345395565033,0.666770008198823,0
20,-111.1292694215,48.8456947395,0.429403185844421,0.43383536237880893,0
21,-104.6126030155,44.9706948945,0.464848607778549,0.46794450115179836,0
22,-99.1126032355,34.5623619775,0.701229393482208,0.6253502240519544,0
23,-97.4542699685,29.3040288545,0.723848104476929,0.6726471581667762,0
24,-88.6376036545,38.9373618025,0.599806129932404,0.5704262576069177,0
25,-118.8542691125,34.4290286495,0.666599988937378,0.6579928882446389,0
26,-1.60427380249999,37.5373618585,0.606798827648163,0.6152272013682495,0
27,-6.09594028949999,36.3373619065,0.586789786815643,0.6218862440322507,0
28,-0.920940496500009,41.3623617055,0.606798827648163,0.5993245750340843,0
29,-114.5626026175,39.3956951175,0.396251827478409,0.4614528831528138,0
30,-114.2542692965,38.3290284935,0.485766559839249,0.5100337618261036,0
31,-117.0876025165,36.9290285495,0.491808652877808,0.5097179666452127,0
32,-118.9292691095,42.6790283195,0.512682497501373,0.48783616683145925,0
33,-117.6792691595,41.5873616965,0.392515927553177,0.44907695514964263,0
34,-53.5959383895,-26.9543022285,0.486569672822952,0.5717505973725933,0
35,-98.2542699365,28.6290288815,0.682161033153534,0.7001603626123218,0
36,175.5290524455,-36.7376351705,0.640231490135193,0.593530972476169,0
37,-78.7292707175,43.0956949695,0.572129487991333,0.5263282720625614,0
38,21.3457252795,54.9873611605,0.471427619457245,0.5093915299178328,0
39,-122.5542689645,45.8540281925,0.44218385219574,0.5088696506421213,0
40,-79.9126040035,42.1123616755,0.54631644487381,0.5510821344455945,0
41,6.1290592215,48.6456947475,0.685117483139038,0.603453073159357,0
42,9.20405909850001,50.6040280025,0.5430588722229,0.5323309629926851,0
43,-75.8542708325,42.9123616435,0.56126743555069,0.5337487236216536,0
44,11.6040590025,47.9040281105,0.438842236995697,0.526283023761911,0
45,-85.7126037715,42.5706949905,0.556675791740417,0.5180105683224199,0
46,8.20405913849999,49.2040280585,0.51903510093689,0.5692390570921521,0
47,1.2707260825,45.1206948885,0.6217240691185,0.6068563588687782,0
48,-90.7126035715,44.8540282325,0.5609250664711,0.5145490098776784,0
49,-85.0542704645,42.7290283175,0.55160665512085,0.5179331786508219,0
50,1.26239274950001,43.6623616135,0.627904653549194,0.605816157289312,0
51,1.8623927255,43.2873616285,0.642639815807343,0.6068879396241498,0
52,-84.4792704875,40.1540284205,0.760745108127594,0.574752131766205,0
53,4.5623926175,48.0123614395,0.670366048812866,0.6212418202141503,0
54,-89.0376036385,36.7540285565,0.761621713638306,0.5707767559872124,0
55,11.5040590065,51.5040279665,0.63588935136795,0.5534881970018145,0
56,-85.6709371065,40.6623617335,0.580972790718079,0.5721610873506967,0
57,-88.5126036595,43.3040282945,0.521281957626343,0.5316557583627752,0
58,-85.0709371305,41.7373616905,0.616957664489746,0.530773791062144,0
59,-91.6292702015,45.4540282085,0.542012512683868,0.49371795872869395,0
60,3.29572600149999,49.7040280385,0.589945912361145,0.584816870603284,0
61,-114.2876026285,44.8040282345,0.45969420671463,0.4325913891416818,0
62,-118.9292691095,48.9290280695,0.469108670949936,0.4461494093626863,0
63,-108.9959361735,34.0123619995,0.457903861999512,0.47114668640335866,0
64,-120.4126023835,45.9790281875,0.440121561288834,0.4596193575502593,0
65,-108.4042695305,33.8706953385,0.473468720912933,0.5189162344520277,0
66,-112.2042693785,44.8790282315,0.45969420671463,0.4419819160793921,0
67,150.8957200975,-28.5209688325,0.583577036857605,0.6630317058074066,0
68,-99.0792699035,31.2623621095,0.711471557617188,0.6740029120058909,0
69,-98.9542699085,32.9623620415,0.724089205265045,0.6793180070210506,0
70,-96.4626033415,34.6873619725,0.688720762729645,0.6128451734706721,0
71,-97.9792699475,30.2206954845,0.643016636371613,0.6536548232320514,0
72,-97.0876033165,35.5290286055,0.599186420440674,0.6150159649022751,0
73,-102.8709364185,47.7206947845,0.614044070243835,0.48283627680206553,0
74,-105.7459363035,48.0290281055,0.408438384532928,0.4840058082216085,0
75,-97.0626033175,34.6123619755,0.616081058979034,0.6169491741948103,0
76,-98.1209366085,35.0956952895,0.584498882293701,0.5826084945652865,0
77,-99.6126032155,37.2873618685,0.591957449913025,0.5341553806577729,0
78,-94.5209367525,44.3540282525,0.526011109352112,0.5288862113053158,0
79,-121.7209356645,39.2206951245,0.75,0.6413960441079138,0
80,-97.5626032975,41.3290283735,0.580436587333679,0.5102275428870996,0
81,-92.9626034815,43.4373616225,0.629999995231628,0.5217118002738552,0
82,-98.8876032445,47.9790281075,0.629999995231628,0.4818188251463261,0
83,-93.9209367765,43.6206949485,0.466905683279037,0.5279472342003775,0
84,-95.3459367195,41.9206950165,0.416827768087387,0.541414380496074,0
85,-97.8292699535,41.9123616835,0.516386032104492,0.5218064537934962,0
86,-90.2209369245,40.8623617255,0.75258606672287,0.5699953409512761,0
87,-93.8126034475,39.9706950945,0.626549303531647,0.5814561452947951,0
88,-98.2376032705,40.4123617435,0.492784082889557,0.5157404934550457,0
89,-96.0459366915,40.0123617595,0.502499997615814,0.5528465720705054,0
90,-89.3376036265,40.2623617495,0.46466451883316,0.5687428470479899,0
91,-90.3792702515,41.4206950365,0.557884931564331,0.5557349859730808,0
92,9.3957257575,39.9290284295,0.505345165729523,0.6071494980332068,0
93,9.4040590905,39.2206951245,0.677180647850037,0.6288038369413234,0
94,5.7790592355,44.2373615905,0.665719211101532,0.546109620664997,0
95,-3.58760705649999,38.4790284875,0.586789786815643,0.5803926124917677,0
96,-16.6209398685,28.3540288925,0.610000014305115,0.6205256105465425,0
97,6.5457258715,43.7790282755,0.477901041507721,0.5980463628611449,0
98,18.3623920655,40.3290284135,0.606798827648163,0.5795555400340353,0
99,12.8040589545,37.8706951785,0.605427503585815,0.6209776075307148,0
100,17.2623921095,40.7540283965,0.726811647415161,0.6293626899024873,0
101,-1.16260715350001,38.7623618095,0.606798827648163,0.5935682665204708,0
102,14.3290588935,41.2873617085,0.396124988794327,0.5803126393280735,0
103,-107.6792695595,42.2956950015,0.443424880504608,0.4697628816715229,0
104,-110.8959360975,41.5040283665,0.509938538074493,0.48302211654617455,0
105,-65.9376045625,18.0456959715,0.49053618311882,0.5797570897149436,0
106,-83.3459371995,8.41236302349999,0.495253205299377,0.5566381803731496,0
107,-61.8626047255,-16.7043026385,0.679835021495819,0.6469989681199797,0
108,-84.4376038225,37.5123618595,0.684711694717407,0.5658827854936017,0
109,149.5707201505,-35.5043018865,0.594521820545197,0.617568049264751,0
110,9.30405909449999,47.7040281185,0.597483098506927,0.5685310729190157,0
111,152.3790533715,-29.9709687745,0.755739688873291,0.6632233808738506,0
112,-89.2792702955,46.5873614965,0.434622317552567,0.49040444844018793,0
113,-89.9126036035,44.4040282505,0.469420462846756,0.5199436136913326,0
114,0.070726130499992,47.1706948065,0.603569746017456,0.6209608394867757,0
115,-91.8626035255,31.1373621145,0.51274037361145,0.5635112846051759,0
116,5.80405923449999,46.0956948495,0.596176028251648,0.5815766699330707,0
117,17.3540587725,51.6790279595,0.575555741786957,0.526164254330211,0
118,1.1540594205,43.0706949705,0.622604131698608,0.5977970954167244,0
119,-90.9459368955,35.0706952905,0.690113604068756,0.5565309247721665,0
120,12.3040589745,51.4040279705,0.61323219537735,0.5244954020738418,0
121,-87.1792703795,39.4040284505,0.562784433364868,0.5645151260997567,0
122,-87.3126037075,38.9206951365,0.560580909252167,0.5711851680225704,0
123,18.3207254005,47.8456947795,0.654572248458862,0.5621251163595894,0
124,9.4040590905,53.4040278905,0.545654118061066,0.5306820573363081,0
125,-121.6792689995,43.6290282815,0.438163012266159,0.44508448567984066,0
126,-111.9876027205,38.6206951485,0.437700718641281,0.4299830523179393,0
127,-121.5959356695,51.8040279545,0.43882742524147,0.443965003609228,0
128,-111.5959360695,38.0956951695,0.408903926610947,0.4270221089784832,0
129,-120.3959357175,50.8040279945,0.458373218774796,0.4711259767555072,0
130,33.9457247755,59.7790276355,0.491320222616196,0.4942130711919848,0
131,-95.6876033725,30.0290288255,0.648868441581726,0.5510416872877474,0
132,-97.2959366415,33.0540287045,0.531750023365021,0.6393503600054905,0
133,-121.5709356705,39.7540284365,0.667195081710815,0.581617813982745,0
134,-8.91260684350001,39.0873617965,0.724434554576874,0.6263040488407472,0
135,-109.5209361525,39.5040284465,0.51877748966217,0.5048650487179704,0
136,-59.9376048025,-0.670969946500009,0.668049454689026,0.6019082512020504,0
137,108.1207218085,15.1123627555,0.50398862361908,0.5876730091876144,0
138,-7.00427358650001,5.1790298195,0.71414190530777,0.6131402725510593,0
139,-51.5292718055,-27.3209688805,0.474230617284775,0.5663281814878807,0
140,-85.9709370945,33.2206953645,0.495340198278427,0.5287485559130184,0
141,-80.3876039845,37.3873618645,0.566428124904633,0.545409643962003,0
142,-87.2959370415,34.3290286535,0.536932945251465,0.5411487732311747,0
143,-92.8626034855,46.9123614835,0.41154158115387,0.4648183850726523,0
144,-76.9626041215,46.0206948525,0.527427852153778,0.5089478210184006,0
145,-82.7626038895,37.1123618755,0.542206704616547,0.5383717800272021,0
146,-81.3292706135,37.3956951975,0.616495430469513,0.5387437992553405,0
147,128.3623876655,37.7040285185,0.490655571222305,0.5356799376574801,0
148,148.0957202095,-35.7543018765,0.676485776901245,0.6241989922952124,0
149,-80.4709373145,38.5790284835,0.635749399662018,0.5529962896121873,0
150,-93.9959367735,47.5040281265,0.458860605955124,0.4540466897575566,0
151,-77.5292707655,37.0373618785,0.503371715545654,0.519472286705502,0
152,-85.6626037735,32.0290287455,0.493411332368851,0.5236148012119308,0
153,-93.9876034405,46.6290281615,0.478341698646545,0.4690713324995833,0
154,175.9373857625,-40.1876350325,0.726444900035858,0.6204321571843551,0
155,-122.3209356405,45.3873615445,0.432178229093552,0.5310841535892104,0
156,-77.7959374215,44.2040282585,0.424297958612442,0.5088510100930045,0
157,-1.4709404745,49.3456947195,0.578728973865509,0.5739588000884882,0
158,-95.5876033765,32.8623620455,0.659380674362183,0.5765576556918006,0
159,19.1373920345,48.3790280915,0.71739262342453,0.5529301975895479,0
160,-88.6126036555,35.9206952565,0.622631847858429,0.5514604632144602,0
161,-79.8376040065,39.8706950985,0.500327289104462,0.5614099509374654,0
162,-91.2626035495,36.6373618945,0.684400498867035,0.573326209628661,0
163,-79.9959373335,43.0040283065,0.689335823059082,0.5521641075729093,0
164,4.5623926175,45.4623615415,0.701584756374359,0.5858973019167799,0
165,-2.3376071065,47.4956947935,0.50644713640213,0.5816409951724426,0
166,-86.8042703945,30.8123621275,0.571072041988373,0.5266964955621968,0
167,-124.0626022375,40.6456950675,0.433556199073792,0.5312850286043211,0
168,-95.0792700635,31.5790287635,0.532549321651459,0.5521727069889266,0
169,-124.3626022255,42.3873616645,0.461621254682541,0.5516668492955396,0
170,8.4040591305,63.4790274875,0.477901041507721,0.5072279172739058,0
171,-95.4292700495,30.8623621255,0.490811288356781,0.5875963843357574,0
172,-83.2792705355,31.2206954445,0.497595816850662,0.5393242744991599,0
173,-77.9709374145,35.3290286135,0.493638098239899,0.5260995960943544,0
174,-131.5959352695,58.0040277065,0.376814931631088,0.4389846541363713,0
175,-122.7959356215,62.6040275225,0.458860605955124,0.45248701062555485,0
176,-123.7959355815,57.8040277145,0.405647099018097,0.4266953997365702,0
177,-72.0542709845,48.4123614235,0.529021978378296,0.46083205835108454,0
178,-145.2459347235,61.0373609185,0.355714291334152,0.4758607842559684,0
179,2.7957260215,43.6290282815,0.422920763492584,0.5500918716577636,0
180,-6.28760694850001,38.0706951705,0.507512986660004,0.6020860149373232,0
181,6.97905918749998,44.2290282575,0.486498773097992,0.4948466031115755,0
182,1.18739275249999,42.3623616655,0.477901041507721,0.49754242244089597,0
183,-93.8126034475,35.7206952645,0.529566586017609,0.5623883410109158,0
184,-79.6376040145,37.3290285335,0.436607152223587,0.5394754817361911,0
185,-84.6376038145,34.1623619935,0.492324888706207,0.5316262201518355,0
186,-88.1709370065,32.9540287085,0.57340943813324,0.5522196319506902,0
187,-94.7626034095,34.7540286365,0.502106487751007,0.5778540369745383,0
188,-92.6709368265,36.0623619175,0.661958813667297,0.5904515065870629,0
189,-82.2876039085,36.1956952455,0.542122304439545,0.5333195746729666,0
190,127.8373876865,35.8290285935,0.506393432617188,0.5611555099974295,0
191,176.1207190885,-38.0876351165,0.63076114654541,0.6034827235276886,0
192,175.6873857725,-38.5376350985,0.592726647853851,0.6184503119990947,0
193,20.8123919675,43.2956949615,0.420257836580276,0.4564191564593748,0
194,-80.9959372935,39.9706950945,0.542165577411652,0.5703227139169387,0
195,-92.6376034945,35.2540286165,0.671451032161713,0.5614045190552945,0
196,-85.4126037835,32.4290287295,0.422157138586044,0.5258330911044645,0
197,-81.9459372555,40.3623617455,0.492428243160248,0.5860067693272392,0
198,-4.52094035249999,42.9456949755,0.701094269752502,0.5521906044780557,0
199,-78.8626040455,36.7790285555,0.535022854804993,0.5375581015823813,0
200,-92.7876034885,47.8373614465,0.46971607208252,0.4516627716411775,0
201,-123.2626022695,45.9790281875,0.428702414035797,0.514636371049111,0
202,-105.1209363285,39.1706951265,0.440121561288834,0.45516067201929006,0
203,-111.1792694195,43.0790283035,0.372311681509018,0.4319413786260078,0
204,-107.9376028825,37.3706951985,0.424617290496826,0.44750091275772685,0
205,-109.6542694805,44.7456949035,0.43978276848793,0.42723514563410303,0
206,-123.9709355745,47.1290281415,0.45988005399704,0.5074270085960185,0
207,-118.7959357815,50.6040280025,0.455375075340271,0.5056362832574226,0
208,-107.5709362305,39.8123617675,0.375692039728165,0.4236759933037323,0
209,-133.1959352055,59.4040276505,0.527999997138977,0.4208247831731527,0
210,-95.7626033695,48.0956947695,0.457253783941269,0.482013661174811,0
211,7.08739251649999,61.0290275855,0.514487028121948,0.466352985742299,0
212,-6.4959402735,41.8706950185,0.50644713640213,0.5965042954836788,0
213,-106.61260293550001,36.3623619055,0.556611120700836,0.48172710744650243,0
214,-54.9626050015,5.37069647849999,0.750861167907715,0.5968286904268669,0
215,-49.8626052055,-29.0709688105,0.532900631427765,0.6129885118716049,0
216,-49.1376052345,-26.3709689185,0.555890798568726,0.5911960309365563,0
217,-77.6126040955,42.6956949855,0.561581134796143,0.5449642158366271,0
218,-89.4626036215,34.0040286665,0.529680252075195,0.5528663314486555,0
219,-80.2376039905,41.2790283755,0.571410894393921,0.5585232370985785,0
220,-78.2209374045,42.6373616545,0.714875102043152,0.5277648910616786,0
221,28.3457249995,57.0956944095,0.477901041507721,0.5000866866642909,0
222,-88.4709369945,34.9873619605,0.551052987575531,0.5561541590812636,0
223,-85.4459371155,43.0873616365,0.537427961826324,0.5114550045875914,0
224,-120.9792690275,41.0290283855,0.386088728904724,0.45560067118131,0
225,-113.4876026605,45.9123615235,0.393236309289932,0.4319900412252149,0
226,-120.8792690315,40.3623617455,0.419229656457901,0.44856443548737435,0
227,-139.3876016245,59.6123609755,0.393151253461838,0.460742601738027,0
228,-92.9626034815,33.0956953695,0.485303938388824,0.5319643561540385,0
229,-118.7959357815,51.8040279545,0.451849520206451,0.45307076596360635,0
230,-119.5959357495,50.2040280185,0.439795911312103,0.4427328506967432,0
231,-121.3959356775,53.2040278985,0.375707745552063,0.42696673197107093,0
232,-114.5376026185,48.9956947335,0.375585824251175,0.4279370829904682,0
233,-111.1959360855,46.2290281775,0.459812551736832,0.44856152958568213,0
234,8.62072578850001,46.7456948235,0.420257836580276,0.5173057042647222,0
235,-71.7376043305,49.6040280425,0.447493135929108,0.45301640058121767,0
236,-118.1959358055,60.8040275945,0.458860605955124,0.4495709345375652,0
237,-80.1959373255,49.6040280425,0.427618145942688,0.44930747564770346,0
238,17.7457254235,68.7540272765,0.591212034225464,0.5106882007835463,0
239,-91.7459368635,14.7540294365,0.561337947845459,0.5861777781226284,0
240,-73.5126042595,48.3623614255,0.458860605955124,0.44994469239426504,0
241,-71.7126043315,47.0706948105,0.437681674957275,0.4748044702792409,0
242,8.0040591465,58.2623610295,0.473320841789246,0.4859609677838344,0
243,11.4290590095,59.5206943125,0.475616753101349,0.47376276524841465,0
244,-71.9459376555,44.8623615655,0.636896371841431,0.540444596877425,0
245,-72.1126043155,45.4040282105,0.549448013305664,0.5014524404470053,0
246,-70.3042710545,46.0456948515,0.58137583732605,0.5053601316643422,0
247,-68.4959377935,45.4206948765,0.634937465190887,0.5016336960077449,0
248,-72.6709376265,47.5623614575,0.631298184394836,0.485014422788156,0
249,-67.9709378145,47.0540281445,0.467952340841293,0.5128305022950829,0
250,13.9873922405,48.9206947365,0.442898958921432,0.5032004380119082,0
251,-68.5876044565,46.6706948265,0.380685299634933,0.49329459419628824,0
252,-77.6542707605,41.2706950425,0.54278975725174,0.5249815894865868,0
253,-84.1626038335,46.0373615185,0.64211094379425,0.49378564137942593,0
254,11.6873923325,59.0123609995,0.469955623149872,0.4761851482785869,0
255,-73.5709375905,43.8623616055,0.646233320236206,0.5050599281023359,0
256,-82.3959372375,47.6040281225,0.425732642412186,0.445807005240494,0
257,-77.1959374455,45.0040282265,0.414700210094452,0.5166045264716416,0
258,-78.3959373975,45.4040282105,0.637197315692902,0.48976316815224996,0
259,-86.8626037255,45.8040281945,0.397150993347168,0.48781803557231906,0
260,8.7040591185,52.7040279185,0.630221426486969,0.5339278042496691,0
261,-70.3876043845,43.5290282855,0.451228976249695,0.5166136186199815,0
262,10.5040590465,51.5040279665,0.615180015563965,0.5338044382875358,0
263,-78.1126040755,34.0623619975,0.514429450035095,0.5584093564806928,0
264,10.5623923775,46.6123614955,0.439611852169037,0.4793653148502129,0
265,-93.7209367845,30.6373621345,0.56444776058197,0.5253603283415822,0
266,-116.7959358615,50.6040280025,0.34064906835556,0.4321521315754344,0
267,-81.6042706025,33.0706953705,0.442775696516037,0.546644760926685,0
268,24.1123918355,48.5040280865,0.421115666627884,0.458657940258432,0
269,-78.6709373865,34.2206953245,0.534890830516815,0.523534355801227,0
270,-82.4626039015,31.6873620925,0.542456388473511,0.5321402578555349,0
271,-70.2209377245,48.7873614085,0.453291088342667,0.4552484257309698,0
272,-73.0126042795,50.7373613305,0.458204030990601,0.4552291278860714,0
273,-62.8209380205,51.0873613165,0.448368102312088,0.4549618635140477,0
274,-104.2459363635,54.6123611755,0.421169489622116,0.43458332001087446,0
275,-69.5042710865,51.1456946475,0.4556924700737,0.4574328815703037,0
276,12.4123923035,61.1956942455,0.457565784454346,0.4667632964902857,0
277,-71.4959376735,51.4456946355,0.46331661939621,0.4565700567565938,0
278,-63.2626046695,51.8040279545,0.459773272275925,0.4557700749310317,0
279,-105.3376029865,53.6540278805,0.422172755002975,0.42266689538168073,0
280,-68.4459377955,50.2040280185,0.454756677150726,0.45650326528918056,0
281,-91.9959368535,51.6040279625,0.418818563222885,0.4522818606304813,0
282,30.8540582325,62.1456942075,0.497565299272537,0.4729355873078031,0
283,-73.6542709205,51.8373612865,0.424949705600739,0.4532910920174585,0
284,-91.1959368855,51.6040279625,0.459570497274399,0.4537229039960694,0
285,-121.3959356775,61.4040275705,0.458860605955124,0.4470046403431615,0
286,-55.1959383255,48.0040281065,0.459338158369064,0.4681620853214103,0
287,14.0623922375,64.4456941155,0.525220096111298,0.4834632881677116,0
288,-115.3376025865,56.1123611155,0.393404871225357,0.42028884721976584,0
289,-84.5959371495,50.0040280265,0.356622606515884,0.44727838152509236,0
290,-112.6792693595,55.0456944915,0.393309444189072,0.42758308075219265,0
291,-50.2376051905,-27.3626355455,0.548983454704285,0.5924636368575302,0
292,-49.7709385425,-27.5376355385,0.536722183227539,0.5841869084040551,0
293,7.10405918250001,48.0456947715,0.541796684265137,0.5353959269994564,0
294,2.95405934850001,44.6373615745,0.660357773303986,0.537244513003353,0
295,-72.6126042955,42.0290283455,0.564531624317169,0.5382834166654346,0
296,14.3373922265,53.7040278785,0.557232141494751,0.5286427144921431,0
297,1.5707260705,47.5123614595,0.587535202503204,0.5965196456504575,0
298,6.57072587049998,44.7873615685,0.487532556056976,0.4967414981700031,0
299,8.4123924635,60.7040275985,0.53883570432663,0.5011304192184418,0
300,-115.5959359095,62.0040275465,0.410941451787949,0.4500554616702162,0
301,-109.5959361495,57.4040277305,0.419999986886978,0.44594031950477614,0
302,-121.9959356535,59.4040276505,0.460840463638306,0.44024904679263394,0
303,168.1957194055,-44.4459681955,0.582116007804871,0.5667755417270126,0
304,12.2290589775,64.9623607615,0.467363566160202,0.5020087786201862,0
305,6.8373925265,62.4790275275,0.470890462398529,0.4945221678449254,0
306,5.75405923649998,61.5123608995,0.510922789573669,0.47980385265852543,0
307,-76.8209374605,46.4790281675,0.44932422041893,0.45785262142456384,0
308,-76.3209374805,47.1040281425,0.601106882095337,0.46687275364818914,0
309,-70.7792710355,42.1956950055,0.447513699531555,0.5237811046440669,0
310,2.6873926925,45.4123615435,0.537466466426849,0.5204899433002683,0
311,-122.2042689785,44.8206949005,0.442497223615646,0.4649822608118321,0
312,-121.6792689995,45.3040282145,0.427060097455978,0.45687241211543483,0
313,6.80405919449998,58.3623610255,0.477901041507721,0.47598890273857036,0
314,-123.5126022595,47.5040281265,0.434540718793869,0.45360842911146393,0
315,-66.5792712035,49.0290280655,0.436731934547424,0.46458995420523064,0
316,-65.5459379115,51.4790279675,0.458860605955124,0.4600891850190472,0
317,-99.3792698915,56.5623610975,0.407565921545029,0.44437057926287576,0
318,-81.7959372615,49.4040280505,0.407303005456924,0.4464654696401606,0
319,-152.3376011065,57.6040277225,0.390979200601578,0.4705896134885916,0
320,-98.5959365895,56.4040277705,0.458860605955124,0.4497428295783859,0
321,8.86239244550001,61.2456942435,0.496086806058884,0.49664790309798557,0
322,-95.0709367305,48.2040280985,0.486288875341415,0.4475366754396223,0
323,-74.3626042255,49.4123613835,0.45449885725975,0.45166632779224686,0
324,174.5123858195,-39.5626350575,0.650742709636688,0.6178499141670997,0
325,-78.0876040765,46.8873614845,0.463714808225632,0.4629968003151593,0
326,6.8873925245,48.5040280865,0.487532556056976,0.5854924180782161,0
327,-121.7209356645,48.0123614395,0.441673159599304,0.47977245089592985,0
328,-121.0209356925,46.4373615025,0.451908618211746,0.448214597528616,0
329,-116.8126025275,48.8373614065,0.410326451063156,0.44864589469836924,0
330,-115.3626025855,44.0873615965,0.45969420671463,0.44373850843461304,0
331,-115.9709358945,46.3623615055,0.422404378652573,0.4888880621632024,0
332,-116.4459358755,53.0373612385,0.459139257669449,0.42963553511590913,0
333,-76.1542708205,49.5040280465,0.439045757055283,0.45081451158835684,0
334,-78.2792707355,49.9373613625,0.458672225475311,0.44738417315460755,0
335,-97.6876032925,55.6040278025,0.422623932361603,0.4426810424788238,0
336,100.2540554565,38.5290284855,0.410287916660309,0.44266724100020205,0
337,145.3457203195,61.9706942145,0.397210478782654,0.4561067009664647,0
338,-84.4959371535,29.9873621605,0.488000005483627,0.5245353273107887,0
339,-80.8542706325,28.8790288715,0.488000005483627,0.550720299564746,0
340,35.3040580545,62.9040275105,0.560187160968781,0.4729801888125808,0
341,33.3207248005,59.3623609855,0.477901041507721,0.5000361643857735,0
342,-111.5959360695,57.0706944105,0.418066442012787,0.4454167051199517,0
343,-4.2042736985,41.3456950395,0.50644713640213,0.5686538004273266,0
344,-75.7626041695,35.7956952615,0.533214628696442,0.529687341974222,0
345,8.7040591185,53.7040278785,0.434381574392319,0.5455337813842254,0
346,32.1373915145,58.5206943525,0.495650857686996,0.4986265755228851,0
347,149.6540534805,62.9540275085,0.424872219562531,0.45692159045326364,0
348,34.4790580875,65.8206940605,0.508064985275269,0.48168149337341964,0
349,-107.9292695495,47.3623614655,0.445859014987946,0.4792392211901626,0
350,13.1290589415,64.0956941295,0.520833134651184,0.4736062370148122,1
351,-113.4376026625,37.4790285275,0.65084832906723,0.46896711747800546,1
352,147.7290535575,-23.2793023755,0.600658893585205,0.6596730383255146,1
353,146.2123869515,-34.6376352545,0.714345395565033,0.6758750222125165,1
354,-105.6459363075,46.0540281845,0.466602772474289,0.47384303555588,1
355,-1.55427380450001,39.7123617715,0.606798827648163,0.5754332980203056,1
356,-3.72927371750001,37.2540285365,0.606798827648163,0.6144138142078509,1
357,-117.2376025105,39.7123617715,0.489380031824112,0.4995963667075178,1
358,-111.9792693875,39.0706951305,0.581333816051483,0.4982368999289277,1
359,-109.7709361425,40.1956950855,0.418509840965271,0.49263790506230326,1
360,-1.5209404725,47.3956947975,0.471427619457245,0.5525811457243154,1
361,4.68739261249999,45.9290281895,0.645084798336029,0.6140567956677582,1
362,13.1040589425,51.1040279825,0.602998971939087,0.5608983872244393,1
363,-106.4209362765,34.6873619725,0.501567602157593,0.4814213920076976,1
364,150.0623867975,-28.2959688415,0.62187135219574,0.6472366051545361,1
365,147.9373868825,-26.3293022535,0.6779505610466,0.6499431051140416,1
366,-97.4042699705,27.6040289225,0.724089205265045,0.6595607066098105,1
367,-100.9376031625,34.8373619665,0.655091464519501,0.5876384274844489,1
368,-104.2209363645,42.8540283125,0.444101542234421,0.4686640894437844,1
369,11.9040589905,42.8790283115,0.559481203556061,0.628071142679078,1
370,-1.97094045450001,42.2456950035,0.606798827648163,0.6046598074767541,1
371,-3.3292737335,42.3456949995,0.625590682029724,0.5458184046883253,1
372,-1.9959404535,37.0956952095,0.606798827648163,0.6210418358823269,1
373,-1.5292738055,40.6623617335,0.771317541599274,0.5605963378794473,1
374,-119.7126024115,35.2540286165,0.676557004451752,0.623350118254571,1
375,-3.48760706050001,39.8290284335,0.606798827648163,0.5652377015521748,1
376,-99.3626032255,27.8123622475,0.724089205265045,0.7032087892152052,1
377,-105.5126029795,37.0456952115,0.565371692180634,0.491461919560466,1
378,-104.9959363335,35.3373619465,0.570401966571808,0.5590011537267228,1
379,-118.1959358055,43.7040282785,0.512682497501373,0.4775375645373711,1
380,-114.8876026045,40.1873617525,0.754418849945068,0.48356798855263244,1
381,-110.6126027755,33.1123620355,0.565371692180634,0.6055018229905643,1
382,-114.5792692835,40.6290284015,0.48473584651947,0.48367802445145525,1
383,-100.9126031635,29.3290288535,0.724089205265045,0.6695339567824211,1
384,-65.3459379195,-17.5876359365,0.714794754981995,0.6042913261807562,1
385,-52.8292717535,-27.0876355565,0.540152192115784,0.5607954817184113,1
386,12.5040589665,51.9040279505,0.511282384395599,0.5404046149769594,1
387,29.1290583015,57.9706943745,0.477901041507721,0.5016312413945543,1
388,-83.2292705375,41.6206950285,0.581285715103149,0.5520821924374041,1
389,31.0290582255,58.1123610355,0.44116747379303,0.4992448618389577,1
390,11.5040590065,55.4706944745,0.520804107189178,0.5280115580126213,1
391,-83.9792705075,42.4706949945,0.510128319263458,0.5431497661188343,1
392,-81.3792706115,40.8790283915,0.539806604385376,0.5736358277536423,1
393,11.7873923285,44.5873615765,0.450500011444092,0.5666083172146276,1
394,3.33739266649999,48.2123614315,0.700439810752869,0.6134423965085475,1
395,-90.2209369245,45.1540282205,0.496190190315247,0.5220223572176685,1
396,14.6790588795,49.3623613855,0.46529147028923,0.5084040910606118,1
397,13.1040589425,52.3040279345,0.496108412742615,0.5367141203503005,1
398,-0.487607180499992,43.2123616315,0.581827342510223,0.5782980996607079,1
399,-105.2542696565,42.1873616725,0.440121561288834,0.480989507585679,1
400,-106.8792695915,35.9040285905,0.558133721351624,0.47967709109426226,1
401,-109.9626028015,45.6040282025,0.45969420671463,0.4305680495494592,1
402,-120.0626023975,48.1290281015,0.440121561288834,0.46513284797890986,1
403,-105.7459363035,32.5790287235,0.560739815235138,0.5745626453290852,1
404,-105.3792696515,32.9790287075,0.552253603935242,0.5776870349375998,1
405,-111.6459360675,34.4206953165,0.50946843624115,0.5830663107679472,1
406,-110.8126027675,45.1956948855,0.45969420671463,0.43025020722955715,1
407,-124.9959355335,64.4040274505,0.458860605955124,0.4511045781660271,1
408,-112.5959360295,60.6040276025,0.419658869504929,0.44687438870932966,1
409,-129.5959353495,65.6040274025,0.474061965942383,0.45108752449921596,1
410,-97.8709366185,31.0456954515,0.643426775932312,0.6709269541864643,1
411,-100.0959365295,41.4623617015,0.529981315135956,0.4943335693038941,1
412,-97.5876032965,39.4456951155,0.613214671611786,0.5274816463246056,1
413,-92.2959368415,38.7373618105,0.643084645271301,0.591352017111565,1
414,-99.3209365605,35.0540286245,0.597771525382996,0.5984770150658754,1
415,-95.5626033775,38.0706951705,0.59821629524231,0.5697916008010492,1
416,-97.4459366355,47.5123614595,0.468252092599869,0.502330404757713,1
417,-98.1126032755,51.1790279795,0.419999986886978,0.4668054878059508,1
418,-93.1792701395,43.8956949375,0.483475416898727,0.5331871053630312,1
419,-96.7626033295,44.8456948995,0.555967509746552,0.5206751497023965,1
420,-88.3376036665,40.7290283975,0.726840734481812,0.5693688365063713,1
421,-95.7459367035,44.9206948965,0.47381979227066,0.5208702312959261,1
422,-92.1876035125,42.3206950005,0.499482601881027,0.5331660397150774,1
423,-98.2292699375,46.7290281575,0.472188651561737,0.5052809594940745,1
424,-93.9959367735,42.1040283425,0.569486260414124,0.5285180750081601,1
425,-98.0792699435,38.6790284795,0.548240065574646,0.5243218004165556,1
426,-97.4376033025,36.9290285495,0.61909407377243,0.5776623951237572,1
427,-98.9292699095,40.0790284235,0.556767702102661,0.5071433880562095,1
428,-87.4542703685,40.8456950595,0.572000026702881,0.5711485349664774,1
429,-94.1876034325,43.1873616325,0.573960304260254,0.5284359001298257,1
430,-94.2959367615,40.2873617485,0.591936111450195,0.5732148427228443,1
431,-91.7792701955,41.4873617005,0.50615006685257,0.5538215195817804,1
432,-96.1709366865,40.7540283965,0.62010532617569,0.5340894088897704,1
433,-98.6709365865,44.7290282375,0.408438384532928,0.5247916011779921,1
434,-3.61260705550001,39.3123617875,0.50644713640213,0.565847844562971,1
435,-0.720940504499993,39.1456951275,0.598876893520355,0.6104105213497009,1
436,-2.19594044550001,39.9706950945,0.609239220619202,0.5815061839586783,1
437,-118.7459357835,41.6790283595,0.454133838415146,0.43673004847758173,1
438,-106.6292696015,42.1290283415,0.3816197514534,0.4296411810358454,1
439,-97.5459366315,25.9873623205,0.509607195854187,0.6427327486522394,1
440,106.2873885485,14.5706961105,0.725969612598419,0.5469079441801158,1
441,107.9957218135,15.6540294005,0.514259099960327,0.5752030936917292,1
442,2.88739268449999,49.1873613925,0.453659296035767,0.5700089554809586,1
443,-90.0042702665,33.1873620325,0.615612983703613,0.5505597270319548,1
444,-90.8542702325,32.4790287275,0.652720808982849,0.5573468197512167,1
445,-96.1292700215,32.4873620605,0.630315780639648,0.6177382824860889,1
446,-89.8042702745,35.6623619335,0.636427760124207,0.5624244618492358,1
447,150.0207201325,-36.1709685265,0.740296602249146,0.671001062110486,1
448,10.6040590425,48.1040281025,0.449705004692078,0.5193758139182212,1
449,-86.4376037425,39.3956951175,0.676403045654297,0.5684248709135642,1
450,11.7040589985,48.7040280785,0.499657809734344,0.5235560853765068,1
451,-96.5209366725,31.4706954345,0.724089205265045,0.6491728593350624,1
452,-90.7376035705,34.2790286555,0.443882584571838,0.5630700145757959,1
453,10.5957257095,55.2706944825,0.429063200950623,0.5191065059359482,1
454,127.0457210515,36.0123619195,0.486686378717422,0.5642554339065983,1
455,-1.91260712350001,47.8706947785,0.60115259885788,0.5700498179468324,1
456,126.5623877375,35.4373619425,0.50307309627533,0.5677177267765002,1
457,-89.2209369645,36.2206952445,0.677714347839355,0.5723529456013281,1
458,30.2123915915,57.9706943745,0.482036083936691,0.4981224421379084,1
459,13.6040589225,54.5040278465,0.623804867267609,0.5199611894994981,1
460,-89.8709369385,37.0040285465,0.606238782405853,0.5804475598407457,1
461,12.3540589725,55.6956944655,0.601817727088928,0.5156157330386889,1
462,3.48739266050001,47.2956948015,0.6853848695755,0.6150090144390427,1
463,0.620726108500008,45.1290282215,0.620031774044037,0.590514799425501,1
464,-91.9042701905,30.6706954665,0.529637396335602,0.5458259799463075,1
465,-91.6292702015,33.8290286735,0.626335382461548,0.5489102694509465,1
466,-120.8626023655,43.6123616155,0.440121561288834,0.4488365353795779,1
467,12.7290589575,46.5123614995,0.592923223972321,0.48715451282765004,1
468,-116.9959358535,51.4040279705,0.455196112394333,0.44330613382003403,1
469,-110.7959361015,40.8956950575,0.406013041734695,0.4186936581672856,1
470,10.4457257155,64.1790274595,0.591212034225464,0.4822047547840021,1
471,-98.9876032405,52.8040279145,0.420121759176254,0.45468477579776573,1
472,13.1040589425,-5.61263641550001,0.693885266780853,0.6194787522118084,1
473,-95.1126033955,33.7040286785,0.504613220691681,0.5521733986418149,1
474,-96.6042700025,33.2706953625,0.49287337064743,0.6356119152529542,1
475,-103.3126030675,44.1040282625,0.440121561288834,0.47819019411280267,1
476,-98.1876032725,29.6623621735,0.660000026226044,0.6780840569164454,1
477,-97.2209366445,31.9040287505,0.649683117866516,0.662889253741976,1
478,-120.7542690365,37.9873618405,0.75,0.6654121338808071,1
479,-99.8292698735,43.2790282955,0.428290009498596,0.5057423324291059,1
480,-99.9709365345,44.2706949225,0.408438384532928,0.5033295675201037,1
481,6.98739252050001,61.4873609005,0.591212034225464,0.4867205191260169,1
482,17.6123920955,69.5040272465,0.600237369537354,0.5381699494634372,1
483,14.5457255515,66.7290273575,0.594386041164398,0.4891397920245955,1
484,-121.1542690205,38.9956951335,0.715708494186401,0.6325532883860863,1
485,16.2040588185,40.0373617585,0.781321942806244,0.6088251659501089,1
486,4.45405928849999,44.1873615925,0.508931517601013,0.6362713479497892,1
487,14.6207255485,41.8123616875,0.548824548721313,0.6393715392421504,1
488,8.54572579149999,40.2873617485,0.643194437026978,0.6254747811115224,1
489,12.7540589565,42.2873616685,0.737616121768951,0.623750810671208,1
490,13.8790589115,41.6373616945,0.624253749847412,0.6178873276759909,1
491,-100.5042698465,28.7373622105,0.724089205265045,0.675164395653871,1
492,107.5457218315,15.8123627275,0.636607766151428,0.5653141598089163,1
493,91.8040557945,24.3540290525,0.462755113840103,0.5263532489909809,1
494,148.5623868575,-35.3709685585,0.597853362560272,0.643539643170659,1
495,152.5790533635,-28.5293021655,0.711219787597656,0.7014501601665155,1
496,-94.7959367415,49.8040280345,0.419999986886978,0.449989327140642,1
497,7.40405917050001,51.3040279745,0.618919134140015,0.5585452182881843,1
498,129.1207209685,37.1873618725,0.451410830020905,0.5571607166059473,1
499,-84.1626038335,32.5040287265,0.621197581291199,0.5218660278587205,1
500,178.3790523315,-37.7876351285,0.553402721881866,0.6057572784772632,1
501,-90.5459369115,36.7206952245,0.590857982635498,0.5791286357365274,1
502,-1.3542738125,48.2456947635,0.696831524372101,0.577828270181897,1
503,-1.24594048349999,48.9040280705,0.548116981983185,0.5701627235844231,1
504,-73.1959376055,45.3873615445,0.532958805561066,0.5305571955167493,1
505,-81.1959372855,44.0040282665,0.612693607807159,0.5361899753261894,1
506,6.3040592145,50.3040280145,0.500113368034363,0.5437792181573537,1
507,-85.8292704335,36.8040285545,0.594714462757111,0.5751968480042402,1
508,-94.7792700755,30.7206954645,0.495320230722427,0.5311194010701598,1
509,-122.3959356375,54.0040278665,0.46376034617424,0.42918108217566336,1
510,-134.7292684775,56.2540277765,0.445518016815186,0.4503069007166796,1
511,-78.4959373935,34.9206952965,0.495822995901108,0.5163560446062206,1
512,-79.0959373695,34.8040286345,0.570693254470825,0.5192331609090695,1
513,11.5873923365,-0.2209699645,0.633843839168549,0.5954427449711144,1
514,171.0290526255,-44.0209682125,0.468497455120087,0.6102741631087245,1
515,-148.9626012415,60.8873609245,0.430585563182831,0.48072290986393473,1
516,-129.1959353655,65.0040274265,0.458860605955124,0.4473002044078999,1
517,-132.0042685865,56.7623610895,0.449999988079071,0.45659198123085165,1
518,-10.8042734345,7.67902971949999,0.611674070358276,0.5830965408034585,1
519,-88.1542703405,31.8706954185,0.589621901512146,0.536150251853829,1
520,-82.9626038815,35.9706952545,0.542084991931915,0.5405050887014421,1
521,-77.9459374155,40.8040283945,0.628575325012207,0.5405778761148318,1
522,-78.5292707255,38.7790284755,0.521051168441772,0.5520094649349221,1
523,126.9123877235,35.0373619585,0.601771533489227,0.5586297886962956,1
524,-87.8626036855,32.5623620575,0.662165105342865,0.5449539304033497,1
525,-81.5792706035,39.8873617645,0.587178766727448,0.5697109496450506,1
526,-84.5876038165,33.6790286795,0.485441237688065,0.5303489165599528,1
527,-80.8376039665,34.7456953035,0.518866717815399,0.5208987803781517,1
528,-85.8459370995,38.3290284935,0.557256758213043,0.5755930444463773,1
529,-75.9709374945,40.8206950605,0.558634579181671,0.5525110971509858,1
530,172.9290525495,-41.0876349965,0.512084662914276,0.6450671648622613,1
531,13.8207255805,50.6790279995,0.449706673622131,0.5359383465458645,1
532,128.1457210075,35.2873619485,0.477303355932236,0.5575389708181193,1
533,-76.1959374855,45.2040282185,0.342059165239334,0.5232821749371701,1
534,-123.8626022455,44.3456949195,0.459055513143539,0.5027598819593809,1
535,-124.3959355575,53.8040278745,0.427248358726501,0.43078659069080166,1
536,21.0957252895,49.4206947165,0.583673715591431,0.5323167380514251,1
537,-124.5959355495,55.4040278105,0.421210378408432,0.41433014968392756,1
538,-127.1959354455,55.6040278025,0.475209265947342,0.43094265653715724,1
539,-121.1959356855,57.2040277385,0.399971961975098,0.4208790724726985,1
540,-81.7959372615,48.8040280745,0.440921694040298,0.4427787791713254,1
541,-122.5959356295,57.2040277385,0.458611935377121,0.4260261220595463,1
542,147.0457202515,-24.8959689775,0.634865581989288,0.6454565878650831,1
543,-96.1376033545,48.4873614205,0.369372963905334,0.48339293989566134,1
544,19.8707253385,68.9623606015,0.591212034225464,0.5468931842470243,1
545,-6.44594027549999,37.3040285345,0.627352058887482,0.6482542219526259,1
546,-3.46260706149999,41.2456950435,0.771317541599274,0.5689053135699514,1
547,-49.6792718795,-26.2793022555,0.486266583204269,0.5790603556148827,1
548,-49.5876052165,-28.1709688465,0.551304936408997,0.5960242881139665,1
549,-87.3209370405,46.2206948445,0.351857513189316,0.4886127089047748,1
550,18.2707254025,48.4540280885,0.740699052810669,0.5670987557758131,1
551,-86.8709370585,31.7290287575,0.519148409366608,0.5237915922070496,1
552,-76.2792708155,41.4706950345,0.548805058002472,0.5310865099036515,1
553,22.1040585825,48.9956947335,0.650197505950928,0.5771772813612701,1
554,-83.3459371995,35.0290286255,0.425431668758392,0.53485651414688,1
555,169.7540526765,-43.5626348975,0.573797523975372,0.5768559213863129,1
556,-80.1959373255,46.0040281865,0.632134556770325,0.48612497663410636,1
557,-84.0792705035,34.3623619855,0.502007782459259,0.5285536098243351,1
558,-84.7209371445,45.1623615535,0.783308506011963,0.4852707218027476,1
559,-94.3709367585,35.8873619245,0.683185875415802,0.5826247399100102,1
560,2.17905937949999,48.0040281065,0.701584756374359,0.5547027328382503,1
561,-83.5626038575,34.5290286455,0.535325050354004,0.5334132817616976,1
562,14.2373922305,49.7206947045,0.470952063798904,0.5183303124656112,1
563,-89.7292702775,34.9623619615,0.576307654380798,0.5593100291059059,1
564,-75.6042708425,41.8456950195,0.591317415237427,0.5358955674220084,1
565,5.8957258975,51.2123613115,0.514156341552734,0.532274170198737,1
566,174.0707191705,-35.1709685665,0.71399998664856,0.5848273206741806,1
567,-94.4459367555,36.9873618805,0.69044429063797,0.5984411768341621,1
568,20.2290586575,48.6873614125,0.661350667476654,0.5363304710872487,1
569,-110.8792694315,44.4290282495,0.426653146743774,0.41516464631195665,1
570,-108.5876028565,45.1873615525,0.398159682750702,0.4313599282899903,1
571,-111.0542694245,46.9290281495,0.429769456386566,0.4265747746539018,1
572,-113.6292693215,48.3623614255,0.45969420671463,0.4273251099468078,1
573,-91.8126035275,33.3123620275,0.512914776802063,0.5567233778541327,1
574,-123.0876022765,41.3956950375,0.45034059882164,0.4914620876021636,1
575,-125.5959355095,53.2040278985,0.423505634069443,0.42796947673440233,1
576,-87.6876036925,30.9206954565,0.54393744468689,0.5244238884068169,1
577,-123.1959356055,53.8040278745,0.430712997913361,0.4249024124786263,1
578,-115.1959359255,49.8040280345,0.377845793962479,0.42675135922290985,1
579,9.35405909249999,46.7290281575,0.497956246137619,0.45873298215038605,1
580,-76.1126041555,38.5040284865,0.544946908950806,0.5322840845825179,1
581,-63.6209379885,50.8956946575,0.454107046127319,0.45115992444228503,1
582,-120.9959356935,60.8040275945,0.458860605955124,0.44913604785659894,1
583,-56.1959382855,53.0040279065,0.464509069919586,0.45491700998785983,1
584,-95.0292700655,35.7790285955,0.697497963905334,0.6065080915621354,1
585,-94.1209367685,37.4290285295,0.660124659538269,0.5817567316380018,1
586,5.3623925855,61.1040275825,0.478507697582245,0.47794078512987576,1
587,6.62905920149998,60.5123609395,0.503817021846771,0.47316941157608083,1
588,-7.4209402365,40.7290283975,0.725887298583984,0.5537694904661238,1
589,-73.6959375855,43.3873616245,0.474976688623428,0.5282130750447417,1
590,-84.4209371565,44.5790282435,0.417636394500732,0.4813241674681061,1
591,-71.0959376895,44.5040282465,0.425972789525986,0.5223730534286989,1
592,-88.7376036505,45.0873615565,0.380566596984863,0.4998423013677512,1
593,-72.8792709515,48.0706947705,0.454809904098511,0.4676200324380095,1
594,12.0040589865,49.9040280305,0.432952046394348,0.485517344210097,1
595,-69.9709377345,45.0290282255,0.50487893819809,0.5380595161763737,1
596,-66.5709378705,48.0873614365,0.780600011348724,0.5076303611139724,1
597,-73.9042709105,48.7456947435,0.438794314861298,0.4489885502697997,1
598,9.50405908650001,51.6040279625,0.550584554672241,0.5375534787154647,1
599,-88.7542703165,46.2706948425,0.428655952215195,0.4732575739420409,1
600,-79.5959373495,47.2040281385,0.458703964948654,0.4600094686355291,1
601,-80.5959373095,47.2040281385,0.422362059354782,0.45488558352319264,1
602,-92.9959368135,49.2040280585,0.458860605955124,0.4498508333504943,1
603,-81.7959372615,48.2040280985,0.345292389392853,0.4457862481109215,1
604,-72.2376043105,-48.2376347105,0.515999972820282,0.510541549688975,1
605,-0.4126071835,45.2540282165,0.584279656410217,0.5568825639131137,1
606,-76.8542707925,41.3290283735,0.552311360836029,0.5458553416661208,1
607,-67.8292711535,46.5290281655,0.751180052757263,0.5356254364176111,1
608,-94.0542701045,30.2706954825,0.491003781557083,0.5291205270583912,1
609,-76.1459374875,35.4373619425,0.485288441181183,0.5337026144764906,1
610,-118.3292691335,57.1290277415,0.429172545671463,0.4244921196976916,1
611,-80.1042706625,33.4206953565,0.457808345556259,0.5252661239050109,1
612,-76.3292708135,35.8873619245,0.483228415250778,0.5327055979644922,1
613,-126.3959354775,54.0040278665,0.431486487388611,0.42808110230010765,1
614,12.4957256335,60.1706942865,0.468746036291122,0.46131372028155765,1
615,11.4707256745,61.2956942415,0.420257836580276,0.469819048397391,1
616,-71.0376043585,48.6373614145,0.495829343795776,0.4901012805222773,1
617,11.8290589935,60.5123609395,0.428342401981354,0.4540913528862103,1
618,-76.0626041575,50.7206946645,0.426701426506042,0.45345225865323885,1
619,-101.3792698115,54.1373611945,0.419765681028366,0.43630004290686886,1
620,-70.7626043695,50.2790280155,0.457867354154587,0.45560797292629834,1
621,-102.1126031155,54.4373611825,0.429179042577744,0.43900685978682696,1
622,-106.1959362855,53.6040278825,0.399206340312958,0.42241380553379326,1
623,-114.7042692785,55.6206944685,0.419761806726456,0.4216595787685235,1
624,-102.6042697625,52.9790279075,0.40663754940033,0.4327997331953634,1
625,-67.4876045005,48.8206947405,0.409984201192856,0.4771715763203107,1
626,10.6790590395,43.9706949345,0.556367635726929,0.6104691678073302,1
627,167.6540527605,-44.7043015185,0.587497711181641,0.590016036143811,1
628,-73.0292709455,41.6956950255,0.551682114601135,0.5308281938923348,1
629,4.8540592725,51.4123613035,0.597947955131531,0.5339893541502538,1
630,2.19572604550001,47.3206948005,0.597001433372498,0.5578086668571788,1
631,-92.6709368265,33.5040286865,0.501995503902435,0.5378053606207546,1
632,25.2623917895,47.1123614755,0.422151207923889,0.4612220805302396,1
633,-120.1959357255,61.2040275785,0.433075100183487,0.4503014899959765,1
634,-124.7959355415,59.8040276345,0.462507784366608,0.4384738841394012,1
635,8.71239245149999,63.0290275055,0.557389795780182,0.4849532884378575,1
636,8.47905912749999,56.2873611085,0.461158603429794,0.5035411650121729,1
637,-122.8626022855,47.9206947765,0.42775484919548,0.5153523050575042,1
638,-64.1292713015,51.9873612805,0.456403762102127,0.4575401521922308,1
639,-93.1959368055,52.8040279145,0.417014330625534,0.45252328608669745,1
640,-97.7959366215,56.2040277785,0.48852676153183,0.442938280054401,1
641,-149.5209345525,61.2790275755,0.499387145042419,0.47948905365321975,1
642,-78.8292707135,46.9456948155,0.452113538980484,0.463603265020662,1
643,-120.6626023735,48.5623614175,0.428032070398331,0.4379986785291915,1
644,-121.1792690195,45.9956948535,0.454727053642273,0.4611402908463415,1
645,-115.2209359245,44.8206949005,0.4361432492733,0.42742306725608087,1
646,30.2873915885,67.0373606785,0.487706691026688,0.4768322566440735,1
647,-76.8459374595,49.0206947325,0.431407421827316,0.4480359962771005,1
648,-79.3959373575,51.6123612955,0.432477414608002,0.44849572088290024,1
649,-59.8959381375,50.4790280075,0.449870467185974,0.45339308187400745,1
650,-99.1959365655,54.0040278665,0.450826197862625,0.4429974172659934,1
651,-100.7042698385,52.3123612675,0.419456452131271,0.4460982488952354,1
652,-79.5959373495,33.1540287005,0.517102539539337,0.5345976426809093,1
653,-86.0709370905,30.3123621475,0.721086859703064,0.5267369809664332,1
654,-85.0292704655,29.9373621625,0.520758330821991,0.5231717886523954,1
655,-81.3292706135,29.0623621975,0.712719082832336,0.5448756472943425,1
656,-80.8209373005,28.0206955725,0.394838780164719,0.5248300756691763,1
657,-75.0626041975,50.4290280095,0.428435027599335,0.45520593429748313,1
658,32.1873915125,59.2456943235,0.547245562076569,0.496653167702233,1
659,148.2373868705,61.8040275545,0.391730427742004,0.45648022388338216,1
660,31.5040582065,62.7123608515,0.447541564702988,0.4699132007118564,1
661,-110.9959360935,57.4040277305,0.418279021978378,0.4300084810382638,1
662,-132.3959352375,53.4040278905,0.439661681652069,0.4857263447187082,1
663,-80.4126039835,25.8373623265,0.644744455814362,0.5295766578171346,1
664,-130.7709353025,55.0706944905,0.427258908748627,0.459961079404361,1
665,-128.7959353815,66.8040273545,0.440190404653549,0.4540230088492578,1
666,-118.9959357735,65.6040274025,0.42190033197403,0.46532236794331633,1
667,-119.7959357415,57.4040277305,0.431305348873138,0.42981962059640666,1
668,-132.1959352455,68.0040273065,0.513579249382019,0.46000804931353834,1
669,151.2790534155,60.3873609445,0.420975685119629,0.474251204966783,1
670,145.0707203305,63.7956941415,0.511782705783844,0.45024837849803956,1
671,-91.6792701995,48.0540281045,0.421621173620224,0.44607679560308233,1
672,-88.5792703235,48.1373614345,0.461939483880997,0.4704580310498339,1
673,-96.7709366625,33.8040286745,0.696571528911591,0.6266304923565231,1
674,-117.0709358505,36.2123619115,0.48439833521843,0.4975124519883796,2
675,-107.9876028805,39.0623617975,0.431711196899414,0.423098283351817,2
676,-107.9959362135,46.5123614995,0.440121561288834,0.46735298284068116,2
677,-100.6376031745,37.0540285445,0.408438384532928,0.5702392967346342,2
678,-103.7376030505,48.0373614385,0.408438384532928,0.4997148044121207,2
679,-2.01260711949999,39.3290284535,0.615971028804779,0.5603388836954322,2
680,-118.2459358035,39.5290284455,0.48439833521843,0.49966913615846675,2
681,-117.9376024825,40.8123617275,0.509938538074493,0.507188641060695,2
682,-116.3709358785,37.9456951755,0.503277838230133,0.506829397317637,2
683,10.9040590305,47.7040281185,0.479567855596542,0.5213333069501623,2
684,21.9040585905,48.5290280855,0.435861319303513,0.5564062849373046,2
685,8.7040591185,51.7040279585,0.553149104118347,0.54295737061056,2
686,4.0207259725,46.4040281705,0.601756930351257,0.5822016753913859,2
687,11.9040589905,52.9040279105,0.609587967395782,0.5311819353882105,2
688,-120.4542690485,44.2790282555,0.445455431938171,0.4525526470395254,2
689,-111.0376027585,33.4206953565,0.498700320720673,0.6059029056096302,2
690,-112.8542693525,34.8706952985,0.490446090698242,0.5453249573281357,2
691,-110.4876027805,33.5873620165,0.55293995141983,0.5726282364531945,2
692,150.4040534505,-27.8126355275,0.609176337718964,0.6536378349563345,2
693,-96.9876033205,28.6373622145,0.470374405384064,0.6348417149845169,2
694,-100.3209365205,29.4706955145,0.627615988254547,0.6788435899718333,2
695,-101.6876031325,43.2206949645,0.442568421363831,0.48142961816468727,2
696,-117.2542691765,58.4456943555,0.414934635162354,0.43355166544718393,2
697,-107.0209362525,48.3706947585,0.432027369737625,0.47744297959467996,2
698,-101.1126031555,34.4040286505,0.509645760059357,0.5912306603263808,2
699,-102.3292697735,46.7206948245,0.513078987598419,0.5079021489006194,2
700,117.0457214515,42.9956949735,0.414797693490982,0.4802939361866701,2
701,-120.4042690505,35.9956952535,0.696706354618073,0.641019434709303,2
702,-120.6292690415,36.4456952355,0.676557004451752,0.6360523891145238,2
703,142.8707204185,-34.6293019215,0.714345395565033,0.6707521898716534,2
704,-2.6959404255,40.2956950815,0.606798827648163,0.5674326759341995,2
705,-115.5709359105,38.1206951685,0.493619918823242,0.5176833822230965,2
706,-113.4959359935,42.4790283275,0.509938538074493,0.4907993978805887,2
707,-103.7626030495,30.5956954695,0.755520761013031,0.5885743260628561,2
708,-120.1459357275,42.4956949935,0.440121561288834,0.47584045944452513,2
709,-116.1792692195,37.2373618705,0.502725899219513,0.5073926137448754,2
710,-53.3042717345,-26.4293022495,0.584307014942169,0.5821828223578925,2
711,11.2873923485,44.1373615945,0.660357773303986,0.5635473505099636,2
712,-73.6959375855,42.8623616455,0.54559850692749,0.5398179151052342,2
713,-77.9459374155,43.2540282965,0.663754463195801,0.5434490280439151,2
714,13.0040589465,48.8040280745,0.583046019077301,0.544286076057072,2
715,-84.3876038245,41.2790283755,0.615768790245056,0.5632761381983462,2
716,1.96239272150001,50.2290280175,0.45969420671463,0.5740444141901626,2
717,3.88739264450001,47.8123614475,0.645543932914734,0.628025398031271,2
718,-85.8709370985,39.2123617915,0.490204095840454,0.5717240723426162,2
719,13.9040589105,53.0040279065,0.545270442962646,0.53444446463796,2
720,9.30405909449999,48.5040280865,0.588850378990173,0.5631909049261014,2
721,-84.6126038155,43.1373616345,0.574699282646179,0.5286301911482455,2
722,7.40405917050001,50.7040279985,0.555307030677795,0.5704966174469535,2
723,-92.6709368265,45.0290282255,0.500695586204529,0.5318901350978639,2
724,-85.9876037605,41.1206950485,0.486817121505737,0.5563903689586848,2
725,-110.9876027605,34.2206953245,0.553072392940521,0.5564309420528418,2
726,-108.9959361735,42.5373616585,0.42241382598877,0.4329248551862673,2
727,-117.9126024835,47.8623614455,0.440121561288834,0.4641589347665259,2
728,-116.3126025475,44.7540282365,0.413060247898102,0.43699194361016475,2
729,-117.2042691785,47.5956947895,0.45969420671463,0.46788241807077247,2
730,-98.7542699165,36.9290285495,0.516534745693207,0.5581856202456801,2
731,-98.6126032555,37.3790285315,0.482012182474136,0.5465169549321777,2
732,-98.5876032565,36.4540285685,0.644668877124786,0.5729184203155772,2
733,-100.0459365315,40.7206950645,0.480354636907578,0.5179921409355475,2
734,-96.9542699885,36.4706952345,0.681242346763611,0.5856724593209538,2
735,-97.5126032995,36.0206952525,0.497614920139313,0.5687544682475274,2
736,-96.0876033565,39.0706951305,0.578352451324463,0.5548474866771493,2
737,-96.5876033365,42.8040283145,0.553577780723572,0.5037631293082828,2
738,-91.5292702055,40.6290284015,0.490070134401321,0.579054154005909,2
739,-99.9959365335,45.0706948905,0.499592185020447,0.518215599006001,2
740,-97.9126032835,48.4790280875,0.485536456108093,0.49639136696243136,2
741,-93.9126034435,38.9706951345,0.676068961620331,0.5949975374614181,2
742,-91.0876035565,38.5040284865,0.609692513942719,0.5948111996894233,2
743,-95.8209367005,43.9540282685,0.457128673791885,0.5210698760169236,2
744,-95.7292700375,39.4623617815,0.467752605676651,0.5470683686933772,2
745,-96.4792700075,35.8623619255,0.690550148487091,0.5995405718784502,2
746,-91.0376035585,41.4623617015,0.597156822681427,0.5597497087949702,2
747,-94.8792700715,40.5706950705,0.574503242969513,0.5636510785425033,2
748,-118.9959357735,56.0040277865,0.398639857769012,0.4335975146086486,2
749,-97.6459366275,45.7040281985,0.649220287799835,0.5170968918249979,2
750,169.0873860365,-44.6959681855,0.749000012874603,0.5552749833090337,2
751,-5.2542736565,39.1873617925,0.649701297283173,0.5981545318466711,2
752,-8.40427353050001,37.2373618705,0.724065065383911,0.6302230807571257,2
753,-0.954273828499993,39.8790284315,0.606798827648163,0.5935130956852134,2
754,15.1540588605,41.3623617055,0.530233383178711,0.6343025221300703,2
755,9.88739240449999,44.7623615695,0.646552383899689,0.5995910804793207,2
756,-7.67927355949999,37.1206952085,0.51801985502243,0.6272195877542741,2
757,-5.22094032449999,38.6706951465,0.714345395565033,0.6151328273604152,2
758,-98.3542699325,28.1456955675,0.72912585735321,0.6973275687796541,2
759,-111.7542693965,43.3206949605,0.392515927553177,0.48979418003078695,2
760,177.5373856985,-17.6709692665,0.47052389383316,0.5813783186355768,2
761,-91.1042702225,47.7790281155,0.445403933525085,0.4471475741022636,2
762,-91.3209368805,31.0623621175,0.547001779079437,0.5391611725609816,2
763,-96.1709366865,49.4956947135,0.420019149780273,0.45022527734679857,2
764,3.60405932250001,48.7873614085,0.633551001548767,0.5921108320696947,2
765,10.2707257225,57.5956943895,0.480358362197876,0.5121473996012514,2
766,153.2457200035,-29.2543021365,0.764604985713959,0.6510863461958989,2
767,152.6290533615,-31.8043020345,0.765756845474243,0.642819030677025,2
768,-90.9542702285,30.7123621315,0.634939610958099,0.5449916932808408,2
769,17.0540587845,49.7456947035,0.590590476989746,0.5694338400103579,2
770,3.16239267349999,50.3373613465,0.576442062854767,0.5720841619496657,2
771,4.34572595949999,48.6540280805,0.477901041507721,0.5873876591719479,2
772,3.11239267549999,47.6790281195,0.603143572807312,0.6110912123871286,2
773,-90.1542702605,35.3123619475,0.500562846660614,0.5676202783865455,2
774,-86.3542704125,41.7123616915,0.541394829750061,0.5444717206411407,2
775,-90.4459369155,36.0540285845,0.544406056404114,0.5693943091249487,2
776,15.7207255045,54.1790278595,0.493211567401886,0.533903553433011,2
777,19.0957253695,53.0956945695,0.567575693130493,0.5224787678408536,2
778,126.6873877325,36.3706952385,0.556448757648468,0.55943959006428,2
779,-89.7209369445,43.9706949345,0.595707178115845,0.5139026399390552,2
780,-90.9209368965,42.4956949935,0.618917346000671,0.5429877750487777,2
781,-77.3292707735,39.4456951155,0.55628764629364,0.5730812585168503,2
782,-104.4876030205,44.4873615805,0.440121561288834,0.44051507513453453,2
783,-111.4709360745,39.9790284275,0.512704014778137,0.49503059060334637,2
784,5.63739257450001,60.4373609425,0.390979200601578,0.4971932027832381,2
785,11.1123923555,46.3540281725,0.444478183984756,0.5209480502495474,2
786,-111.5876027365,40.6956950655,0.396747976541519,0.4344650846378307,2
787,-98.3876032645,27.3956955975,0.746444463729858,0.7010318904361234,2
788,-99.6292698815,42.7540283165,0.485090047121048,0.5064143608683986,2
789,-101.0626031575,43.2206949645,0.440121561288834,0.48408120148493583,2
790,-103.5959363895,52.8040279145,0.473080396652222,0.4477475689361498,2
791,-97.3542699725,31.3873621045,0.603385329246521,0.664021971104194,2
792,-100.0626031975,48.1373614345,0.392515927553177,0.5039581860839054,2
793,7.97072581449999,61.3790275715,0.591212034225464,0.49814125704177986,2
794,27.3873917045,70.5790272035,0.591212034225464,0.5410637504081617,2
795,8.9373924425,41.8790283515,0.757678329944611,0.6048708321965266,2
796,-121.2792690155,37.3373618665,0.748408079147339,0.6499579479470305,2
797,14.5873922165,40.8623617255,0.597688436508179,0.6150285668022495,2
798,13.5290589255,43.5956949495,0.58455228805542,0.6167156962647425,2
799,14.0540589045,37.8873618445,0.681979179382324,0.5633030825144134,2
800,18.1540587405,39.8706950985,0.703000009059906,0.5816625483941669,2
801,-89.9959369335,15.0040294265,0.589112758636475,0.57341587401301,2
802,-83.0459372115,38.1706951665,0.595883905887604,0.555183622715113,2
803,-87.9376036825,35.3290286135,0.55853009223938,0.5571133406547607,2
804,-74.6376042145,40.7790283955,0.543104648590088,0.5439870803834109,2
805,31.7957248615,57.2373610705,0.601725876331329,0.4975499306206035,2
806,21.9790585875,44.1290282615,0.655151128768921,0.5600138456954131,2
807,-91.7459368635,37.4290285295,0.524039506912231,0.5696560880839712,2
808,-84.5876038165,31.8456954195,0.518137156963348,0.5305964782402374,2
809,11.5040590065,52.5040279265,0.498450607061386,0.5282501148329999,2
810,-79.8126040075,40.8540283925,0.540380299091339,0.55673209099526,2
811,-95.6459367075,47.3623614655,0.471234321594238,0.47624014281792065,2
812,29.9373916025,56.8206944205,0.477901041507721,0.5026774878845449,2
813,-76.4542708085,40.1956950855,0.689004063606262,0.5554862941630212,2
814,-91.2459368835,35.9706952545,0.620225131511688,0.5793772682984758,2
815,-95.7792700355,31.9373620825,0.666265547275543,0.6018910208975667,2
816,-93.1709368065,31.2206954445,0.504569053649902,0.5342102399449858,2
817,-123.9959355735,42.7456949835,0.458185583353043,0.4940482891611278,2
818,-84.4959371535,30.6123621355,0.499315470457077,0.533600836759395,2
819,-92.3792701715,32.8873620445,0.539972066879272,0.5391403260176436,2
820,-150.7042678385,59.3373609865,0.401239663362503,0.4492152311489689,2
821,-92.8126034875,30.8873621245,0.523273527622223,0.5312070561823506,2
822,-116.5042692065,52.0040279465,0.39320370554924,0.43997233387280066,2
823,-128.1959354055,57.0040277465,0.341758787631989,0.42804186507536546,2
824,11.3623923455,46.9456948155,0.422707706689835,0.4581470209025804,2
825,-82.2209372445,32.1456954075,0.589654207229614,0.5376911175635549,2
826,-82.8292705535,32.4040287305,0.531521856784821,0.5288068766277639,2
827,-129.5959353495,58.6040276825,0.351859778165817,0.4219078539967922,2
828,-126.7959354615,59.0040276665,0.481696546077728,0.4197671428594946,2
829,-131.3959352775,65.6040274025,0.458860605955124,0.4529946696372654,2
830,-100.5792698435,41.0623617175,0.412569493055344,0.4943182549118816,2
831,172.5373858985,-42.6043016025,0.749000012874603,0.5699107073975309,2
832,-147.4042679705,61.1123609155,0.449793487787247,0.5089723608072061,2
833,-144.0959347695,61.0040275865,0.470135599374771,0.4668667021318341,2
834,9.4540590885,42.9290283095,0.766001760959625,0.6134258687532353,2
835,-7.27094024249999,41.2123617115,0.50644713640213,0.5726814049026481,2
836,2.3373927065,42.0040283465,0.642639815807343,0.6011998299322232,2
837,-2.62094042850001,43.3290282935,0.497124999761581,0.5809959737201953,2
838,-84.2459371635,35.3873619445,0.51834762096405,0.5412171535026606,2
839,-81.7209372645,36.1790285795,0.540813863277435,0.5358461630917224,2
840,128.4373876625,37.0123618795,0.671867907047272,0.550121711206819,2
841,-81.8209372605,34.9540286285,0.615330457687378,0.5247661980952439,2
842,-9.21260683150001,43.0623616375,0.50644713640213,0.5832239935208491,2
843,-81.8542705925,36.6206952285,0.423314362764359,0.5486000327924744,2
844,172.9290525495,-41.5959683095,0.72752845287323,0.563588548888402,2
845,176.2790524155,-39.4543017285,0.766676604747772,0.5904323880021389,2
846,-85.4709371145,35.5540286045,0.630202651023865,0.5411691351121763,2
847,-77.7959374215,36.3456952395,0.502707362174988,0.526720731219935,2
848,-78.1376040745,39.1706951265,0.512736439704895,0.5753373946788499,2
849,-80.7959373015,44.4040282505,0.392958283424377,0.5216424868806215,2
850,-93.4959367935,48.3790280915,0.394409447908401,0.4613628856572603,2
851,-107.2959362415,38.6456951475,0.425432503223419,0.4187098621825345,2
852,-109.9376028025,44.2873615885,0.374038726091385,0.43362692422307825,2
853,-122.3626023055,42.6290283215,0.406242161989212,0.4583367147486854,2
854,-109.5709361505,43.7956949415,0.386527746915817,0.4297414709821667,2
855,-105.4042696505,39.9706950945,0.438828229904175,0.4436371706067453,2
856,18.7123920515,49.0290280655,0.424256950616837,0.5125380301667966,2
857,-109.4126028235,45.1956948855,0.43214413523674,0.4258845874244955,2
858,-115.7959359015,50.2040280185,0.454010665416718,0.4282389920358344,2
859,-107.3209362405,37.4290285295,0.43634033203125,0.4222436070635252,2
860,-104.6626030135,36.7290285575,0.52265202999115,0.49643261427203483,2
861,-125.1959355255,55.8040277945,0.425435900688171,0.4202955940199785,2
862,-115.9959358935,55.2040278185,0.428065836429596,0.42269608403724906,2
863,-106.7042695985,37.7123618515,0.449651271104813,0.4684261001722291,2
864,-87.8876036845,30.5040288065,0.522239565849304,0.5350896595591647,2
865,-121.3959356775,57.8040277145,0.458860605955124,0.42748770066769565,2
866,-99.7959365415,50.8040279945,0.396481513977051,0.4263702332690515,2
867,-95.0292700655,34.1540286605,0.493870288133621,0.5473429873270022,2
868,-72.4876043005,-49.1543013405,0.515999972820282,0.507773593468215,2
869,22.2790585755,69.2040272585,0.591212034225464,0.5422120435232958,2
870,-5.57094031049999,36.1373619145,0.718974590301514,0.6223035440034957,2
871,-108.2126028715,38.0040285065,0.531806826591492,0.4786619554963908,2
872,-85.0709371305,43.9706949345,0.411299526691437,0.4946402760881498,2
873,-82.0542705845,35.3790286115,0.499902337789536,0.5293259448149251,2
874,-83.0126038795,33.8790286715,0.508524537086487,0.5225234624172174,2
875,-88.0459370115,37.0456952115,0.600023627281189,0.5747275018325049,2
876,-94.0292701055,36.5956952295,0.619662821292877,0.5873400568203059,2
877,-75.1626041935,42.4456949955,0.44989737868309,0.5516954849443778,2
878,-88.7376036505,32.8790287115,0.52688866853714,0.5472705776591141,2
879,15.9623921615,49.6623613735,0.571114897727966,0.485472373887169,2
880,171.2707192825,-42.5209682725,0.66918158531189,0.5817194805172495,2
881,-75.8376041665,42.4290283295,0.508335649967194,0.5491704150426039,2
882,15.5873921765,49.0540280645,0.429141461849213,0.5149367142930171,2
883,-84.2792704955,33.3040286945,0.453671544790268,0.5188806969067514,2
884,18.2457254035,49.6373613745,0.6060791015625,0.55181937135139,2
885,-75.2292708575,41.0040283865,0.576343059539795,0.5503242840531051,2
886,-86.3792704115,34.9290286295,0.496660709381104,0.5482856161474794,2
887,-76.7792707955,41.8040283545,0.764633536338806,0.5500193055822076,2
888,-88.6126036555,35.4373619425,0.480336338281631,0.5584992547286831,2
889,-110.5626027775,42.3790283315,0.352273225784302,0.43964053456032814,2
890,-120.6626023735,38.5123618195,0.540852189064026,0.5821533820821552,2
891,-92.1459368475,34.3123619875,0.52515321969986,0.547075341921079,2
892,-112.7209360245,47.0873614765,0.40677484869957,0.4310196981851096,2
893,-89.1376036345,30.9040287905,0.495823383331299,0.5282533603092625,2
894,-123.5959355895,54.8040278345,0.360612869262695,0.4178373319020431,2
895,-127.8292687535,53.0706945705,0.403895258903503,0.47061877041717803,2
896,-128.3959353975,54.6040278425,0.384825110435486,0.48523603464431336,2
897,-127.5959354295,54.2040278585,0.365888208150864,0.4402985660683801,2
898,-78.3376040665,49.4706947145,0.412281543016434,0.4484045799382857,2
899,-72.5459376315,47.0790281435,0.545012831687927,0.49109098974148935,2
900,11.8457256595,43.8706949385,0.647168934345245,0.5971164986500185,2
901,-71.5292710055,45.6206948685,0.490453571081161,0.5195426572179972,2
902,-89.9292702695,46.3123615075,0.442446321249008,0.5054616798451004,2
903,-88.1876036725,46.0040281865,0.570828378200531,0.46696693609467466,2
904,-71.2459376835,43.3373616265,0.409126311540604,0.5149572200457221,2
905,-90.6292702415,46.0040281865,0.444828182458878,0.48960311167657233,2
906,-71.7126043315,47.5790281235,0.470414310693741,0.46204996216622213,2
907,-76.1626041535,46.4123615035,0.452123075723648,0.4808959791055433,2
908,-67.7459378235,44.6706949065,0.45574277639389,0.5115282849975052,2
909,-66.9959378535,46.2040281785,0.704172492027283,0.5059577641143035,2
910,-90.9959368935,48.6040280825,0.410793364048004,0.43396396723418385,2
911,-71.6376043345,-39.3543017325,0.534144937992096,0.5340494540161146,2
912,11.3040590145,49.9040280305,0.492288887500763,0.5348372142618951,2
913,93.5123890595,26.9790289475,0.434134662151337,0.5323300818522467,2
914,-72.7126042915,46.0373615185,0.503354847431183,0.5161741061692589,2
915,20.7790586355,54.4290278495,0.526940166950226,0.5108055930034628,2
916,-80.3376039865,32.6956953855,0.623604536056519,0.5181136482270239,2
917,-126.7959354615,51.2040279785,0.429147243499756,0.4457249780594634,2
918,-125.1959355255,50.2040280185,0.435250788927078,0.5074950036557226,2
919,-82.9709372145,30.6706954665,0.481532692909241,0.5341570258815515,2
920,-72.5792709635,40.8623617255,0.550820052623749,0.5245987709175587,2
921,-76.7459374635,35.1123619555,0.536319494247437,0.5231042466285725,2
922,-69.7876044085,50.3456946795,0.457400441169739,0.45687156646651794,2
923,-67.4292711695,51.7540279565,0.435515701770782,0.45818432749844035,2
924,-107.1542695805,53.9123612035,0.421000152826309,0.42632806791954275,2
925,-68.1626044735,51.3623613055,0.454478234052658,0.456228788017315,2
926,-76.1626041535,51.5373612985,0.422824680805206,0.4526612785128341,2
927,-83.9959371735,49.4040280505,0.442860752344131,0.4349504088884455,2
928,-100.9959364935,53.4040278905,0.471216678619385,0.4395501743595078,2
929,-83.7959371815,48.2040280985,0.471346080303192,0.4432930194283646,2
930,-87.9959370135,48.8040280745,0.464575380086899,0.45687728353745777,2
931,-53.9959383735,48.0040281065,0.458860605955124,0.48927538833053924,2
932,8.62905912150001,59.8123609675,0.482197642326355,0.4890259229687786,2
933,-75.1792708595,43.6290282815,0.506287634372711,0.525199808829266,2
934,2.9790593475,45.8206948605,0.478258371353149,0.5318137344537924,2
935,-89.1876036325,45.9123615235,0.466171026229858,0.4750706706553716,2
936,18.1957254055,51.5456946315,0.477901041507721,0.5243694696159767,2
937,-117.1959358455,61.8040275545,0.458860605955124,0.453046386056336,2
938,-80.9126039635,25.7873623285,0.395847827196121,0.5501012805761593,2
939,9.06239243749999,62.5623608575,0.589844524860382,0.49319296467660356,2
940,6.7040591985,61.9206942165,0.514889538288116,0.48983324830600117,2
941,-48.7792719155,-26.0126355995,0.655625641345978,0.5809806149307287,2
942,-76.0626041575,48.4040280905,0.429790079593658,0.44887939990356857,2
943,-76.8126041275,47.4623614615,0.426723808050156,0.45369177473083355,2
944,6.67905919949999,52.2540279365,0.570049583911896,0.5349775558261131,2
945,8.72072578449999,55.3040278145,0.536587357521057,0.523734173229992,2
946,-122.2126023115,44.3456949195,0.441577076911926,0.4695018416323611,2
947,-122.7542689565,47.4206947965,0.456782162189484,0.4985463122694948,2
948,-61.3542714125,51.8290279535,0.457210302352905,0.45697490232325927,2
949,-95.5792700435,51.0540279845,0.426566332578659,0.4478248500498614,2
950,-151.1959344855,60.6373609345,0.484897792339325,0.4744820808967659,2
951,-101.7959364615,55.8040277945,0.458860605955124,0.44411989237492694,2
952,-70.3292710535,52.0040279465,0.458204090595245,0.4587384594265804,2
953,-96.2376033505,50.8040279945,0.395160228013992,0.4485857491912607,2
954,30.4790582475,69.6873605725,0.578534364700317,0.5449478691424676,2
955,-95.4209367165,48.6956947455,0.392307341098785,0.46029695370650814,2
956,-114.8209359405,46.9290281495,0.430546641349792,0.44056437404921983,2
957,-116.1959358855,47.3123614675,0.444456905126572,0.45312904575497065,2
958,-116.3459358795,46.7290281575,0.436190783977509,0.4725123874654957,2
959,-116.5459358715,47.8206947805,0.433204799890518,0.4425477229635283,2
960,-121.2626023495,48.3456947595,0.444662183523178,0.4438242507277312,2
961,-77.1126041155,50.1290280215,0.438027828931808,0.4491869353563884,2
962,-100.5959365095,52.8040279145,0.461014062166214,0.4406575852058568,2
963,-98.9959365735,55.6040278025,0.413109570741653,0.44268789730483704,2
964,-76.4792708075,51.1040279825,0.458860605955124,0.45097814056647273,2
965,-77.6876040925,34.8290286335,0.512633264064789,0.5193650546735255,2
966,33.1873914725,60.9540275885,0.481201350688934,0.483169767048869,2
967,34.4540580885,61.4956942335,0.46534851193428,0.4752522021488594,2
968,29.3623916255,60.2706942825,0.447648972272873,0.48575045668804384,2
969,34.8123914075,63.7956941415,0.477901041507721,0.48427618350097223,2
970,143.2207204045,61.3873609045,0.38450962305069,0.46014247423333493,2
971,36.0540580245,63.4540274885,0.482289463281631,0.4836167530333411,2
972,31.0707248905,68.1873606325,0.43574982881546,0.519106792473458,2
973,35.4207247165,66.9456940155,0.492913872003555,0.48236481899918954,2
974,-71.4459376755,46.1956948455,0.445489764213562,0.5206223608395928,2
975,-80.7542706365,26.2956956415,0.415516018867493,0.5230826972373547,2
976,-119.7959357415,65.0040274265,0.453893095254898,0.44928529337056083,2
977,-1.02927382550001,44.2790282555,0.50644713640213,0.5511982255599203,2
978,-134.3959351575,67.6040273225,0.472032278776169,0.4606430147668662,2
979,-120.5959357095,59.2040276585,0.458860605955124,0.4423112514193469,2
980,34.9290580695,68.1206939685,0.436751335859299,0.49814814262530777,2
981,31.3123915475,58.6873610125,0.448671132326126,0.49001227060321706,2
982,-87.3459370395,44.7623615695,0.355089664459229,0.5064011872770368,2
983,-110.3626027855,39.9206950965,0.565371692180634,0.4909926961054775,3
984,-107.0626029175,46.1290281815,0.449909448623657,0.4614581083935382,3
985,-105.4042696505,47.2706948025,0.581285715103149,0.47041217497593196,3
986,-1.48760714049999,41.1790283795,0.606798827648163,0.6026433868312275,3
987,1.76239272949999,41.8790283515,0.612417340278625,0.6109948983033651,3
988,-4.1542737005,37.5706951905,0.606798827648163,0.6448991351661593,3
989,-117.2292691775,38.6290284815,0.504533648490906,0.5089804564511263,3
990,-107.6876028925,38.2373618305,0.554909408092499,0.463552964869533,3
991,-97.9042699505,29.0790288635,0.724089205265045,0.670464519460319,3
992,26.4040584105,59.1623609935,0.490597099065781,0.4877888305847163,3
993,12.4040589705,52.5040279265,0.526458084583282,0.5402023318027429,3
994,-106.0376029585,38.7040284785,0.565371692180634,0.4763189687091851,3
995,-105.5709363105,38.4456951555,0.568263411521912,0.4824513315147131,3
996,-103.1459364075,45.3623615455,0.456358850002289,0.4742286913079334,3
997,-102.0709364505,39.9790284275,0.408078372478485,0.5004404813889509,3
998,-104.1126030355,41.1040283825,0.440121561288834,0.49119459077281535,3
999,-104.3292696935,35.9623619215,0.574370205402374,0.5528349316711691,3
1000,-104.1876030325,39.3873617845,0.440121561288834,0.4861863036553005,3
1001,-103.6542697205,37.5040285265,0.57064163684845,0.5306759441877513,3
1002,-111.7042693985,47.0290281455,0.440027296543121,0.4434835463924366,3
1003,-98.6542699205,33.5873620165,0.702149391174316,0.673333636263482,3
1004,-99.9626032015,36.0540285845,0.680916011333466,0.551519690108588,3
1005,-98.5459365915,34.7373619705,0.688630163669586,0.6030429728244184,3
1006,-99.6792698795,34.4373619825,0.720885336399078,0.6345379080491672,3
1007,-88.8209369805,39.3623617855,0.625629305839539,0.56888908369753,3
1008,-98.8542699125,27.9290289095,0.724089205265045,0.6932848059103658,3
1009,-116.0459358915,40.1956950855,0.497423022985458,0.5044269387986092,3
1010,-89.7459369435,14.5040294465,0.494894564151764,0.61719285562731,3
1011,152.2540533765,-30.5876354165,0.67601066827774,0.6467517660369189,3
1012,-3.17094040649999,43.0706949705,0.65765517950058,0.599401280187033,3
1013,12.3290589735,44.2706949225,0.586127758026123,0.573425799112744,3
1014,29.0957249695,59.6956943055,0.450166821479797,0.4897259757174136,3
1015,6.62905920149998,47.1873614725,0.477565437555313,0.57925486956079,3
1016,5.21239259149999,47.8623614455,0.667115747928619,0.6213663162159152,3
1017,14.8873922045,48.9290280695,0.421921789646149,0.5039829904190382,3
1018,-83.2709372025,39.6290284415,0.579341948032379,0.5801788115730793,3
1019,14.7040588785,52.1040279425,0.477901041507721,0.5347050813273729,3
1020,-90.5459369115,42.8873616445,0.447312891483307,0.5408257852637905,3
1021,-1.45427380850001,46.3540281725,0.575697064399719,0.5663488064854096,3
1022,10.9290590295,44.9706948945,0.450500011444092,0.5639377216643303,3
1023,-80.7709373025,41.6706950265,0.557817995548248,0.5524643389789266,3
1024,24.2540584965,58.4123610235,0.562701284885406,0.48775242569801536,3
1025,-77.1459374475,43.2040282985,0.578234553337097,0.549109464971267,3
1026,-83.9459371755,38.8373618065,0.753681063652039,0.5727037440054475,3
1027,9.60405908249999,54.6040278425,0.601725876331329,0.5369587618089204,3
1028,-95.9459366955,46.4206948365,0.40024521946907,0.4931938361043861,3
1029,-92.3626035055,31.3206954405,0.551641464233398,0.5421823939364102,3
1030,-110.6292694415,43.9373616025,0.390419334173203,0.43409800815021726,3
1031,-113.8626026455,43.7206949445,0.454386353492737,0.42979103182239414,3
1032,-108.8042695145,33.5706953505,0.549821317195892,0.5556273361738259,3
1033,-108.4792695275,35.1290286215,0.567791283130646,0.5219213820225695,3
1034,-109.2042694985,36.5373618985,0.543911159038544,0.514924121861668,3
1035,10.3040590545,47.4040281305,0.492730855941772,0.4933997625588389,3
1036,148.3790535315,-25.5459689515,0.645392775535583,0.650789684154146,3
1037,-97.5709366305,26.5790289635,0.724089205265045,0.6431303813914708,3
1038,-92.3626035055,29.8290288335,0.482698321342468,0.5452185279607467,3
1039,-97.9542699485,38.2123618315,0.436758607625961,0.5328777035491772,3
1040,-95.7626033695,36.3290285735,0.680473685264587,0.5923308047343422,3
1041,-99.3042698945,29.7873621685,0.635985434055328,0.6579790701512499,3
1042,-97.3209366405,39.9623617615,0.553453624248505,0.5444685803422727,3
1043,-104.4626030215,48.1290281015,0.466602772474289,0.4862538086743264,3
1044,-89.0126036395,40.6623617335,0.623028099536896,0.5791270527595206,3
1045,-92.4792701675,41.4206950365,0.572000026702881,0.545337537545245,3
1046,-91.5376035385,42.5040283265,0.549335598945618,0.5236652718289286,3
1047,-98.7292699175,39.5706951105,0.53536731004715,0.5216254703421669,3
1048,-97.3626033055,45.0790282235,0.465496957302094,0.5161982521331625,3
1049,-94.5626034175,39.8373617665,0.531026303768158,0.58464753872262,3
1050,-99.2126032315,47.4123614635,0.430082440376282,0.5164790186059662,3
1051,-100.0459365315,47.6456947875,0.430019468069077,0.5089506805702901,3
1052,-97.0376033185,37.9540285085,0.429535388946533,0.545136931850303,3
1053,-101.3792698115,47.3540281325,0.581285715103149,0.5040712172549393,3
1054,-93.9542701085,40.6790283995,0.466296643018723,0.5697403139773264,3
1055,-96.3376033465,47.5206947925,0.425766497850418,0.4965366716704068,3
1056,-92.3126035075,40.4790284075,0.579503178596497,0.5683323925124463,3
1057,-2.8042737545,42.0373616785,0.477901041507721,0.4791943185737366,3
1058,-5.77094030250001,37.8706951785,0.711540281772614,0.6337518002934363,3
1059,-4.47927368750001,39.4040284505,0.50644713640213,0.5719311248433414,3
1060,10.7373923705,43.2540282965,0.764182448387146,0.6321647596426445,3
1061,-122.2376023105,37.8790285115,0.517727553844452,0.603010664699787,3
1062,-4.54594035150001,37.9873618405,0.69367790222168,0.6393866756856456,3
1063,0.220726124500004,38.7456951435,0.606798827648163,0.6180927908835901,3
1064,16.4457254755,40.5706950705,0.642639815807343,0.6341094171480385,3
1065,-113.9792693075,42.0790283435,0.509938538074493,0.48482344308879466,3
1066,-98.1292699415,26.5040289665,0.73015820980072,0.6360758367582139,3
1067,-115.9876025605,43.6623616135,0.444628894329071,0.48873193886362065,3
1068,16.9290587895,50.2456946835,0.420257836580276,0.48503763769032954,3
1069,-92.4459368355,46.4540281685,0.423959404230118,0.46599404270266087,3
1070,152.6207200285,-31.3293020535,0.752499461174011,0.6110665725243241,3
1071,-91.0626035575,33.7290286775,0.52769547700882,0.5773816766527217,3
1072,175.1707191265,-39.6959683855,0.588330030441284,0.6167348184612447,3
1073,15.6123921755,44.8623615655,0.622447967529297,0.5830901701730449,3
1074,-89.1709369665,35.6956952655,0.545797407627106,0.5786097518921479,3
1075,20.9790586275,48.5206947525,0.701584756374359,0.5744421918795779,3
1076,-1.37927381150001,43.8706949385,0.50644713640213,0.5494475414659387,3
1077,-91.4209368765,29.9290288295,0.428333342075348,0.5380483686057032,3
1078,-90.8626035655,29.9290288295,0.407749712467194,0.5315115714533468,3
1079,-96.5542700045,30.9206954565,0.693253457546234,0.6453904145477157,3
1080,5.29572592150001,45.7873615285,0.698408603668213,0.5963009224611503,3
1081,126.2207210845,34.3873619845,0.600782930850983,0.5584012348311437,3
1082,4.27072596249999,49.1706947265,0.608983278274536,0.5872707527330396,3
1083,-1.03760715850001,47.8123614475,0.695034503936768,0.5967626796994016,3
1084,-91.5792702035,34.2790286555,0.388195335865021,0.5712163697938953,3
1085,-90.0542702645,34.2290286575,0.49310177564621,0.5768471496287366,3
1086,11.2040590185,48.4040280905,0.433031380176544,0.549822835552235,3
1087,1.01239275949999,49.7373613705,0.401926279067993,0.5802845185151579,3
1088,3.30405933450001,46.3623615055,0.654572248458862,0.597460097051946,3
1089,0.4040594505,46.0040281865,0.496076583862305,0.5934127783263837,3
1090,-87.9792703475,43.7040282785,0.552823066711426,0.5305095034326072,3
1091,-2.0459404515,48.4956947535,0.601225674152374,0.563910866175886,3
1092,-121.6626023335,42.7873616485,0.440121561288834,0.4489129560034173,3
1093,11.6373923345,46.0290281855,0.520723819732666,0.575059953800967,3
1094,-119.5792690835,37.2956952015,0.476179569959641,0.5761909990313852,3
1095,-118.7209357845,36.2040285785,0.445684522390366,0.5898710307302905,3
1096,-90.2042702585,31.0290287855,0.628811180591583,0.5426231965768609,3
1097,11.7207256645,46.5540281645,0.469426423311234,0.4777687005094085,3
1098,-80.7959373015,49.0040280665,0.460597544908524,0.4480942207258679,3
1099,-97.9542699485,27.8623622455,0.732806444168091,0.6681411665173785,3
1100,-97.7126032915,32.3540287325,0.627615988254547,0.6681422626693555,3
1101,-97.6792699595,33.7456953435,0.752084374427795,0.650099116934563,3
1102,-97.6376032945,29.8706954985,0.531750023365021,0.6550077770074849,3
1103,-96.1709366865,32.9456953755,0.680637300014496,0.6072900943081077,3
1104,-93.0376034785,44.6373615745,0.625172197818756,0.5209491534622733,3
1105,-100.9459364955,48.5540280845,0.471352368593216,0.4997534646891369,3
1106,6.62072586849999,60.0373609585,0.591212034225464,0.49839911512557633,3
1107,12.9373922825,65.3373607465,0.449524998664856,0.48997358514114964,3
1108,-120.1876023925,37.6206951885,0.734383285045624,0.6206482445482964,3
1109,-118.7626024495,35.7540285965,0.689847767353058,0.5899252352120211,3
1110,15.9207254965,38.2040284985,0.614486873149872,0.5954873488710762,3
1111,13.0707256105,41.3206950405,0.647174000740051,0.6028309261173511,3
1112,-73.2876042685,10.5290296055,0.464486718177795,0.5879896757683519,3
1113,-91.4959368735,15.5040294065,0.455371379852295,0.5567177006410357,3
1114,124.7040544785,11.0290295855,0.575586378574371,0.5748636940142432,3
1115,-85.0792704635,36.3290285735,0.537559866905212,0.5577819662692487,3
1116,-77.5626040975,38.0290285055,0.597178936004639,0.5341957610795292,3
1117,-79.9209373365,37.7540285165,0.563979506492615,0.5482365993354327,3
1118,-86.1709370865,31.8623620855,0.493027150630951,0.5254261546924108,3
1119,-87.6126036955,36.4873619005,0.534733474254608,0.5710788534333563,3
1120,-92.1459368475,36.8790285515,0.64650160074234,0.5712623616087308,3
1121,7.3040591745,49.4040280505,0.592569470405579,0.5590398777055016,3
1122,152.0123867195,-26.9793022275,0.77131986618042,0.6903981089390364,3
1123,16.9623921215,49.1040280625,0.56428986787796,0.5864737961521247,3
1124,32.6540581605,58.0873610365,0.554715871810913,0.4972684265729234,3
1125,-0.712607171499997,42.7790283155,0.591521322727203,0.5154855428863864,3
1126,-0.087607196499988,42.5873616565,0.477624177932739,0.5209616413772519,3
1127,30.9707248945,55.9456944555,0.491942852735519,0.4995511484327192,3
1128,-74.3376042265,45.4373615425,0.616133034229279,0.5461922471847869,3
1129,-88.1876036725,33.7790286755,0.489652663469315,0.5336369593871918,3
1130,-86.0792704235,34.5290286455,0.600168824195862,0.547173459952197,3
1131,16.8623921255,50.7040279985,0.467147201299667,0.5448140629006378,3
1132,-122.7959356215,44.6373615745,0.440121561288834,0.5251150054424455,3
1133,-78.9959373735,44.2040282585,0.444060355424881,0.5243235132740649,3
1134,-123.2959356015,47.0373614785,0.458653748035431,0.5014159230488605,3
1135,-92.9209368165,34.3123619875,0.532862305641174,0.5462556384191259,3
1136,-122.7959356215,56.6040277625,0.412868201732635,0.42445571905975954,3
1137,-93.1376034745,32.2790287355,0.516387224197388,0.5303379098681116,3
1138,-120.3959357175,55.6040278025,0.393170744180679,0.42427315744763666,3
1139,26.0540584245,47.2873614685,0.65508359670639,0.540628752726713,3
1140,-81.8542705925,32.6623620535,0.524889171123505,0.5280418723198997,3
1141,-94.3292700935,33.0040287065,0.479943186044693,0.5374823321884754,3
1142,-85.2626037895,30.9873621205,0.470406740903854,0.5352604105494208,3
1143,-95.2459367235,32.0790287435,0.537605345249176,0.565954146208048,3
1144,34.2957247615,60.3456942795,0.477901041507721,0.49139644925266,3
1145,34.3373914265,64.9623607615,0.477901041507721,0.4854323230613958,3
1146,-129.5959353495,57.8040277145,0.413900434970856,0.4221929328941069,3
1147,-129.1959353655,61.2040275785,0.458860605955124,0.43809026211378777,3
1148,-130.5792686435,55.6290278015,0.445595145225525,0.456214139692897,3
1149,-0.4126071835,40.2290284175,0.50644713640213,0.6068483523001598,3
1150,-6.3709402785,39.8206951005,0.50644713640213,0.5992566821909031,3
1151,-79.0292707055,39.1123617955,0.579337120056152,0.5594447705689439,3
1152,127.1790543795,38.0373618385,0.571107864379883,0.5605825670565107,3
1153,127.2623877095,35.4040286105,0.434166967868805,0.5636269108144278,3
1154,12.6040589625,53.1040279025,0.519176006317139,0.5294069468577725,3
1155,-87.4459370355,32.1623620735,0.493531048297882,0.5397259746455251,3
1156,126.5290544055,33.4206953565,0.546582281589508,0.5551127744011842,3
1157,15.4373921825,50.0706946905,0.488683938980103,0.5376944734858049,3
1158,-82.1376039145,39.6956951055,0.58132416009903,0.5733101198563011,3
1159,-77.9959374135,39.6790284395,0.446941614151001,0.5706174856792147,3
1160,-79.1376040345,36.3623619055,0.501562535762787,0.528061746575948,3
1161,-3.36260706550001,48.1706947665,0.453659296035767,0.5791011672715848,3
1162,16.0873921565,53.6706945465,0.508350133895874,0.5175876588825584,3
1163,-81.8626039255,39.1373617945,0.505877792835236,0.5617086561223097,3
1164,-79.4626040215,36.7373618905,0.528544723987579,0.5340068472138976,3
1165,13.2040589385,51.6040279625,0.483268618583679,0.5442566030717312,3
1166,-105.7626029695,39.4290284495,0.42891401052475,0.42348521552100005,3
1167,-119.4209357565,43.8790282715,0.431975871324539,0.4477628647400339,3
1168,-106.7042695985,40.1456950875,0.444824188947678,0.41648949070417784,3
1169,-111.5626027375,44.2956949215,0.427060097455978,0.4346360551017958,3
1170,-117.1876025125,54.0706945305,0.428099125623703,0.426991847755808,3
1171,-117.7959358215,49.4040280505,0.419948935508728,0.41953206805039667,3
1172,-123.7959355815,56.6040277625,0.412172019481659,0.43236981493647864,3
1173,-105.3042696545,40.7456950635,0.440121561288834,0.4759186725234046,3
1174,-100.9626031615,51.6956946255,0.420744150876999,0.42549219392987586,3
1175,-131.9959352535,59.0040276665,0.34064906835556,0.4337433198389366,3
1176,30.5040582465,59.5540276445,0.592049658298492,0.4863978250693267,3
1177,-130.9959352935,59.4040276505,0.34064906835556,0.43289704788203615,3
1178,147.5873868965,-25.7959689415,0.620762705802917,0.649319656612889,3
1179,-117.3459358395,54.7290278375,0.405476003885269,0.4304837419291546,3
1180,-114.5959359495,52.4040279305,0.40554866194725,0.4442669975328645,3
1181,26.3373917465,69.9290272295,0.591212034225464,0.5438484796279649,3
1182,-5.4376069825,36.5790285635,0.772300601005554,0.6128263136036233,3
1183,-6.6626069335,42.5123616595,0.556367635726929,0.5827493690004082,3
1184,-49.5876052165,-26.9959688935,0.605530142784119,0.5903863618107568,3
1185,-48.7792719155,-26.9959688935,0.646434903144836,0.5890592553499169,3
1186,-70.8209377005,47.5290281255,0.446586579084396,0.4544001950553545,3
1187,-65.1709379265,48.1206947685,0.511243402957916,0.5106385967628726,3
1188,-75.6959375055,41.2956950415,0.520026028156281,0.5436286512963912,3
1189,-79.6126040155,41.6123616955,0.439568728208542,0.5565142530043172,3
1190,-65.3959379175,47.6040281225,0.459727615118027,0.5129145672533644,3
1191,8.20405913849999,47.7040281185,0.484977066516876,0.5148771948758566,3
1192,22.4707252345,60.5373609385,0.575571358203888,0.48868612056646155,3
1193,-84.9959371335,35.2206952845,0.569829881191254,0.5340443615705204,3
1194,-85.2376037905,34.7790286355,0.556407272815704,0.5472762595594113,3
1195,-93.5626034575,38.2873618285,0.550731539726257,0.5826751547942164,3
1196,-83.8709371785,43.1540283005,0.535147488117218,0.5280934585136633,3
1197,-82.7459372235,43.7290282775,0.589644432067871,0.5315832073512755,3
1198,-113.3459359995,47.8290281135,0.459199011325836,0.4261511903061343,3
1199,-111.3209360805,44.8790282315,0.435050129890442,0.418966320686848,3
1200,-126.3959354775,53.2040278985,0.4372578561306,0.4302861057532663,3
1201,-118.1126024755,36.0373619185,0.48439833521843,0.5175300159824715,3
1202,-145.3126013875,60.4706942745,0.369433760643005,0.46864662584983513,3
1203,-119.7876024085,38.6956951455,0.381417632102966,0.4885029143685702,3
1204,-125.7959355015,55.0040278265,0.43238040804863,0.4182594336120244,3
1205,-62.3459380395,51.8706946185,0.458955734968185,0.45406471173264323,3
1206,-114.5959359495,60.4040276105,0.422428846359253,0.4466497824873945,3
1207,-117.0876025165,59.7290276375,0.402210295200348,0.44209023995052027,3
1208,-79.4709373545,48.9206947365,0.458860605955124,0.45387585814807296,3
1209,-93.6876034525,37.0623618775,0.674031019210815,0.5877836822606183,3
1210,-8.10427354250001,40.2790284155,0.520294904708862,0.5572778112972616,3
1211,4.81239260749999,45.0206948925,0.685405731201172,0.5983595992656698,3
1212,-79.4709373545,47.9873614405,0.454576045274734,0.45117052080808706,3
1213,-69.2792710955,45.7540281965,0.412878513336182,0.5209583060552834,3
1214,-70.5542710445,45.2540282165,0.461281150579453,0.5112309970283215,3
1215,-73.9459375755,46.8456948195,0.395883411169052,0.4721670870065308,3
1216,-68.2959378015,46.1456948475,0.355495989322662,0.5364865354904558,3
1217,-70.0376043985,45.5206948725,0.578432738780975,0.5210408498968494,3
1218,-73.3709375985,47.1873614725,0.439568996429443,0.4635108845607999,3
1219,-78.2126040715,41.6456950275,0.682659268379211,0.544322702355754,3
1220,-72.7542709565,44.0706949305,0.485841989517212,0.5519440897791797,3
1221,-69.4292710895,44.6790282395,0.450269222259521,0.5233116337257013,3
1222,-64.7959379415,46.4040281705,0.452643424272537,0.5009982579240494,3
1223,-69.5959377495,43.8706949385,0.439509689807892,0.5098041078173535,3
1224,-72.0292709855,46.4040281705,0.417819887399673,0.511583680160543,3
1225,5.7790592355,51.7040279585,0.416508138179779,0.5440983615672285,3
1226,22.7790585555,54.3706945185,0.497736990451813,0.49628436938594267,3
1227,10.0040590665,50.3040280145,0.518531382083893,0.55206682651407,3
1228,-68.2126044715,48.5290280855,0.427120566368103,0.4924495480254944,3
1229,-80.7292706375,33.3123620275,0.507550835609436,0.5183475476045001,3
1230,-77.1042707825,35.4956952735,0.521372318267822,0.5272400355301049,3
1231,-65.3376045865,51.0456946515,0.455845862627029,0.454521609324263,3
1232,-69.8876044045,48.2373614305,0.440861433744431,0.5006260424614285,3
1233,-69.9126044035,49.2373613905,0.463353902101517,0.4513047662930781,3
1234,-70.9209376965,50.7290279975,0.449020385742188,0.45206679633284846,3
1235,-106.4126029435,54.6206945085,0.420519888401031,0.42906817051451424,3
1236,-71.0376043585,49.3873613845,0.448418110609055,0.4498494212719557,3
1237,-69.1626044335,50.0790280235,0.458602905273438,0.45786598020930974,3
1238,-64.8292712735,51.4040279705,0.498390942811966,0.45241762844072936,3
1239,10.9040590305,59.8956942975,0.437918245792389,0.4707242078938147,3
1240,-57.3042715745,51.9123612835,0.45885905623436,0.45332259744825,3
1241,-86.3959370775,48.8040280745,0.495346367359161,0.45494211231946535,3
1242,-93.3959367975,50.2040280185,0.471773028373718,0.4463140952562182,3
1243,-93.1959368055,51.6040279625,0.441526025533676,0.44715976473850844,3
1244,-109.1959361655,54.0040278665,0.447893589735031,0.42649139674517605,3
1245,-54.5959383495,49.2040280585,0.461963504552841,0.4709586165578518,3
1246,-98.8376032465,52.0873612765,0.473907321691513,0.4459363713594492,3
1247,-72.8459376195,42.5456949915,0.487684845924377,0.5504535676592722,3
1248,-72.1542709805,42.4373616625,0.43537250161171,0.5286702405648075,3
1249,24.6873918125,58.8540276725,0.460240811109543,0.48464813646937244,3
1250,167.8957194175,-46.8126347675,0.781980574131012,0.5893155851371658,3
1251,26.1290584215,58.1540277005,0.476770758628845,0.4886080092311561,3
1252,17.1457254475,52.7956945815,0.597679615020752,0.5357879532491022,3
1253,8.1707258065,46.1540281805,0.451928585767746,0.46176397478219144,3
1254,7.4707258345,46.7456948235,0.420257836580276,0.5099391819429224,3
1255,10.4540590485,63.6706941465,0.472394406795502,0.502304340348152,3
1256,11.9790589875,62.4540275285,0.591212034225464,0.4860448433412876,3
1257,-96.9959366535,56.6040277625,0.463462561368942,0.4465179174095774,3
1258,-110.5959361095,58.6040276825,0.46540179848671,0.4483174378500791,3
1259,171.0873859565,-43.0126349195,0.763419151306152,0.544144008691289,3
1260,-78.4542707285,47.3373614665,0.469580560922623,0.44998223222755945,3
1261,3.60405932250001,45.3456948795,0.485834658145905,0.5186219590507432,3
1262,-71.3876043445,42.1956950055,0.527118027210236,0.5179514336606449,3
1263,8.74572578350001,55.8206944605,0.432096302509308,0.5166456380877261,3
1264,-68.5959377895,52.5456945915,0.46537971496582,0.45439697333901485,3
1265,-73.2626042695,51.4206946365,0.430086731910706,0.4561016549377075,3
1266,-65.8626045655,51.9623612815,0.459617286920547,0.455322073569715,3
1267,29.0790583035,62.6456941875,0.421278238296509,0.4788291764698186,3
1268,25.3623917855,68.8873606045,0.591212034225464,0.5393936109191221,3
1269,31.3623915455,59.8206943005,0.541669487953186,0.49600852757850816,3
1270,-96.1959366855,52.8040279145,0.467426359653473,0.4464158802423856,3
1271,24.9873918005,69.8290272335,0.533645570278168,0.5432430542735367,3
1272,-77.4126041035,47.2706948025,0.461958229541779,0.45369478239012867,3
1273,-115.8459358995,45.7790281955,0.421466439962387,0.4415525928134904,3
1274,-114.3959359575,46.1123615155,0.410175532102585,0.428582542548657,3
1275,-115.0376025985,46.4040281705,0.415141016244888,0.43672427139119707,3
1276,-121.5459356715,48.9540280685,0.461524575948715,0.45166090102096,3
1277,-115.1959359255,45.8206948605,0.411818206310272,0.4382664692662414,3
1278,-75.1959375255,49.7873613685,0.439430862665176,0.4498871896720432,3
1279,-112.5042693665,55.7206944645,0.498513728380203,0.41841484043397426,3
1280,30.8957248975,63.5790274835,0.441006392240524,0.47859332178135505,3
1281,-109.3959361575,56.8040277545,0.398161798715591,0.43335084461970097,3
1282,-78.0542707445,51.0790279835,0.458860605955124,0.4489240397679972,3
1283,-66.7126045315,50.1623613535,0.436106592416763,0.4735625232658888,3
1284,-81.1709372865,27.6290289215,0.488000005483627,0.5437202031660306,3
1285,-82.1126039155,27.9706955745,0.594582080841064,0.5654319402738739,3
1286,34.0540581045,67.5623606575,0.428887188434601,0.5031265832189964,3
1287,-90.7209369045,29.4373621825,0.480143219232559,0.5382759614987229,3
1288,-126.3959354775,50.0040280265,0.443657517433167,0.4718827994046934,3
1289,11.8873923245,63.3123608275,0.489565491676331,0.4873840847411461,3
1290,32.7873914885,62.9790275075,0.436263799667358,0.4733375911994032,3
1291,-131.3459352795,55.4123611435,0.432885050773621,0.46648430190148826,3
1292,-9.16260683350001,38.5790284835,0.606798827648163,0.6150610866313178,3
1293,-117.7959358215,60.2040276185,0.458860605955124,0.4426096246309523,3
1294,33.5207247925,63.8290274735,0.477901041507721,0.4818819260077168,3
1295,34.1373914345,59.0540276645,0.531294822692871,0.49232096427379457,3
1296,-101.3959364775,33.4706953545,0.509645760059357,0.6006111529008067,4
1297,-108.5292695255,46.2540281765,0.440121561288834,0.47014577837185156,4
1298,-104.4792696875,47.2206948045,0.466602772474289,0.4773844998821125,4
1299,-108.3792695315,45.7873615285,0.440121561288834,0.48404100270458594,4
1300,-103.2876030685,47.1873614725,0.581285715103149,0.48321671432640306,4
1301,-106.7209362645,45.4540282085,0.440121561288834,0.47204022438711335,4
1302,-0.512607179500009,41.7456950235,0.606798827648163,0.5951729269722883,4
1303,3.1457260075,41.9456950155,0.586789786815643,0.6005823197453729,4
1304,-3.14594040750001,37.7290285175,0.606798827648163,0.6079993087551724,4
1305,-4.3876070245,37.1040285425,0.606798827648163,0.6166404585394206,4
1306,-116.7792691955,38.3123618275,0.493118137121201,0.500880721044251,4
1307,-113.6292693215,36.7790285555,0.525871396064758,0.5123603252350977,4
1308,-108.6792695195,43.1123616355,0.418509840965271,0.4843946989626073,4
1309,-107.9042695505,44.2706949225,0.408438384532928,0.48183315399614407,4
1310,-108.4959361935,39.8623617655,0.565371692180634,0.5023770733031112,4
1311,-116.6459358675,39.6623617735,0.48439833521843,0.5121339950383187,4
1312,-109.8709361385,33.3456953595,0.466827213764191,0.5500903490816219,4
1313,-118.7126024515,44.5373615785,0.443098843097687,0.4421857778333114,4
1314,-102.4209364365,35.4040286105,0.58275306224823,0.5571137390785612,4
1315,-103.0042697465,34.9706952945,0.57064163684845,0.5522849182633737,4
1316,-71.3126043475,-46.0293014655,0.515652656555176,0.513068603974567,4
1317,-101.8209364605,35.3040286145,0.724089205265045,0.556466017907614,4
1318,-102.9126030835,42.6873616525,0.440121561288834,0.47069867340917326,4
1319,-102.7209364245,43.8290282735,0.473979353904724,0.4952667754550155,4
1320,-101.5292698055,46.5456948315,0.586489856243134,0.49215482706022956,4
1321,-99.4459365555,35.7790285955,0.629999995231628,0.5757462662243183,4
1322,11.5040590065,42.5290283255,0.732731401920319,0.6439677771261388,4
1323,-117.4959358335,36.5706952305,0.48439833521843,0.5055435731552015,4
1324,-113.1542693405,38.1040285025,0.509938538074493,0.5112229010577628,4
1325,-119.8792690715,41.5623616975,0.511013209819794,0.4722141145512614,4
1326,-109.4709361545,31.9456954155,0.767705202102661,0.6035486223887905,4
1327,-64.2959379615,-17.3293026135,0.497124999761581,0.5887422584385489,4
1328,-51.9292717895,-26.9959688935,0.494348406791687,0.5639061651513151,4
1329,-52.5709384305,-26.4709689145,0.525951504707336,0.5626440160871069,4
1330,-91.4959368735,14.2540294565,0.397543907165527,0.5619738376276002,4
1331,-88.7126036515,33.5956953495,0.634000420570374,0.5599825276311945,4
1332,-91.9209368565,30.1873621525,0.50761741399765,0.5295762422562547,4
1333,9.8040590745,49.3040280545,0.570274412631989,0.5702614540178044,4
1334,-83.2626038695,42.1040283425,0.408438384532928,0.5548882488523073,4
1335,-85.0376037985,41.1623617135,0.573040902614594,0.5890625783810947,4
1336,-85.4459371155,42.1373616745,0.42060774564743,0.5427979571671205,4
1337,-84.4459371555,39.5956951095,0.770778834819794,0.5623511859911197,4
1338,1.8123927275,50.7706946625,0.60772031545639,0.5663359263212908,4
1339,11.7040589985,54.1040278625,0.489360004663467,0.5452133413978908,4
1340,-75.2459375235,43.0290283055,0.597366809844971,0.5388819691460954,4
1341,-86.0126037595,39.8623617655,0.668962299823761,0.5749693223669929,4
1342,9.90405907050001,48.8040280745,0.589869499206543,0.5643968899576716,4
1343,-85.0292704655,39.8290284335,0.658622682094574,0.5658836405322734,4
1344,-84.3876038245,40.6206950685,0.554888546466827,0.5982515733023615,4
1345,-86.9292703895,39.8206951005,0.514630734920502,0.5676785733163728,4
1346,-119.4209357565,48.4373614225,0.440121561288834,0.49556850309929673,4
1347,-121.9126023235,45.8040281945,0.461222589015961,0.5079440587635734,4
1348,-113.6876026525,48.9706947345,0.42307522892952,0.4371002938489563,4
1349,-111.9292693895,34.9290286295,0.547081649303436,0.5538573712178507,4
1350,-121.6959356655,42.2540283365,0.457468569278717,0.4540285996158361,4
1351,-115.1459359275,43.6040282825,0.437725633382797,0.45779859418705976,4
1352,-120.3959357175,47.1956948055,0.455490946769714,0.448429403882192,4
1353,-113.1959360055,61.4040275705,0.418365865945816,0.4531324014558596,4
1354,-97.2042699785,35.0540286245,0.671498596668243,0.6096326329834051,4
1355,-120.1709357265,47.6790281195,0.45969420671463,0.4982272445965342,4
1356,-112.8709360185,46.0456948515,0.458707273006439,0.4400971397831512,4
1357,-117.8542691525,47.4040281305,0.440121561288834,0.4881457527270527,4
1358,-99.1209365685,31.9373620825,0.724089205265045,0.679700765671502,4
1359,-98.5126032595,39.0373617985,0.604047894477844,0.5269012470113421,4
1360,-106.9292695895,43.7873616085,0.441451966762543,0.47031428335038966,4
1361,-96.2209366845,38.0040285065,0.517164170742035,0.5690142932167261,4
1362,-96.3459366795,36.3040285745,0.752309203147888,0.6147630088504823,4
1363,-89.4209369565,39.7623617695,0.576195359230042,0.5753422320440119,4
1364,-90.7792702355,40.1123617555,0.632852017879486,0.5736093649838719,4
1365,-92.9209368165,39.3290284535,0.60623687505722,0.5876572022123369,4
1366,-95.0126033995,39.4040284505,0.5730020403862,0.583907848794445,4
1367,-99.0376032385,37.7540285165,0.513437986373901,0.5275404991976456,4
1368,-98.8626032455,45.2290282175,0.557193994522095,0.5081642819938185,4
1369,-90.8542702325,40.9956950535,0.602781116962433,0.5722357854947622,4
1370,-93.9126034435,39.4290284495,0.571179211139679,0.5993264782872915,4
1371,-94.9126034035,42.2873616685,0.575696527957916,0.5185789406936486,4
1372,-111.5959360695,47.5456947915,0.408438384532928,0.47070733553759464,4
1373,-97.9126032835,31.7206954245,0.752863526344299,0.6498335297712368,4
1374,-99.3292698935,39.4373617825,0.412328094244003,0.5172207641667461,4
1375,-98.3209366005,35.5373619385,0.408438384532928,0.5755852425832236,4
1376,-100.5626031775,31.7123620915,0.570442020893097,0.6413834698310127,4
1377,-94.4459367555,41.7373616905,0.522074043750763,0.5292398860542603,4
1378,-117.9959358135,55.2040278185,0.392515927553177,0.44936266989459844,4
1379,-96.4626033415,39.6623617735,0.575178623199463,0.5468693265441411,4
1380,-96.6792699995,41.4290283695,0.420043587684631,0.5189782396769617,4
1381,-90.5459369115,42.1290283415,0.555449068546295,0.5455663997598896,4
1382,-93.3626034655,40.6373617345,0.473332703113556,0.570255952625345,4
1383,-96.9376033225,41.9540283485,0.52665102481842,0.5155204120337215,4
1384,-100.4792698475,40.2123617515,0.551784813404083,0.4991296786349475,4
1385,-95.2376033905,39.8873617645,0.559748589992523,0.5593076060082429,4
1386,-123.2459356035,39.1873617925,0.531455755233765,0.5909904223898536,4
1387,-5.87927363150001,38.7623618095,0.714345395565033,0.6227685635064145,4
1388,8.60405912249999,39.5206951125,0.586789786815643,0.6277570196282145,4
1389,0.854059432500009,41.8790283515,0.606798827648163,0.6224863682661644,4
1390,35.5040580465,33.5790286835,0.511049747467041,0.6242298948154176,4
1391,5.11239259550001,43.3623616255,0.606798827648163,0.62690423287222,4
1392,14.8290588735,37.0873618765,0.607033550739288,0.620098468287289,4
1393,36.0707246905,35.3956952775,0.767705202102661,0.6171212373017498,4
1394,35.2623913895,33.1623620335,0.767705202102661,0.6241634956247799,4
1395,13.7540589165,43.0706949705,0.447083950042725,0.6057034064130509,4
1396,-107.1626029135,34.0956953295,0.743009209632874,0.5204536585894701,4
1397,-115.0459359315,42.0206950125,0.392515927553177,0.45814101410086217,4
1398,-112.0459360515,42.7706949825,0.61967670917511,0.4553561870253798,4
1399,-110.7709361025,41.9456950155,0.392515927553177,0.44895298648352516,4
1400,-89.0792703035,18.1873626325,0.609467744827271,0.6087640021585125,4
1401,-88.7459369835,15.5040294065,0.398333340883255,0.550305036663253,4
1402,-96.0042700265,30.5790288035,0.49447774887085,0.5989483929785888,4
1403,-90.3876035845,38.0206951725,0.564401865005493,0.5847787603620377,4
1404,152.8790533515,-30.1209687685,0.750429153442383,0.6533787263409212,4
1405,151.8457200595,-24.7876356485,0.77370697259903,0.6859656245542755,4
1406,18.7123920515,43.3040282945,0.575315535068512,0.510118800794597,4
1407,15.1873921925,44.4873615805,0.658253967761993,0.5503618563978058,4
1408,96.2707222825,27.7956955815,0.298115611076355,0.5423699633861665,4
1409,5.62072590849999,48.2290280975,0.606228351593018,0.6164261611742466,4
1410,12.1040589825,48.2040280985,0.503448128700256,0.5235686885730457,4
1411,17.1540587805,51.2040279785,0.477901041507721,0.5353460425518614,4
1412,-96.3209366805,31.9790287475,0.535261750221252,0.6323831509495815,4
1413,-91.5376035385,31.5790287635,0.611740052700043,0.550091548687495,4
1414,-97.6376032945,28.4540288885,0.567485213279724,0.6855215371403842,4
1415,1.77072606249999,49.7790280355,0.621111571788788,0.5859345818495685,4
1416,126.6373877345,36.8790285515,0.471377104520798,0.5680831002075499,4
1417,13.8040589145,51.9040279505,0.477901041507721,0.5307662987005517,4
1418,-82.8376038865,29.2373621905,0.508285045623779,0.534781407131542,4
1419,-112.7292693575,37.7706951825,0.400926232337952,0.42966339530485437,4
1420,-120.9959356935,51.4040279705,0.460723161697388,0.4409387294946225,4
1421,-111.5459360715,41.4206950365,0.392515927553177,0.4251866150253112,4
1422,35.1957247255,62.3373608665,0.449555724859238,0.48290382847643104,4
1423,-103.6126030555,43.3123616275,0.439898818731308,0.4841151570879535,4
1424,-86.6042704025,41.1456950475,0.569591879844666,0.544408726895592,4
1425,-103.6709363865,44.5290282455,0.629999995231628,0.48807177491487774,4
1426,14.2373922305,65.6873607325,0.591212034225464,0.5006483979875769,4
1427,-116.7292691975,32.7623620495,0.668973445892334,0.6468735417315962,4
1428,16.3290588135,38.7456951435,0.508050680160522,0.6054986013168154,4
1429,-122.2709356425,39.0206951325,0.75,0.6666832652328146,4
1430,-111.8292693935,37.6540285205,0.440121561288834,0.5020557542048227,4
1431,151.8207200605,-31.5959687095,0.758248031139374,0.6333047088597035,4
1432,-86.6542704005,34.4873619805,0.527227938175201,0.5398905376269255,4
1433,-80.7459373035,37.9623618415,0.56787097454071,0.5415856951752458,4
1434,-87.6709370265,33.3873620245,0.50443297624588,0.5333677698777862,4
1435,-82.1876039125,37.7456951835,0.527923822402954,0.5433466787296307,4
1436,128.9957209735,37.6956951855,0.502663791179657,0.5584703352527047,4
1437,-85.8542704325,35.1706952865,0.557761907577515,0.5592551982111131,4
1438,128.3707209985,38.2373618305,0.610817313194275,0.5443645967237294,4
1439,1.62072606850001,42.7623616495,0.472013533115387,0.5155078986223846,4
1440,169.0623860375,-46.5709681105,0.74334979057312,0.5860945811748537,4
1441,17.3623921055,53.7290278775,0.487661600112915,0.49919838220586354,4
1442,-79.3126040275,35.2540286165,0.526241898536682,0.5226820552234537,4
1443,-93.6376034545,47.1040281425,0.576947867870331,0.4526929313059363,4
1444,-86.5959370695,32.8206953805,0.493870288133621,0.5216338578863285,4
1445,-85.4959371135,37.4873618605,0.689281404018402,0.5599286601669807,4
1446,-87.4209370365,35.1623619535,0.562745571136475,0.5535353989766685,4
1447,-88.5709369905,36.4456952355,0.620043694972992,0.5773033658439186,4
1448,-87.0792703835,36.2790285755,0.637332379817963,0.5436926853406122,4
1449,-2.8126070875,48.4790280875,0.599134564399719,0.5726614749671581,4
1450,17.5873920965,49.4456947155,0.643353521823883,0.5749499334274685,4
1451,129.1623876335,35.7040285985,0.533007800579071,0.5540789229609168,4
1452,-80.3959373175,43.6040282825,0.72275185585022,0.5273014032099554,4
1453,6.7040591985,47.6456947875,0.68324476480484,0.5641650369946926,4
1454,8.90405911049999,50.0040280265,0.485216587781906,0.5547193631513395,4
1455,-95.6376033745,31.2706954425,0.493870288133621,0.6112188929308736,4
1456,-76.7876041285,39.7123617715,0.555308938026428,0.5545815163607336,4
1457,-93.3292701335,31.7206954245,0.529174506664276,0.5557106196632787,4
1458,-113.5209359925,44.5790282435,0.411289930343628,0.4265664970860187,4
1459,-87.2459370435,31.3623621055,0.470538526773453,0.5252188584281354,4
1460,-122.5209356325,43.9040282705,0.457105368375778,0.46641543214741954,4
1461,-114.4792692875,49.6706947065,0.427060097455978,0.4302930460841367,4
1462,-93.8959367775,31.7123620915,0.494892179965973,0.5371909209789679,4
1463,9.89572573749999,46.2790281755,0.485851019620895,0.48072118815806486,4
1464,7.1290591815,45.0956948895,0.622079432010651,0.4690526101880362,4
1465,-94.6126034155,32.3290287335,0.529724955558777,0.541295826534281,4
1466,-88.5876036565,30.9040287905,0.450191497802734,0.5320694840402047,4
1467,-76.8876041245,36.8123618875,0.564375460147858,0.5191468059308048,4
1468,143.8207203805,63.4373608225,0.458670258522034,0.4478835133012068,4
1469,-129.9959353335,59.8040276345,0.418647617101669,0.42614232139362024,4
1470,35.2040580585,58.7290276775,0.55290699005127,0.4982583168192445,4
1471,-100.3126031875,41.9040283505,0.480234444141388,0.4772457552820556,4
1472,-102.7459364235,40.8540283925,0.408438384532928,0.482987377152883,4
1473,-130.8042686345,56.1623611135,0.465222209692001,0.4513952720681015,4
1474,-1.6376071345,40.2206950845,0.477901041507721,0.49972301823518106,4
1475,8.9290591095,42.4373616625,0.614058673381805,0.5440231259011391,4
1476,-7.68760689250001,39.8623617655,0.50644713640213,0.5872651842705319,4
1477,-5.04594033149999,36.9540285485,0.606798827648163,0.6038767870355619,4
1478,2.6790593595,44.2373615905,0.591444075107574,0.6003504549955768,4
1479,-39.1126056355,-14.4793027275,0.67071658372879,0.6171093039132978,4
1480,-8.62927352150001,42.8956949775,0.641803562641144,0.5578650839070521,4
1481,-1.88760712449999,43.2290282975,0.629784107208252,0.5509811125927184,4
1482,-81.7292705975,34.4706953145,0.556176066398621,0.5264707289716011,4
1483,-93.5209367925,34.8206953005,0.536141276359558,0.5527435568934478,4
1484,-93.0626034775,35.5623619375,0.540447235107422,0.5579746626004299,4
1485,-80.5126039795,39.6540284405,0.520496785640717,0.562773383516434,4
1486,127.5790543635,36.3373619065,0.556016504764557,0.5760822430807887,4
1487,-79.1792706995,39.6040284425,0.52100545167923,0.5465080616766333,4
1488,-72.3126043075,-51.3959679175,0.515652656555176,0.5014936664876166,4
1489,-81.2709372825,38.9040284705,0.62198793888092,0.559454389608561,4
1490,152.7457200235,-29.1293021415,0.743362188339233,0.6374646915775268,4
1491,175.5123857795,-38.9709684145,0.59104335308075,0.6071407293584066,4
1492,-8.62094018850001,42.1956950055,0.507651269435883,0.5562255377648755,4
1493,92.6290557615,27.4123622635,0.37157142162323,0.5640658922627647,4
1494,-83.0376038785,36.5206952325,0.484656900167465,0.5588357594910734,4
1495,-3.48760706050001,48.6540280805,0.601330578327179,0.5633906322027692,4
1496,21.1707252865,48.9540280685,0.50633704662323,0.5418014189407148,4
1497,-2.95427374850001,47.8123614475,0.528739094734192,0.5548105220429347,4
1498,-86.8626037255,35.1706952865,0.638661205768585,0.5626028979608816,4
1499,-106.8626029255,37.1623618735,0.402687937021255,0.44884571526553335,4
1500,-124.3292688935,47.8123614475,0.46273273229599,0.5100239655663472,4
1501,-119.1792690995,45.0790282235,0.42960062623024,0.4479419715003087,4
1502,-118.4209357965,44.9540282285,0.427060097455978,0.434770368981537,4
1503,19.0790587035,49.6040280425,0.660357773303986,0.5216527192584178,4
1504,-106.7292695975,38.9290284695,0.437700718641281,0.4270539027514443,4
1505,-89.1376036345,30.3873621445,0.500164985656738,0.5335523991281096,4
1506,-116.6376025345,53.6623612135,0.394304126501083,0.43447540417406044,4
1507,-123.8876022445,46.0873615165,0.440588653087616,0.5072520644070498,4
1508,-105.7042696385,40.3873617445,0.42423677444458,0.4265804681951056,4
1509,-117.4959358335,58.8873610045,0.415295392274857,0.42810017276418305,4
1510,-124.7959355415,56.8040277545,0.35321968793869,0.4329515324778611,4
1511,8.01239247949999,61.9456942155,0.477901041507721,0.5131779988360443,4
1512,-5.12927366150001,40.1623617535,0.50644713640213,0.5761199373885417,4
1513,-5.8376069665,42.7956949815,0.500316083431244,0.5600387221273393,4
1514,-7.64594022750001,42.4873616605,0.5533447265625,0.5515233876006429,4
1515,-55.7709383025,5.2623631495,0.623589158058167,0.6358097882294809,4
1516,-48.7792719155,-27.7209688645,0.605633318424225,0.5927411332638446,4
1517,-49.1376052345,-27.3626355455,0.635724723339081,0.5837432409574348,4
1518,-70.5626043775,48.0040281065,0.448433965444565,0.4771856403875776,4
1519,-88.4792703275,32.2706954025,0.519416928291321,0.5200005227356005,4
1520,-87.9209370165,34.4706953145,0.568020641803741,0.5464533258238106,4
1521,169.1457193675,-43.8293015535,0.537049174308777,0.5949212331548817,4
1522,20.0457253315,42.4956949935,0.637509167194366,0.5008376813580452,4
1523,-7.93760688250001,41.6790283595,0.50644713640213,0.5258980748645856,4
1524,-89.2542702965,32.7540287165,0.598959445953369,0.5425152571886518,4
1525,-74.4709375545,42.6123616555,0.465879529714584,0.5479932677847172,4
1526,-82.4376039025,33.8623620055,0.50151002407074,0.5383471281483136,4
1527,-88.9376036425,34.7290286375,0.53596556186676,0.5597011787297771,4
1528,-89.8959369375,33.6623620135,0.572743713855743,0.554252957638509,4
1529,-83.3876038645,43.8123616075,0.621573746204376,0.5307558186992635,4
1530,-77.1126041155,42.1956950055,0.544985949993134,0.542804980698851,4
1531,-93.2876034685,37.6790285195,0.595935165882111,0.5930551897995335,4
1532,-93.1626034735,45.4206948765,0.731114029884338,0.5050382616164295,4
1533,-81.3376039465,31.4623621015,0.581688404083252,0.5400971660285612,4
1534,19.5957253495,49.3040280545,0.422680258750916,0.48967876103173014,4
1535,-120.3042690545,38.9040284705,0.390257120132446,0.4387643479811333,4
1536,-120.1876023925,38.0790285035,0.436006814241409,0.560425554929833,4
1537,-119.0542691045,37.7290285175,0.408219426870346,0.4333810822687036,4
1538,-143.5876014565,60.0540276245,0.393044680356979,0.4502166159897293,4
1539,-123.3959355975,53.0040279065,0.433637320995331,0.43600600423541025,4
1540,-120.1959357255,52.6040279225,0.437512308359146,0.4199636855463571,4
1541,-79.8626040055,34.6956953055,0.599534034729004,0.5185057445548914,4
1542,-64.1209379685,49.9290280295,0.420473158359528,0.4544355836633398,4
1543,18.7457253835,69.2540272565,0.591212034225464,0.554104651956261,4
1544,19.7457253435,68.5040272865,0.591212034225464,0.5229598742585237,4
1545,-117.2959358415,34.3373619865,0.676557004451752,0.609528094579059,4
1546,-70.9126043635,45.8540281925,0.506292700767517,0.5244051272891022,4
1547,-75.9542708285,45.9706948545,0.460034638643265,0.5040553244821223,4
1548,-74.7042708785,46.5040281665,0.70763111114502,0.49784299803854026,4
1549,-68.9709377745,48.2540280965,0.389537215232849,0.5013222468515519,4
1550,-74.4709375545,44.1706949265,0.728911221027374,0.5370415202582547,4
1551,-72.6626042935,44.5540282445,0.768361806869507,0.5401336561561548,4
1552,-78.9959373735,41.3623617055,0.528369903564453,0.5535334429804387,4
1553,-80.5959373095,48.0040281065,0.424013912677765,0.44908219926384674,4
1554,14.8373922065,52.8456945795,0.477901041507721,0.5310816903193203,4
1555,-70.1626043935,47.6290281215,0.426028937101364,0.5121632276316074,4
1556,-83.3959371975,47.6040281225,0.459188163280487,0.4454441850872812,4
1557,13.8040589145,51.2040279785,0.496608674526215,0.5437602030985003,4
1558,-91.7959368615,46.3790281715,0.419703513383865,0.4654130090369391,4
1559,-83.7626038495,45.3873615445,0.433502167463303,0.4904474394247589,4
1560,-83.9626038415,44.9206948965,0.48853725194931,0.4762678396470347,4
1561,-78.7459373835,40.4206950765,0.491830140352249,0.5493639164941975,4
1562,-72.6376042945,45.0623615575,0.424881398677826,0.5116213273883584,4
1563,9.48739242049999,57.1123610755,0.437232822179794,0.5144361607632052,4
1564,-84.4209371565,45.6123615355,0.490945160388947,0.4961022161330784,4
1565,-80.9292706295,32.2373620705,0.497742086648941,0.5416606397131862,4
1566,-94.5959367495,30.2373621505,0.343823492527008,0.5510796013750915,4
1567,-75.2459375235,38.6123618155,0.534808874130249,0.5232956616623677,4
1568,-64.2542712965,50.570694670500004,0.445270955562592,0.4550721267723623,4
1569,-70.3042710545,50.9956946535,0.455532103776932,0.4542368238645196,4
1570,8.94572577549999,59.1706943265,0.471596598625183,0.47635162025655337,4
1571,-66.0042712265,50.4956946735,0.457315295934677,0.45540659342070194,4
1572,-56.3959382775,52.2040279385,0.455231577157974,0.45610216504011974,4
1573,-86.9959370535,51.6040279625,0.458860605955124,0.44559496147279615,4
1574,-57.1959382455,49.6040280425,0.458481073379517,0.45941386325101435,4
1575,-91.3959368775,49.8040280345,0.454075783491135,0.44076025172755956,4
1576,-89.5959369495,49.4040280505,0.458860605955124,0.4336091118407919,4
1577,-91.9959368535,52.2040279385,0.454361647367477,0.44644280972452777,4
1578,-82.9959372135,48.6040280825,0.460915774106979,0.44584203079958146,4
1579,-56.1959382855,51.2040279785,0.45301279425621,0.45711523536792636,4
1580,-55.9959382935,49.8040280345,0.447340786457062,0.46693660954353156,4
1581,-56.1959382855,49.0040280665,0.458860605955124,0.4590133577992425,4
1582,13.3790589315,64.7956941015,0.478121638298035,0.48814438817539046,4
1583,7.9457258155,59.3290276535,0.466829627752304,0.4694054386371289,4
1584,-50.9376051625,-26.9126355635,0.546890258789062,0.5712481566279941,4
1585,-62.3959380375,45.4040282105,0.498731672763824,0.5024836205213981,4
1586,24.2790584955,47.8873614445,0.599009037017822,0.5262088959054393,4
1587,-80.4292706495,26.9290289495,0.488000005483627,0.5236395568144246,4
1588,-70.4626043815,41.6873616925,0.516687512397766,0.5211786029451144,4
1589,-96.3959366775,55.2040278185,0.440029799938202,0.4445953529954708,4
1590,170.5540526445,-45.8126348075,0.588401257991791,0.5904632064788166,4
1591,9.8040590745,61.1873609125,0.470029592514038,0.49377313914692733,4
1592,-76.9459374555,47.9123614435,0.477086037397385,0.4485851613588373,4
1593,26.0457250915,59.6040276425,0.478152930736542,0.48394574789819067,4
1594,-77.2376041105,46.8373614865,0.403335720300674,0.4922817982836241,4
1595,6.7707258625,52.8040279145,0.542721450328827,0.5284628175289784,4
1596,-122.0792689835,47.5956947895,0.41978332400322,0.520295669826477,4
1597,-71.5709376705,50.9706946545,0.453578919172287,0.45349695774655063,4
1598,-151.3376011465,60.0456942915,0.497536420822144,0.4654101307238081,4
1599,-70.6459377075,51.4873613005,0.458860605955124,0.4552797636189298,4
1600,-96.5959366695,54.0040278665,0.452319175004959,0.44699537697419106,4
1601,30.3457249195,62.8706941785,0.477901041507721,0.4787065589493212,4
1602,28.7623916495,68.1873606325,0.477901041507721,0.5314312541199119,4
1603,-66.3542712125,52.7623612495,0.458860605955124,0.45698685256679017,4
1604,143.5290537255,62.5790275235,0.423931241035461,0.44894388072232605,4
1605,-73.9459375755,50.9956946535,0.435496240854263,0.4514029052581137,4
1606,32.2123915115,63.8540274725,0.477901041507721,0.47118851094281095,4
1607,-66.4542712085,52.2706946025,0.463677376508713,0.45712032267322633,4
1608,-96.5959366695,53.4040278905,0.458860605955124,0.44634418668054254,4
1609,-8.27094020250001,39.2873617885,0.703000009059906,0.6151736559055005,4
1610,0.5790594435,47.8290281135,0.678569078445435,0.600194744022141,4
1611,-117.3959358375,48.2540280965,0.509263157844543,0.4515617185510798,4
1612,-115.7959359015,45.1040282225,0.438983589410782,0.4346879408513287,4
1613,-118.3709357985,48.3706947585,0.462398290634155,0.4413689944568963,4
1614,-121.4876023405,47.2040281385,0.459139704704285,0.4809797766481157,4
1615,-115.2126025915,45.3123615475,0.455588012933731,0.4284797732693468,4
1616,-78.9626040415,51.1373613145,0.458860605955124,0.4449071428725524,4
1617,-69.0626044375,48.8540280725,0.448107272386551,0.46338786413313093,4
1618,-77.1876041125,50.9956946535,0.457439541816711,0.44960315787758104,4
1619,-71.6459376675,48.8956947375,0.468164533376694,0.4539600088592237,4
1620,-96.9126033235,56.0956944495,0.402640461921692,0.4439818584958465,4
1621,-75.6126041755,51.9706946145,0.458505928516388,0.45051950290405685,4
1622,-82.0376039185,30.5873621365,0.579999983310699,0.5229498495455078,4
1623,30.2623915895,65.3123607475,0.477901041507721,0.4708225018238429,4
1624,148.5540535245,64.6706941065,0.504975497722626,0.45256718687466535,4
1625,30.2623915895,64.7373607705,0.471316456794739,0.4811307441547623,4
1626,-72.0376043185,45.9123615235,0.702836275100708,0.5158551552272839,4
1627,-124.9959355335,49.4040280505,0.454519629478455,0.4846378628351791,4
1628,33.5873914565,64.4040274505,0.484384685754776,0.4769821943292575,4
1629,-135.1292684615,58.2956943615,0.433668583631516,0.4496757098153736,4
1630,-135.6709351065,57.2540277365,0.453037768602371,0.45961004345405976,4
1631,-131.9626019215,55.7540277965,0.430169254541397,0.46343801268708074,4
1632,-133.9792685075,56.4373611025,0.431594341993332,0.4519932765914729,4
1633,-135.3042684545,57.6540277205,0.443701863288879,0.4805786019104229,4
1634,-77.6626040935,51.4706946345,0.458860605955124,0.44847220123713205,4
1635,-134.1959351655,67.0040273465,0.458860605955124,0.4621787750608756,4
1636,-127.5959354295,66.6040273625,0.507142841815948,0.4506302611790087,4
1637,5.8957258975,52.2206946045,0.659565627574921,0.5403856477928458,4
1638,33.1373914745,60.2373609505,0.566516697406769,0.48915142855556054,4
1639,-84.1459371675,46.5123614995,0.647346258163452,0.4957536006491571,4
1640,-94.7126034115,48.8373614065,0.413565397262573,0.46001747761765605,4
1641,-60.7042714385,50.3290280135,0.443892449140549,0.45826108145407224,4
1642,6.40405921050001,45.6623615335,0.494865596294403,0.5775350799918588,5
1643,-110.2042694585,39.4873617805,0.419969320297241,0.46902048709053024,5
1644,-108.5709361905,37.6040285225,0.444282442331314,0.47075765863258395,5
1645,-109.5876028165,46.3623615055,0.408438384532928,0.46548534113457596,5
1646,-1.01260715949999,40.3373617465,0.614486873149872,0.5951609176332937,5
1647,-116.6959358655,34.2040286585,0.588839292526245,0.4659650935080675,5
1648,-0.937607162500001,42.2373616705,0.606798827648163,0.6058790814940459,5
1649,-0.454273848500009,41.0123617195,0.606798827648163,0.5925356882443239,5
1650,-4.63760701449999,42.3790283315,0.396124988794327,0.5706537392215135,5
1651,0.670726106499984,41.2123617115,0.606798827648163,0.6188139760545116,5
1652,-109.8376028065,39.1123617955,0.530297040939331,0.5059225223546195,5
1653,-108.1876028725,38.5040284865,0.532698273658752,0.5024815744862202,5
1654,-113.9292693095,34.2623619895,0.602500021457672,0.6317187405709755,5
1655,-65.8209379005,-17.3959692775,0.714794754981995,0.6049359994173881,5
1656,-0.379273851499988,44.5456949115,0.50644713640213,0.5638058277548076,5
1657,-106.1126029555,40.0623617575,0.400165677070618,0.4403808515262477,5
1658,12.4373923025,46.1123615155,0.665534019470215,0.5346291016563008,5
1659,5.4957259135,44.9706948945,0.448785752058029,0.5065519510895016,5
1660,-115.4292692495,40.5373617385,0.452503740787506,0.4260102446687109,5
1661,-95.1209367285,29.9540288285,0.528825759887695,0.5587825197821008,5
1662,151.0207200925,-27.8793021915,0.627018690109253,0.6409159540721501,5
1663,150.7957201015,-27.4376355425,0.665853083133698,0.6484674708022582,5
1664,-102.3876031045,44.4623615815,0.466602772474289,0.4815454561415092,5
1665,-101.5042698065,34.8623619655,0.535913407802582,0.609730523714567,5
1666,-102.6959364255,48.7790280755,0.392515927553177,0.4717190828963516,5
1667,-4.6126070155,41.7123616915,0.606798827648163,0.5931894177798627,5
1668,-2.89594041750001,39.8040284345,0.606798827648163,0.5700966434417618,5
1669,-113.7376026505,38.0040285065,0.509938538074493,0.5155601197189725,5
1670,-114.4876026205,39.8540284325,0.492598831653595,0.5097203851119328,5
1671,-114.0209359725,41.0623617175,0.492520779371262,0.4966841600863524,5
1672,-112.9542693485,40.5373617385,0.509938538074493,0.4996431035290741,5
1673,-121.1376023545,45.5456948715,0.658333361148834,0.557417482226085,5
1674,28.0040583465,58.5290276855,0.487811267375946,0.4933228450282531,5
1675,-83.4126038635,39.0290284655,0.523506879806519,0.5825043908165422,5
1676,-1.19594048549999,43.3956949575,0.471427619457245,0.5734480369979034,5
1677,-82.6376038945,41.2373617105,0.610058307647705,0.5610366011941735,5
1678,-91.7126035315,32.1040287425,0.617441236972809,0.5546673999371147,5
1679,29.6623916135,57.5373610585,0.581611394882202,0.4924755296584385,5
1680,1.1040594225,46.5206948325,0.574971139431,0.6008933384703743,5
1681,-86.6792703995,40.6956950655,0.648164451122284,0.5658211031693792,5
1682,-92.1209368485,43.5373616185,0.448686003684998,0.5429594534630325,5
1683,-94.0209367725,45.2456948835,0.545436143875122,0.516238380325971,5
1684,-88.3459369995,42.7956949815,0.537821531295776,0.5438310480799473,5
1685,10.6040590425,48.7040280785,0.528616547584534,0.5573453654993008,5
1686,-87.9709370145,38.1873618325,0.574905157089233,0.5701735080252918,5
1687,9.90405907050001,48.0040281065,0.427111685276031,0.534881640311538,5
1688,-3.71260705150002,42.8290283135,0.771317541599274,0.6016429867182816,5
1689,-114.4792692875,43.5623616175,0.44536566734314,0.4317194748231849,5
1690,-108.3126028675,33.3623620255,0.440121561288834,0.5355699167826695,5
1691,-111.5209360725,42.1540283405,0.488856315612793,0.41896352720947594,5
1692,-109.3709361585,33.5540286845,0.453224003314972,0.49826890872161134,5
1693,-107.0126029195,40.5456950715,0.392515927553177,0.46131405321088015,5
1694,138.0873872765,-18.0126359195,0.698679506778717,0.6613990476653886,5
1695,-110.5959361095,47.4956947935,0.432006031274796,0.4440364826005817,5
1696,-71.9042709905,-46.8293014335,0.515999972820282,0.49968618550984767,5
1697,-98.2126032715,33.2790286955,0.627153754234314,0.6885843044948773,5
1698,-118.1959358055,45.9373615225,0.449182689189911,0.5050598635210629,5
1699,-96.3626033455,42.2206950045,0.497160375118256,0.5385727516292679,5
1700,172.8290525535,-43.1043015825,0.71399998664856,0.6256057313842072,5
1701,-100.0042698665,30.4706954745,0.627615988254547,0.6326260463186837,5
1702,-95.3792700515,36.8123618875,0.530705392360687,0.6172999916656388,5
1703,-94.9876034005,37.2290285375,0.417183518409729,0.6003362811782635,5
1704,-100.1709365265,48.8373614065,0.629999995231628,0.4589723419939657,5
1705,-98.1209366085,43.7706949425,0.557193994522095,0.5198592967994249,5
1706,-95.1792700595,44.5206949125,0.46005055308342,0.5305307371153627,5
1707,-97.2959366415,37.4706951945,0.408808767795563,0.5584017386327556,5
1708,-94.2376034305,44.8040282345,0.510707557201385,0.5233815852173715,5
1709,-96.6876033325,43.2540282965,0.373925238847733,0.5333019257102332,5
1710,-95.6292700415,40.5290284055,0.535308182239532,0.5347861858340371,5
1711,-94.4876034205,42.6873616525,0.61340206861496,0.5257130950998211,5
1712,-98.6459365875,46.1540281805,0.581285715103149,0.5093678504070875,5
1713,-94.8292700735,38.0873618365,0.553729712963104,0.5943635171228531,5
1714,-92.5209368325,39.8373617665,0.533069968223572,0.5715388647758683,5
1715,-98.9459365755,41.2373617105,0.449782580137253,0.5153983319055311,5
1716,-95.1709367265,43.8956949375,0.541110157966614,0.5224703860081491,5
1717,-94.7792700755,38.5790284835,0.61489874124527,0.6019445301949066,5
1718,-97.4709366345,44.1123615955,0.581285715103149,0.5295492449814775,5
1719,-100.2209365245,45.6873615325,0.532800316810608,0.5133390551085676,5
1720,-99.2209365645,45.7706948625,0.483532279729843,0.5069254997189261,5
1721,-89.6709369465,41.6123616955,0.400644272565842,0.5558215767227744,5
1722,-4.3292736935,38.4540284885,0.50644713640213,0.5950081547135101,5
1723,0.1707261265,40.7790283955,0.614486873149872,0.6100705925760055,5
1724,-122.5542689645,38.3540284925,0.659606754779816,0.5936879913352523,5
1725,-121.2709356825,35.8123619275,0.62417209148407,0.6177794700930267,5
1726,-7.1876069125,37.4290285295,0.651600003242493,0.6435955664975671,5
1727,-122.1376023145,37.3456951995,0.490461766719818,0.6149857936879433,5
1728,-6.29594028150001,36.8623618855,0.586789786815643,0.618062288981822,5
1729,5.5540592445,43.7790282755,0.573130249977112,0.6252645570843377,5
1730,13.8373922465,37.1623618735,0.586789786815643,0.6264716215137852,5
1731,-119.6126024155,45.8873615245,0.359819918870926,0.5465714965696247,5
1732,-112.1292693815,42.2540283365,0.591069996356964,0.47838529687463216,5
1733,-61.4126047435,6.1123631155,0.757889866828918,0.6155057557195495,5
1734,-89.9959369335,15.7540293965,0.545814275741577,0.5583676399472643,5
1735,-66.2709378825,18.3706959585,0.38002672791481,0.5527232514975086,5
1736,105.9707218945,14.2123627915,0.518835783004761,0.5959695938461815,5
1737,152.0707200505,-32.4126353435,0.75151926279068,0.6648577184325414,5
1738,0.987392760500001,44.7206949045,0.556367635726929,0.5999300811374773,5
1739,8.10405914250001,47.2456948035,0.449814289808273,0.5303120141057006,5
1740,149.2207201645,-37.2043018185,0.594521820545197,0.6511744844390076,5
1741,16.7540587965,54.4040278505,0.597391664981842,0.5147566994306519,5
1742,-88.2459370035,37.5623618575,0.515864551067352,0.5806387254390756,5
1743,30.9790582275,56.5290277655,0.471315979957581,0.5058357068411712,5
1744,-97.1376033145,30.1373621545,0.607731759548187,0.639539472349244,5
1745,-91.0126035595,43.7123616115,0.505476951599121,0.5394200115270285,5
1746,-79.1459373675,37.9623618415,0.542711555957794,0.5650604096879438,5
1747,-85.0959371295,38.1623618335,0.575198352336884,0.5828463771491624,5
1748,15.5790588435,52.2790279355,0.60115259885788,0.5305953908533024,5
1749,-90.4626035815,43.9790282675,0.532660722732544,0.5276744807751613,5
1750,-0.212607191500013,48.6206947485,0.530304312705994,0.6041188144926805,5
1751,3.57072599049999,46.8290281535,0.701584756374359,0.5953510564867701,5
1752,-91.1459368875,44.2290282575,0.519380450248718,0.5241696471820215,5
1753,-96.3209366805,29.8373621665,0.665615081787109,0.5786660651115155,5
1754,1.2123927515,48.7540280765,0.645586609840393,0.6109935535572044,5
1755,0.6373927745,49.1206947285,0.477901041507721,0.5798067227149692,5
1756,-89.3792702915,43.5706949505,0.514512896537781,0.5449267191940437,5
1757,19.4373920225,51.3623613055,0.634893834590912,0.51385272001247,5
1758,-90.4126035835,33.4873620205,0.607807815074921,0.5508526411462799,5
1759,92.1290557815,27.3290289335,0.467187613248825,0.48626274658749924,5
1760,-122.5959356295,52.6040279225,0.428471386432648,0.44258378728302983,5
1761,-120.7959357015,50.4040280105,0.45837277173996,0.4480930501020634,5
1762,-120.1959357255,51.4040279705,0.460082709789276,0.47647793709960035,5
1763,-110.9959360935,40.3456950795,0.392515927553177,0.41260439829985784,5
1764,-80.4209373165,27.4206955965,0.438564270734787,0.5451861113463687,5
1765,-89.9376036025,42.1706950065,0.517521262168884,0.5519094138037878,5
1766,9.62072574850001,61.6373608945,0.428284376859665,0.4681477833443427,5
1767,15.6790588395,66.7623606895,0.586888015270233,0.5016618140936513,5
1768,22.8373918865,70.3040272145,0.591212034225464,0.5512213123212725,5
1769,-8.32094020049999,39.7956951015,0.50644713640213,0.596882866269427,5
1770,4.99572593350001,44.5540282445,0.642639815807343,0.6064553418857753,5
1771,13.2707256025,41.7956950215,0.7255739569664,0.6040827602365674,5
1772,-109.3876028245,40.6290284015,0.509938538074493,0.4958020783645696,5
1773,-69.0959377695,-12.0959694895,0.64172375202179,0.5953704133036105,5
1774,-84.6709371465,32.3290287335,0.522315680980682,0.5283753911768748,5
1775,152.5373866985,-27.0876355565,0.762449681758881,0.6918586263458939,5
1776,-75.2042708585,45.9456948555,0.647641003131866,0.510875668003444,5
1777,-79.8042706745,38.8790284715,0.493211030960083,0.5549290280190761,5
1778,-94.4459367555,46.2623615095,0.395613968372345,0.4913892846073983,5
1779,149.4123868235,-36.5543018445,0.579514801502228,0.6139940985600165,5
1780,153.3290533335,-28.4709688345,0.75604122877121,0.6513928131007289,5
1781,151.5707200705,-32.0626353575,0.606249034404755,0.614308420312799,5
1782,128.0873876765,42.3623616655,0.465631127357483,0.47069245230584383,5
1783,-82.1959372455,33.4123620235,0.495467722415924,0.5201605857577075,5
1784,32.3540581725,57.6623610535,0.449848234653473,0.502200857939567,5
1785,3.7957259815,45.8373615265,0.45969420671463,0.5536346603233202,5
1786,7.10405918250001,50.2040280185,0.509630799293518,0.5415812199822047,5
1787,177.7040523585,-38.4709684345,0.724052131175995,0.6352847415103773,5
1788,-93.0709368105,36.9373618825,0.534132182598114,0.6001583285933783,5
1789,-93.8292701135,45.9540281885,0.460273444652557,0.48992599170026113,5
1790,-1.07094049049999,46.7790281555,0.59181010723114,0.5907858609603307,5
1791,2.1040593825,44.5456949115,0.576651811599731,0.5974691772244889,5
1792,-87.0876037165,34.7623619695,0.614272952079773,0.5549768918192027,5
1793,-92.5459368315,36.5540285645,0.601374268531799,0.5882976603879364,5
1794,-92.8626034855,46.0040281865,0.395222365856171,0.4964620886072235,5
1795,-95.0792700635,47.7373614505,0.513602137565613,0.4661534714717611,5
1796,-95.1209367285,46.2540281765,0.392378956079483,0.4953949936476796,5
1797,-81.9376039225,29.1373621945,0.493870288133621,0.5638349398145143,5
1798,-82.2209372445,29.7290288375,0.465215861797333,0.5557977244578631,5
1799,-94.4792700875,31.1956954455,0.642669796943665,0.5295226108884742,5
1800,-92.6126034955,32.1873620725,0.49478417634964,0.530920287711499,5
1801,-132.0959352495,54.7373611705,0.43914607167244,0.4821052986823514,5
1802,-134.9376018025,58.9373610025,0.432022392749786,0.4625649350928177,5
1803,-122.3959356375,55.6040278025,0.420473158359528,0.4202141954396719,5
1804,-95.0042700665,31.1290287815,0.503736078739166,0.5395196180245451,5
1805,-94.5792700835,33.5623620175,0.512149751186371,0.5353666869608383,5
1806,-94.5792700835,31.7790287555,0.603278279304504,0.5302487649865135,5
1807,-85.5042704465,30.4456954755,0.566885828971863,0.5272616852324172,5
1808,-87.3292703735,30.5040288065,0.49246346950531,0.5351141279040293,5
1809,-79.3959373575,34.3706953185,0.493639647960663,0.5195080723692095,5
1810,-153.4626010615,57.5790277235,0.378987729549408,0.4633368283004015,5
1811,34.3790580915,60.9206942565,0.589691340923309,0.48259915356450434,5
1812,-128.9959353735,59.6040276425,0.446243911981583,0.42963615332057564,5
1813,10.0623923975,59.0706943305,0.479308485984802,0.5009710351587761,5
1814,170.1207193285,-44.2959682015,0.444499999284744,0.5786082131248758,5
1815,-100.5876031765,42.8123616475,0.571593225002289,0.4744586566469606,5
1816,-100.9126031635,40.5623617375,0.445511996746063,0.49175454216349285,5
1817,-3.94594037550002,38.1206951685,0.611118793487549,0.6387967251774739,5
1818,-7.1959402455,39.5540284445,0.510959327220917,0.6219044435883866,5
1819,-2.77094042249999,37.3706951985,0.541025936603546,0.5848198159223142,5
1820,-5.8959402975,40.3123617475,0.771317541599274,0.5624802525215269,5
1821,-82.7376038905,35.0123619595,0.481627315282822,0.5250706467937364,5
1822,-80.7042706385,39.0040284665,0.448434233665466,0.56820968051081,5
1823,-92.3292701735,35.6706952665,0.547534883022308,0.5831973752317544,5
1824,-81.9042705905,38.1790284995,0.475678592920303,0.550144119630761,5
1825,-84.3959371575,36.3290285735,0.720068037509918,0.5486794189195963,5
1826,-79.7709373425,39.4040284505,0.521940112113953,0.5560600414288058,5
1827,-83.7709371825,35.7456952635,0.558060467243195,0.537316597680824,5
1828,173.6290525215,-35.4626352215,0.441690713167191,0.6297415269056634,5
1829,151.9123867235,-28.6209688285,0.782772183418274,0.6565857430752945,5
1830,29.6457249475,58.9790276675,0.477901041507721,0.49264566679630334,5
1831,-76.9126041235,40.6956950655,0.507432699203491,0.5769431193718934,5
1832,-84.8792704715,35.8123619275,0.594577372074127,0.5432779544061658,5
1833,-82.3292705735,38.8623618055,0.437000006437302,0.5730775830188264,5
1834,-78.3959373975,36.4540285685,0.527999699115753,0.5343408695459275,5
1835,-94.2126034315,34.5456953115,0.643333315849304,0.5645642895429277,5
1836,-93.1376034745,36.4706952345,0.589231371879578,0.5920677564970308,5
1837,-86.8542703925,37.2873618685,0.489576697349548,0.5752461095729441,5
1838,-84.1626038335,37.0040285465,0.530719697475433,0.5632835870112782,5
1839,-88.8042703145,31.7206954245,0.597203552722931,0.5150007977515572,5
1840,-119.3292690935,44.3373615865,0.466963708400726,0.4442998200744207,5
1841,-107.5292695655,44.7206949045,0.419512778520584,0.4280794856813992,5
1842,-117.6542691605,46.2206948445,0.424402594566345,0.4367527946426956,5
1843,-115.3459359195,53.3456945595,0.416261851787567,0.425802007275874,5
1844,-123.8792689115,43.7790282755,0.441968858242035,0.4979226419956296,5
1845,-115.9459358955,52.5540279245,0.425208151340485,0.4287588784082464,5
1846,-107.2709362425,37.8790285115,0.437700718641281,0.4234486208920546,5
1847,-120.5959357095,55.0040278265,0.438165217638016,0.4228666021878456,5
1848,-123.4459355955,43.4373616225,0.490039855241776,0.5112540739182435,5
1849,-109.8209361405,43.2706949625,0.418473482131958,0.42766817327531176,5
1850,-109.2959361615,44.3040282545,0.455686450004578,0.42204917940092096,5
1851,-121.5959356695,56.6040277625,0.437587112188339,0.4300002772463307,5
1852,24.7457251435,45.6456948675,0.420257836580276,0.4649118794136399,5
1853,-106.3292696135,37.3456951995,0.451642274856567,0.42918478343199734,5
1854,-121.3959356775,56.0040277865,0.392515927553177,0.42234561215210875,5
1855,29.8123916075,70.5040272065,0.487363129854202,0.5525386651255692,5
1856,-3.82927371350002,40.8790283915,0.771317541599274,0.5470965457743209,5
1857,169.2540526965,-18.8876358845,0.539292693138123,0.5750381655397018,5
1858,-79.0209373725,42.1123616755,0.59574818611145,0.5427001365872683,5
1859,3.47905932750001,44.1456949275,0.567121744155884,0.5559282190570675,5
1860,4.34572595949999,44.7123615715,0.459990799427032,0.5845400551959585,5
1861,-86.5876037365,34.0373619985,0.493265420198441,0.5392035094861309,5
1862,170.2707193225,-43.2209682445,0.574993431568146,0.5799857554329017,5
1863,-85.9792704275,33.9206953365,0.538648188114166,0.5328086758251727,5
1864,-86.0709370905,32.3873620645,0.51732212305069,0.5276063829515799,5
1865,9.50405908650001,63.4456941555,0.477901041507721,0.4934503354172865,5
1866,-110.4126027835,46.6373614945,0.456101059913635,0.4292003558942889,5
1867,-120.5709357105,39.8873617645,0.395362615585327,0.44261509589200004,5
1868,-123.1459356075,40.2540284165,0.458567321300507,0.5183010526105681,5
1869,-121.5209356725,40.3456950795,0.41728264093399,0.46809984876235394,5
1870,-110.4209361165,46.1456948475,0.427060097455978,0.42360347297904094,5
1871,-118.2626024695,36.4706952345,0.511049747467041,0.43962824605142303,5
1872,-138.7042683185,59.1790276595,0.390979200601578,0.4516394339365351,5
1873,-110.8126027675,45.6456948675,0.454477518796921,0.4438258855512117,5
1874,-74.2792708955,40.1706950865,0.504683673381805,0.5330782234115925,5
1875,-75.6376041745,38.9456951355,0.55085277557373,0.5349401018437155,5
1876,149.8790534715,65.1873607525,0.461955159902573,0.4495367588490074,5
1877,-119.1959357655,60.8040275945,0.49494257569313,0.44681131159354925,5
1878,-113.4042693305,46.4373615025,0.427060097455978,0.44537468362466187,5
1879,-122.7292689575,39.6206951085,0.444234371185303,0.4609769733178985,5
1880,-71.3709376785,48.1456947675,0.446800917387009,0.4666412265249185,5
1881,-69.2209377645,46.3623615055,0.594096958637238,0.5115025398870021,5
1882,-75.2209375245,48.1790280995,0.458860605955124,0.4494746609905314,5
1883,-84.7626038095,46.2873615085,0.473723918199539,0.47903737602884894,5
1884,-77.4376041025,41.7956950215,0.556838989257812,0.5506299401442102,5
1885,-71.0292710255,47.0623614775,0.445540457963943,0.49137792869819774,5
1886,-72.4459376355,42.9706949745,0.534538626670837,0.5210302272049152,5
1887,-82.3959372375,46.8040281545,0.426484495401382,0.4592578315288034,5
1888,-70.7459377035,43.9206949365,0.460136473178864,0.5086875243192689,5
1889,-75.0876041965,46.9373614825,0.643299758434296,0.48806075045143543,5
1890,-75.0042708665,41.9373616825,0.619302093982697,0.5523912083602762,5
1891,14.0040589065,52.4040279305,0.491226643323898,0.5221565180520749,5
1892,-78.1959374055,44.6040282425,0.459450781345367,0.4906178981626207,5
1893,-73.6376042545,41.7790283555,0.532645106315613,0.5311250850914283,5
1894,-70.4709377145,44.7206949045,0.660631716251373,0.5086406071173785,5
1895,10.5040590465,50.9040279905,0.46181583404541,0.524529256304,5
1896,5.17072592650001,52.1206946085,0.596199035644531,0.5401394033831165,5
1897,9.1040591025,49.4040280505,0.533503532409668,0.56525093322376,5
1898,-75.9959374935,44.6040282425,0.546510338783264,0.5238822822361835,5
1899,-74.7876042085,39.1873617925,0.530290961265564,0.5276780563436692,5
1900,-95.1876033925,30.4206954765,0.501823961734772,0.5356273465615138,5
1901,-81.8792705915,31.7540287565,0.68913209438324,0.5239129321270422,5
1902,-76.8459374595,36.3123619075,0.50971931219101,0.5268226453986403,5
1903,7.3540591725,45.8040281945,0.455801784992218,0.48380304260874507,5
1904,-62.4042713705,50.5623613375,0.451158434152603,0.45162640270589277,5
1905,-62.0959380495,51.3623613055,0.456489771604538,0.45646256418341863,5
1906,-108.4792695275,53.7540278765,0.458860605955124,0.4242708641465486,5
1907,-75.0459375315,51.6206946285,0.439435094594955,0.4529098346250836,5
1908,-56.9959382535,50.8040279945,0.446754783391953,0.4612273762806318,5
1909,-105.9292696295,54.0790278635,0.417595565319061,0.42427766211061224,5
1910,-87.5959370295,49.2040280585,0.467501074075699,0.4490848002293249,5
1911,-70.3876043845,49.5706947105,0.445015370845795,0.46227312247249996,5
1912,-68.8376044465,51.8373612865,0.45565527677536,0.457014412099944,5
1913,-85.9959370935,48.2040280985,0.492385625839233,0.46248029382886763,5
1914,98.8123888475,61.2790275755,0.474851012229919,0.45134646271232887,5
1915,-123.1959356055,60.2040276185,0.408632308244705,0.44131180513180185,5
1916,-66.7959378615,46.8040281545,0.634163677692413,0.48725683991772856,5
1917,-103.1459364075,53.7206945445,0.398112773895264,0.43798609168851405,5
1918,8.30405913449999,58.8290276735,0.478455603122711,0.47713871070689773,5
1919,15.3707255185,51.4290279695,0.602083265781403,0.5119953059449622,5
1920,-88.3042703345,45.4123615435,0.515493333339691,0.5071921969534849,5
1921,-64.3959379575,45.4040282105,0.454249769449234,0.4926829078926707,5
1922,16.4040588105,53.2623612295,0.606856107711792,0.5028895364799353,5
1923,-123.5959355895,55.6040278025,0.430245876312256,0.433703713049685,5
1924,-93.9959367735,33.6706953465,0.578551292419434,0.5319557866679941,5
1925,-95.5959367095,56.0040277865,0.458860605955124,0.4474077917031786,5
1926,12.3790589715,64.4706941145,0.424345672130585,0.507247059430026,5
1927,149.2373868305,65.7123607315,0.509820878505707,0.4539040779384564,5
1928,-76.1209374885,47.7790281155,0.463448941707611,0.46533809891025496,5
1929,-75.7292708375,43.3623616255,0.646821796894073,0.537618565122622,5
1930,27.5790583635,59.1206943285,0.483230918645859,0.4847811068309969,5
1931,-152.3876011045,58.2206943645,0.390979200601578,0.4626020744597254,5
1932,-65.8709378985,49.1790280595,0.444446861743927,0.4762669663663509,5
1933,-65.1292712615,49.1290280615,0.424307644367218,0.4795202329130407,5
1934,-70.0126043995,52.6706945865,0.458860605955124,0.45855626682781037,5
1935,22.6873918925,68.7706939425,0.591212034225464,0.5221680523745259,5
1936,23.7790585155,69.1290272615,0.591212034225464,0.5339812556790131,5
1937,-150.4459345155,60.9706942545,0.458860605955124,0.46633047227370683,5
1938,25.6457251075,70.3456938795,0.591212034225464,0.5435391441393345,5
1939,-93.9959367735,49.8040280345,0.444188803434372,0.4491229868565768,5
1940,173.9623858415,-39.2626350695,0.54534387588501,0.5955661822230502,5
1941,-120.8792690315,47.7956947815,0.441968619823456,0.4569323668207407,5
1942,-119.9792690675,48.7206947445,0.384958982467651,0.4253301669560533,5
1943,-115.8959358975,48.6623614135,0.439550012350082,0.4574399625049839,5
1944,-115.3126025875,48.2873614285,0.460885137319565,0.4614056404694406,5
1945,-120.1959357255,49.2040280585,0.427609801292419,0.42331744951172556,5
1946,-114.2876026285,47.1956948055,0.441447198390961,0.44507365807130544,5
1947,-118.7209357845,47.9873614405,0.440121561288834,0.47544653957069166,5
1948,-139.1959349655,68.2040272985,0.458860605955124,0.4608939682229623,5
1949,-76.8542707925,50.570694670500004,0.447364956140518,0.44696803111986366,5
1950,-115.1042692625,57.1040277425,0.418153434991837,0.4221749746371924,5
1951,-98.4042699305,55.2623611495,0.403223484754562,0.43894220128412714,5
1952,-115.2959359215,56.6373610945,0.412646055221558,0.4211253443510927,5
1953,-120.5959357095,62.0040275465,0.454334080219269,0.44707464772169747,5
1954,-65.2292712575,50.3290280135,0.458248823881149,0.4547389041184848,5
1955,-77.6292707615,48.1956947655,0.469377994537354,0.4576264719809586,5
1956,-82.3126039075,30.1706954865,0.499092519283295,0.5383704262091861,5
1957,-77.0292707855,34.6873619725,0.495145559310913,0.5255230620847617,5
1958,-81.4376039425,27.1123622755,0.530936479568481,0.5327531813080837,5
1959,33.0457248115,65.5706940705,0.47623685002327,0.47919953979859564,5
1960,32.7873914885,59.8123609675,0.568009555339813,0.49004206912521636,5
1961,28.4790583275,60.6956942655,0.420257836580276,0.48230618330381775,5
1962,36.1707246865,64.0290274655,0.477901041507721,0.4803733701880812,5
1963,2.49572603350001,49.7623613695,0.529960036277771,0.5896999911180655,5
1964,-76.3292708135,36.6123618955,0.516308546066284,0.5313104092945922,5
1965,34.0457247715,62.9456941755,0.533905923366547,0.4756295072581531,5
1966,153.2373866705,-29.7126354515,0.784205079078674,0.6590425579549113,5
1967,149.1623868335,61.4123609035,0.481207430362701,0.4575734496526551,5
1968,149.6207201485,60.5290276055,0.470039069652557,0.4530774289461523,5
1969,-121.5959356695,59.0040276665,0.473498582839966,0.44050299403121584,5
1970,-121.9959356535,58.2040276985,0.371988892555237,0.425070266306074,5
1971,146.5207202725,64.3123607875,0.458789974451065,0.4524515495517686,5
1972,1.9290593895,45.4790282075,0.60115259885788,0.5363225241674832,5
1973,-92.4126035035,48.2123614315,0.400735825300217,0.4503926813935222,5
1974,-87.6126036955,46.7873614885,0.432818502187729,0.48620213506335774,5
1975,-107.7042695585,55.5373611385,0.39434027671814,0.43634542992647557,5
1976,-109.2292694975,35.9123619235,0.440121561288834,0.5040399265212155,6
1977,-108.8626028455,47.7873614485,0.445535391569138,0.478347233171699,6
1978,-101.4542698085,43.6456949475,0.440827399492264,0.4810592295489437,6
1979,-107.7126028915,45.9790281875,0.440121561288834,0.4656971041043863,6
1980,-2.5709404305,36.9373618825,0.606798827648163,0.6100728401986764,6
1981,-2.03760711850001,38.6290284815,0.50644713640213,0.5913732868060871,6
1982,-3.63760705449999,41.9540283485,0.619701087474823,0.6148609667264575,6
1983,-2.9876070805,40.9040283905,0.396124988794327,0.5473364171345052,6
1984,-5.47927364750001,41.4623617015,0.586789786815643,0.5908872055802141,6
1985,-0.395940517500009,38.7540284765,0.606798827648163,0.6076859542087101,6
1986,-115.9959358935,36.4540285685,0.509053230285645,0.5274087521747871,6
1987,-114.4542692885,36.9540285485,0.494953364133835,0.5176783489985741,6
1988,-108.7959361815,39.4623617815,0.51401549577713,0.5102057524399694,6
1989,-108.6376028545,40.4873617405,0.544012308120728,0.4993897773595061,6
1990,-71.9959376535,-47.3959680775,0.515652656555176,0.4759709302825856,6
1991,6.27072588249999,49.1623613935,0.616096496582031,0.6061910560157845,6
1992,3.72072598450001,51.7040279585,0.471427619457245,0.5426124055444358,6
1993,-114.2959359615,38.8206951405,0.434471756219864,0.48315935510117103,6
1994,-118.2376024705,45.4540282085,0.428040117025375,0.4441354028591154,6
1995,-117.9709358145,44.6373615745,0.44707852602005,0.44852430826659,6
1996,-117.7376024905,45.1290282215,0.424926280975342,0.4530024522985608,6
1997,-104.6626030135,37.1790285395,0.565371692180634,0.4989087169928551,6
1998,-102.3876031045,43.2540282965,0.440121561288834,0.46714970385358245,6
1999,-103.5876030565,42.7873616485,0.440121561288834,0.4740090209657902,6
2000,-102.4792697675,45.4873615405,0.544146180152893,0.48674334262461083,6
2001,-102.1126031155,42.6623616535,0.440121561288834,0.4622979164234987,6
2002,-103.7376030505,41.7290283575,0.466602772474289,0.47853727182371075,6
2003,-97.9792699475,34.2040286585,0.619184374809265,0.6620795333966926,6
2004,-97.0459366515,29.6540288405,0.783854603767395,0.6358025682501163,6
2005,-89.4376036225,38.5040284865,0.586792826652527,0.5970402419113584,6
2006,-88.4959369935,38.3956951575,0.498396068811417,0.5888408498868131,6
2007,-3.8626070455,36.8123618875,0.577745676040649,0.6194805029877437,6
2008,11.4123923435,43.4456949555,0.523173213005066,0.629054228979096,6
2009,-4.12927370150001,38.9873618005,0.586789786815643,0.5761712539449566,6
2010,-115.3042692545,39.8373617665,0.509938538074493,0.5128897320372529,6
2011,-113.7292693175,41.4956950335,0.509430587291718,0.505267798444134,6
2012,-118.2959358015,42.0206950125,0.392515927553177,0.4575004299783129,6
2013,-98.8126032475,28.4873622205,0.724089205265045,0.6976744262121494,6
2014,-115.0959359295,40.9123617235,0.443424880504608,0.45230058266201745,6
2015,-75.5959375095,45.5706948705,0.695825576782227,0.5109445313160026,6
2016,-89.5959369495,32.2290287375,0.50605845451355,0.5432268187706965,6
2017,5.91239256349999,45.3373615465,0.572901666164398,0.5681518170725125,6
2018,127.7373876905,43.9623616015,0.49465674161911,0.4974025327038563,6
2019,28.2457250035,59.5540276445,0.462700307369232,0.4857554804392045,6
2020,-83.5626038575,38.4790284875,0.484312236309052,0.5761878668976601,6
2021,3.8457259795,50.0040280265,0.423279136419296,0.5662730308869827,6
2022,-74.9959375335,45.4040282105,0.547526478767395,0.50347710985011,6
2023,12.5123922995,45.6373615345,0.347329556941986,0.5672192754256002,6
2024,-89.5626036175,42.8123616475,0.528577148914337,0.5344177340414933,6
2025,2.17905937949999,43.7540282765,0.514699578285217,0.6327503300890994,6
2026,-84.8376038065,42.2956950015,0.530506491661072,0.5442283257999965,6
2027,-0.420940516499996,45.7040281985,0.519543468952179,0.607099428470285,6
2028,-85.4209371165,38.8290284735,0.522691607475281,0.5691950233820849,6
2029,126.5957210695,37.6373618545,0.67430168390274,0.5537836473358897,6
2030,9.60405908249999,49.8040280345,0.561463952064514,0.5851463359460036,6
2031,-82.8626038855,40.2040284185,0.603767395019531,0.564312296282835,6
2032,10.4040590505,54.0040278665,0.507041096687317,0.5457696705123906,6
2033,-88.7542703165,43.9956949335,0.477934509515762,0.5274167362780624,6
2034,-89.0626036375,37.2540285365,0.492964029312134,0.5827159383290256,6
2035,-109.8042694745,33.9706953345,0.424989849328995,0.47330191569136615,6
2036,-93.5292701255,33.2206953645,0.520679712295532,0.5412901069838285,6
2037,-111.4292694095,43.7123616115,0.456238061189651,0.4255915263549293,6
2038,-107.5792695635,33.6373620145,0.569677531719208,0.5446979803574971,6
2039,-109.0042695065,33.1123620355,0.679905533790588,0.5676014477323913,6
2040,-121.7709356625,36.9873618805,0.559093058109283,0.6343609533175576,6
2041,-123.3959355975,62.0040275465,0.432871729135513,0.44593408340562957,6
2042,-127.1959354455,65.0040274265,0.432686597108841,0.45019321214238317,6
2043,-109.4876028205,47.3123614675,0.442272484302521,0.44775335880814243,6
2044,-99.3626032255,36.5123618995,0.582230091094971,0.5592347126061517,6
2045,-99.2709365625,41.6706950265,0.573026657104492,0.5005611376963983,6
2046,-112.9626026815,44.9123615635,0.459823340177536,0.44395375629049655,6
2047,-98.9459365755,36.0873619165,0.500695586204529,0.5853859266678871,6
2048,-98.1792699395,48.9790280675,0.627303302288055,0.46241522047454314,6
2049,-99.9542698685,35.4706952745,0.562874913215637,0.5827307990965984,6
2050,-90.4959369135,39.1373617945,0.733346581459045,0.5916274516880161,6
2051,-87.7626036895,41.5956950295,0.575987040996552,0.563037791646147,6
2052,-96.5292700055,44.0290282655,0.571634948253632,0.5122021526168044,6
2053,-93.2042701385,41.8706950185,0.376666665077209,0.5434230404173378,6
2054,-90.1126035955,39.5456951115,0.659927904605865,0.5933096131437867,6
2055,-97.4209366365,43.3290282935,0.602369725704193,0.519384639442602,6
2056,-91.6292702015,41.9706950145,0.532594323158264,0.5471907371172254,6
2057,-91.9876035205,40.9706950545,0.5490882396698,0.5605660662445041,6
2058,-95.6292700415,41.0290283855,0.551242172718048,0.5509886772819644,6
2059,-98.1542699405,47.7790281155,0.591552972793579,0.4889740104461085,6
2060,-99.2709365625,40.6706950665,0.410270094871521,0.5042520807237603,6
2061,-97.7459366235,35.4623619415,0.490000009536743,0.5937724153457876,6
2062,-90.9292702295,39.4956951135,0.587846755981445,0.5919328592662995,6
2063,-95.9209366965,41.4373617025,0.376666665077209,0.5311006938828616,6
2064,-95.0042700665,41.1540283805,0.524446785449982,0.5502505137660924,6
2065,-98.6709365865,44.1873615925,0.600645542144775,0.512274826119658,6
2066,-89.9292702695,38.8873618045,0.48371022939682,0.5947234522499486,6
2067,-93.2292701375,40.1373617545,0.663964152336121,0.5665931855946791,6
2068,-89.9376036025,40.1873617525,0.553382813930511,0.5445508692706518,6
2069,-93.9209367765,41.1456950475,0.762831926345825,0.5548799634162234,6
2070,-6.68760693249999,37.7456951835,0.623465597629547,0.6403660352053376,6
2071,-5.1376069945,38.0206951725,0.586789786815643,0.6043798701197088,6
2072,15.3457255195,40.0123617595,0.606798827648163,0.6257068806268792,6
2073,9.7540590765,40.4623617415,0.649264693260193,0.6275515108732632,6
2074,9.15405910050001,40.4706950745,0.642639815807343,0.6223453532237688,6
2075,14.3373922265,37.4873618605,0.588762164115906,0.6181420965454991,6
2076,0.1707261265,40.1956950855,0.51801985502243,0.6105176076802138,6
2077,13.3457255995,37.4540285285,0.618244826793671,0.6319100318615529,6
2078,-119.4959357535,40.8956950575,0.512682497501373,0.49867986125937624,6
2079,-116.6292692015,42.9956949735,0.467288643121719,0.46176178858003364,6
2080,-89.9959369335,16.2540293765,0.373095273971558,0.5639265827130933,6
2081,-89.4959369535,16.5040293665,0.619814217090607,0.568150112821473,6
2082,76.5373897385,11.6040295625,0.712903559207916,0.580914767197306,6
2083,-91.0126035595,31.9123620835,0.531351447105408,0.5486767591467829,6
2084,-1.1792738195,45.0456948915,0.510462522506714,0.5892296840512561,6
2085,-91.1459368875,32.9373620425,0.542956233024597,0.559774583037825,6
2086,-89.0709369705,44.5706949105,0.498592853546143,0.4936736149148116,6
2087,9.20405909850001,44.7456949035,0.665188550949097,0.5587499609326035,6
2088,-90.4126035835,32.7456953835,0.667758285999298,0.5606086939653363,6
2089,-90.7126035715,31.1373621145,0.625899016857147,0.5372433880336446,6
2090,-90.4792702475,32.1040287425,0.558190762996674,0.5490969619971057,6
2091,33.4457247955,57.7790277155,0.558736622333527,0.49373913838877087,6
2092,149.7707201425,-37.4126351435,0.693159282207489,0.6527908344603958,6
2093,16.8707254585,52.2873612685,0.603788554668427,0.5248389179330769,6
2094,36.0123913595,58.5540276845,0.461842238903046,0.5039754526962908,6
2095,-98.4042699305,29.1956955255,0.767705202102661,0.668323078859749,6
2096,-86.1126037555,35.7873619285,0.736847758293152,0.5650615245007455,6
2097,13.0373922785,49.6456947075,0.471180647611618,0.5056741542395615,6
2098,15.0540588645,53.8790278715,0.421947866678238,0.5294242612154755,6
2099,12.3457256395,55.0123611595,0.601165533065796,0.5247981872973606,6
2100,0.254059456499988,49.5290280455,0.600067555904388,0.5656017297001179,6
2101,1.02905942550001,44.1456949275,0.698946595191956,0.6097733266695856,6
2102,0.295726121499996,46.5290281655,0.653834640979767,0.5975230642957188,6
2103,-84.0626038375,38.1540285005,0.701090693473816,0.5761696750151426,6
2104,9.5207257525,55.3123611475,0.659756064414978,0.5222478103537781,6
2105,-90.3542702525,34.8373619665,0.491538912057877,0.5684132494994809,6
2106,-0.104273862500008,48.1706947665,0.572057664394379,0.6057359826647603,6
2107,3.60405932250001,49.2873613885,0.568096876144409,0.6070133163970685,6
2108,8.90405911049999,48.9040280705,0.568394541740417,0.6126818211447106,6
2109,14.7290588775,50.4623613415,0.423113733530045,0.5234446080206877,6
2110,-96.5209366725,30.3373621465,0.681963801383972,0.6231523396736997,6
2111,1.72905939750001,48.4123614235,0.610449314117432,0.5973924209292554,6
2112,-91.4459368755,44.6873615725,0.578599870204926,0.520035930175738,6
2113,5.10405926249999,46.7623614895,0.509867787361145,0.5842716269345597,6
2114,33.2373914705,58.5040276865,0.569659292697906,0.4944393570016339,6
2115,-104.0126030395,43.8040282745,0.440837323665619,0.47034869819693503,6
2116,-98.3709365985,30.6540288005,0.639977931976318,0.6745052714861746,6
2117,-98.7042699185,42.8040283145,0.573991298675537,0.5059612137702768,6
2118,7.80405915450001,44.0956949295,0.61921638250351,0.5614146723289282,6
2119,-122.5542689645,40.2456950835,0.741761267185211,0.6191612765762662,6
2120,36.3123913475,34.5623619775,0.511049747467041,0.6324705045267682,6
2121,2.49572603350001,43.2373616305,0.742598950862885,0.6361153372917604,6
2122,12.8457256195,43.5956949495,0.637936770915985,0.6212306511606217,6
2123,148.5040535265,-21.1959691255,0.682418823242188,0.6848156976069281,6
2124,-61.6876047325,8.1123630355,0.710212051868439,0.6343679690361943,6
2125,-84.0209371725,10.4206962765,0.497721463441849,0.5576982989550535,6
2126,-85.8626037655,31.4873621005,0.490631014108658,0.5270556669124951,6
2127,-91.4876035405,38.0206951725,0.603808283805847,0.5834231045043354,6
2128,-86.2292704175,36.4790285675,0.59059727191925,0.5585656929658672,6
2129,129.0957209695,36.4290285695,0.4649358689785,0.5581059078076036,6
2130,34.0290581055,58.1956943655,0.449897766113281,0.4960483694636362,6
2131,-123.2876022685,43.9873616005,0.46727392077446,0.5364276217322937,6
2132,-80.2542706565,40.1956950855,0.491221249103546,0.5715769360168494,6
2133,-4.2209403645,48.4123614235,0.588679254055023,0.5874112576886407,6
2134,11.1040590225,53.6040278825,0.540607035160065,0.5333621810018526,6
2135,-83.8626038455,41.6373616945,0.603747367858887,0.5585968728257392,6
2136,-95.1459367275,46.9956948135,0.392515927553177,0.47564837285560035,6
2137,6.7040591985,49.7040280385,0.574253499507904,0.5866028374907704,6
2138,-92.0459368515,38.2540284965,0.517594456672668,0.5922611045511803,6
2139,15.5290588455,53.2623612295,0.601725876331329,0.5291047307349471,6
2140,173.7957191815,-41.8043016345,0.71399998664856,0.6136218370729953,6
2141,-122.7709356225,46.3456948395,0.403951495885849,0.5222366568644708,6
2142,-123.7459355835,39.8790284315,0.515459656715393,0.5447864443313778,6
2143,-114.5126026195,50.1456946875,0.391317814588547,0.41943382692044995,6
2144,-122.5959356295,53.4040278905,0.448360741138458,0.45081170880597826,6
2145,-122.1959356455,56.2040277785,0.441984981298447,0.42562516833271313,6
2146,-79.5876040165,33.6040286825,0.50884348154068,0.5219451494769957,6
2147,-93.9709367745,31.0790287835,0.527633309364319,0.5326101697335127,6
2148,-95.0792700635,32.5623620575,0.588285982608795,0.5557580907859805,6
2149,-82.8459372195,30.1040288225,0.488000005483627,0.5389704861691675,6
2150,-84.9709371345,30.4206954765,0.603757858276367,0.5428324790019082,6
2151,-82.4542705685,28.5623622175,0.679438471794128,0.5583895654191956,6
2152,-84.4126038235,31.0790287835,0.488000005483627,0.530597404106739,6
2153,36.9207246565,61.6790275595,0.426056802272797,0.4799077551117682,6
2154,35.6040580425,61.1706942465,0.477753758430481,0.4774806050025335,6
2155,-125.7959355015,58.2040276985,0.380348980426788,0.4258760369390768,6
2156,-126.5959354695,65.6040274025,0.458860605955124,0.4558774984066894,6
2157,10.4123923835,60.3290276135,0.43102902173996,0.4661779080622486,6
2158,-96.1876033525,34.0206953325,0.579895973205566,0.6111028317720509,6
2159,-98.6542699205,41.7623616895,0.500695586204529,0.5024669897912418,6
2160,-98.4042699305,42.1790283395,0.415005803108215,0.5114325200637712,6
2161,-135.8459350995,59.5123609795,0.449999988079071,0.5018103037041043,6
2162,-142.3459348395,60.3373609465,0.355714291334152,0.464120794187463,6
2163,-133.6959351855,58.5123610195,0.384742826223373,0.4759097302266083,6
2164,-6.57094027049999,39.1956951255,0.714345395565033,0.6158395890289391,6
2165,-80.0626039975,38.2373618305,0.534973978996277,0.5547732399829264,6
2166,-83.8959371775,34.9123619635,0.562259614467621,0.5284317358110054,6
2167,-78.1292707415,40.3040284145,0.626109838485718,0.5613495486230246,6
2168,-92.2959368415,34.8623619655,0.619664669036865,0.5763104098510387,6
2169,-82.5626038975,38.4206951565,0.545006513595581,0.5655822830427971,6
2170,-82.4459372355,34.3123619875,0.52705180644989,0.5238865955046957,6
2171,-92.9459368155,34.8123619675,0.493870288133621,0.5549007795447392,6
2172,118.1373880745,29.2456955235,0.509589731693268,0.5418267729752457,6
2173,-73.2292709375,-50.0876346365,0.515749037265778,0.49815068765192244,6
2174,-82.4959372335,35.7206952645,0.477278232574463,0.5381358088765957,6
2175,-93.6126034555,36.2206952445,0.573462903499603,0.593109360984138,6
2176,-82.9542705485,34.4873619805,0.501450836658478,0.55449290170689,6
2177,173.5040525265,-41.3543016525,0.685531139373779,0.6267331773015349,6
2178,-77.7459374235,37.5873618565,0.513634860515594,0.5442696205479108,6
2179,-79.3542706925,40.1373617545,0.566980838775635,0.5543352872733459,6
2180,16.0873921565,50.8706946585,0.452730417251587,0.5230386217533085,6
2181,-80.4709373145,36.4373619025,0.511583566665649,0.5286697565720571,6
2182,-78.2126040715,37.1873618725,0.541358947753906,0.5308342716451332,6
2183,-7.98760688050001,43.2790282955,0.504904747009277,0.5612153699469338,6
2184,-83.7876038485,36.3790285715,0.462352186441422,0.5514156425922311,6
2185,-123.4376022625,42.1290283415,0.462997555732727,0.5130361976392362,6
2186,-105.2292696575,36.5040285665,0.425863236188889,0.43946334793517133,6
2187,-122.8626022855,43.2873616285,0.456655651330948,0.5259762629564937,6
2188,-106.3959362775,39.4290284495,0.404436558485031,0.42643864109768553,6
2189,-123.5209355925,46.5790281635,0.461446523666382,0.5027428251982468,6
2190,-115.8792692315,54.0040278665,0.406309485435486,0.4312536878423687,6
2191,-124.4126022235,48.2706947625,0.464167177677155,0.49125372706214,6
2192,-126.7959354615,55.2040278185,0.34064906835556,0.4158419356026939,6
2193,-122.4626023015,41.9540283485,0.658333361148834,0.5517906023875905,6
2194,-105.6792696395,37.9456951755,0.464320182800293,0.4891767246995042,6
2195,9.01239243949999,46.0873615165,0.648617208003998,0.5395397979199668,6
2196,-125.3959355175,57.6040277225,0.427231252193451,0.42315374488166835,6
2197,-128.1959354055,58.0040277065,0.34064906835556,0.41752665878970935,6
2198,22.3207252405,69.6873605725,0.591212034225464,0.5433674820658864,6
2199,-81.4042706105,35.3123619475,0.511902272701263,0.5308333540253868,6
2200,-83.1292705415,33.2456953635,0.494302481412888,0.5179958551803386,6
2201,-7.96260688149999,40.9290283895,0.50762677192688,0.5436350029185109,6
2202,-94.8126034075,36.4706952345,0.633423089981079,0.6115935675355123,6
2203,12.7623922895,50.0623613575,0.437147915363312,0.48746209632479687,6
2204,-81.0292706255,36.0290285855,0.579324185848236,0.5339746584401623,6
2205,-85.0709371305,45.5540282045,0.641363501548767,0.4958826975292739,6
2206,-77.8292707535,42.1373616745,0.470306634902954,0.5521087704893121,6
2207,16.2457254835,49.1706947265,0.685382664203644,0.511038377632582,6
2208,-86.3292704135,37.8290285135,0.556241512298584,0.5732625075760985,6
2209,-0.395940517500009,46.6623614935,0.589191675186157,0.5914354384734439,6
2210,17.6040587625,50.0290280255,0.479422718286514,0.5371062890379522,6
2211,-83.7626038495,33.9873620005,0.572055697441101,0.5259969193718036,6
2212,-119.4126024235,38.1956951655,0.454386353492737,0.4388729663534623,6
2213,-124.3959355575,53.2040278985,0.462657004594803,0.43231316025138183,6
2214,-123.5959355895,50.4040280105,0.422327518463135,0.43461253569575314,6
2215,-120.1959357255,53.2040278985,0.446710646152496,0.4277876679108106,6
2216,-75.5542708445,38.1706951665,0.534709751605988,0.5247018410442078,6
2217,-63.3876046645,49.5290280455,0.439211815595627,0.455489526579225,6
2218,-62.6542713605,49.4873613805,0.448372036218643,0.46130609998379973,6
2219,-60.4376047825,50.8040279945,0.456406772136688,0.45542043670836346,6
2220,-58.7376048505,51.7956946215,0.457639753818512,0.4564981842821709,6
2221,-67.0209378525,50.570694670500004,0.455095052719116,0.4542316260386679,6
2222,-57.3959382375,53.4040278905,0.458860605955124,0.4568920725259854,6
2223,-113.6876026525,46.9540281485,0.464593142271042,0.44575263708304397,6
2224,19.3457253595,69.9873605605,0.59535539150238,0.5447944946586549,6
2225,6.39572587749998,59.4456943155,0.591212034225464,0.4808504608047369,6
2226,5.39572591749999,59.4123609835,0.429768294095993,0.49545187650137684,6
2227,-74.6626042135,47.7373614505,0.407628208398819,0.4500600466613117,6
2228,-78.7292707175,40.8706950585,0.44950059056282,0.5501748007517654,6
2229,-68.6209377885,47.5790281235,0.473132371902466,0.5159695592465553,6
2230,-74.4292708895,45.9956948535,0.767933487892151,0.5169570643656932,6
2231,-74.5959375495,47.2623614695,0.436000734567642,0.4689165710464827,6
2232,-88.7959369815,47.1040281425,0.744128942489624,0.48810582806423364,6
2233,-74.9542708685,41.4373617025,0.526004493236542,0.5510411225341723,6
2234,151.2957200815,-33.0543019845,0.649565577507019,0.690711360728208,6
2235,-77.7959374215,45.8040281945,0.441841721534729,0.49502176869678916,6
2236,-81.7959372615,47.0040281465,0.472714453935623,0.4445192386034497,6
2237,-73.3042709345,47.7040281185,0.427160650491714,0.46198392132573046,6
2238,-84.5959371495,47.4040281305,0.423681259155273,0.4566285552087246,6
2239,-85.8876037645,45.9873615205,0.426375031471252,0.492089511492878,6
2240,12.1040589825,53.6040278825,0.519885540008545,0.5287096052665722,6
2241,-66.9959378535,47.4040281305,0.434904724359512,0.5001374693083643,6
2242,8.60405912249999,53.2040278985,0.594619274139404,0.5354409165909737,6
2243,-85.4209371165,44.5373615785,0.518929898738861,0.5080303105946703,6
2244,-72.9459376155,43.6373616145,0.435505002737045,0.5293307782188083,6
2245,-118.6376024545,56.6790277595,0.419660210609436,0.4227533522983852,6
2246,-75.9709374945,36.2540285765,0.53349381685257,0.5210665820167322,6
2247,-67.3209378405,48.3623614255,0.385111302137375,0.48926926867292797,6
2248,-67.8126044875,49.9040280305,0.453141719102859,0.45414160450314783,6
2249,-61.5959380695,50.9206946565,0.446611016988754,0.4505231847991551,6
2250,-74.6292708815,50.8373613265,0.467509418725967,0.45154906943146766,6
2251,-79.4542706885,48.4706947545,0.484034389257431,0.4488147607023536,6
2252,-111.5792694035,54.8623611655,0.397005885839462,0.42580130263685556,6
2253,-61.0292714255,51.2123613115,0.449109703302383,0.4542592256218038,6
2254,-74.3959375575,51.3873613045,0.458860605955124,0.452939145018536,6
2255,-107.2626029095,54.4373611825,0.421513646841049,0.4281599340932333,6
2256,-72.6126042955,50.3206946805,0.450751036405563,0.45076846120439484,6
2257,-89.5959369495,50.4040280105,0.444431096315384,0.4461435302785989,6
2258,-106.8542695925,55.4540278085,0.458860605955124,0.42993141981544364,6
2259,-113.3376026665,55.4040278105,0.429594069719315,0.42238102128472965,6
2260,-60.5876047765,51.5790279635,0.455123871564865,0.45684325078775,6
2261,30.2290582575,61.5623608975,0.43778395652771,0.4841995123043976,6
2262,-104.1959363655,53.6040278825,0.415117830038071,0.447651330989909,6
2263,7.60405916249999,59.7623609695,0.591212034225464,0.4960639272874117,6
2264,-50.9376051625,-26.4626355815,0.630733728408813,0.5659682938483847,6
2265,-50.2209385245,-28.3543021725,0.601972937583923,0.5722194140226323,6
2266,-74.3126042275,44.9706948945,0.670355200767517,0.5090488454672638,6
2267,-71.5542710045,42.8873616445,0.408819139003754,0.5238728459007613,6
2268,16.1290588215,52.7040279185,0.477901041507721,0.5205733299452731,6
2269,20.3457253195,54.8706944985,0.596987783908844,0.5092885488395779,6
2270,26.4790584075,57.6956943855,0.472791969776154,0.48495779245201714,6
2271,-72.2209376445,41.4456950355,0.533951878547668,0.5262973138022222,6
2272,-73.7209375845,42.3873616645,0.590636253356934,0.551981627767831,6
2273,-65.7626045695,48.4373614225,0.436233311891556,0.47638580453343377,6
2274,-100.9959364935,56.2040277785,0.455479234457016,0.4419619900564575,6
2275,-99.9959365335,55.2040278185,0.422787457704544,0.44099266846028157,6
2276,-80.7959373015,25.2706956825,0.686696231365204,0.5410791981698286,6
2277,9.3457257595,60.6456942675,0.459634453058243,0.4801836286193451,6
2278,-81.3042706145,26.1040289825,0.395999997854233,0.5105427682353622,6
2279,-72.6042709625,46.6206948285,0.463973551988602,0.4832093029735329,6
2280,9.30405909449999,54.0040278665,0.514358401298523,0.5301571139726989,6
2281,8.90405911049999,54.8040278345,0.547011315822601,0.5322030291055473,6
2282,-121.9626023215,48.4373614225,0.418944239616394,0.4772191172834678,6
2283,-60.0792714635,51.9206946165,0.471107095479965,0.4558787487432071,6
2284,-62.0126047195,49.2373613905,0.452187657356262,0.46341367017748974,6
2285,-64.5126046195,48.6540280805,0.455607950687408,0.4822091116731186,6
2286,-69.5459377515,51.6873612925,0.458461314439774,0.45702790292589723,6
2287,-67.7959378215,47.6040281225,0.765606284141541,0.49312859957006266,6
2288,-72.2042709785,51.2040279785,0.458860605955124,0.45333101025391126,6
2289,32.5540581645,67.5956939895,0.459993541240692,0.48351405609839215,6
2290,-71.0792710235,51.8456946195,0.458860605955124,0.4552841509610575,6
2291,-94.5959367495,53.6040278825,0.431366741657257,0.44774445760473874,6
2292,-92.5959368295,53.2040278985,0.468668222427368,0.44821318713234326,6
2293,-87.9959370135,49.6040280425,0.465988218784332,0.4426319306551479,6
2294,23.7707251825,69.6123605755,0.591212034225464,0.5432294429030948,6
2295,-8.67094018649999,40.4040284105,0.50644713640213,0.566413625550111,6
2296,-95.0792700635,49.2790280555,0.424423307180405,0.4522082857648247,6
2297,7.60405916249999,52.9040279105,0.481084197759628,0.5365691982800941,6
2298,10.3040590545,53.0040279065,0.526129901409149,0.5292766754923046,6
2299,-115.6126025755,47.7123614515,0.445226967334747,0.43831169695934685,6
2300,-116.6542692005,48.3040280945,0.43493977189064,0.4824325185036949,6
2301,-117.6459358275,48.6790280795,0.475677639245987,0.4356547635533523,6
2302,-77.6709374265,50.5040280065,0.458860605955124,0.4494800250602685,6
2303,-79.0876040365,49.9123613635,0.456549078226089,0.4485609178357874,6
2304,-75.8959374975,48.9956947335,0.450569719076157,0.446521051786246,6
2305,-76.5042708065,49.8956946975,0.458860605955124,0.4456104095042074,6
2306,-60.3959381175,53.4040278905,0.455987393856049,0.46021718374129783,6
2307,-79.2459373635,50.6373613345,0.437013030052185,0.4465258929549842,6
2308,-74.3959375575,51.9206946165,0.458860605955124,0.4513709318620404,6
2309,-81.8876039245,28.4373622225,0.540530800819397,0.5513222635939404,6
2310,-123.7959355815,48.6040280825,0.45969420671463,0.49587959897572065,6
2311,149.8207201405,67.9290273095,0.420473158359528,0.4630752662570824,6
2312,-132.7709352225,56.9623610815,0.451966017484665,0.46919040900456505,6
2313,-8.5876068565,38.6373618145,0.703000009059906,0.6306877691641578,6
2314,-116.9959358535,63.4040274905,0.45331859588623,0.4505812834549069,6
2315,-121.9959356535,62.0040275465,0.487018465995789,0.4530797333546428,6
2316,32.0790581835,62.1290275415,0.447083979845047,0.4775394436020832,6
2317,-74.3459375595,48.4040280905,0.442695021629333,0.44791245611417274,6
2318,-61.1959380855,53.0040279065,0.455708384513855,0.45612137938022057,6
2319,-116.2459358835,38.9456951355,0.49029877781868,0.5067318519553955,7
2320,145.0790536635,-35.8126352075,0.714345395565033,0.6575635019471918,7
2321,-104.6042696825,46.7790281555,0.466602772474289,0.473238877870907,7
2322,-102.7876030885,48.2206947645,0.562758147716522,0.4835561298671395,7
2323,-4.54594035150001,39.9123617635,0.600226163864136,0.5918064476372381,7
2324,-114.1626026335,37.6040285225,0.50318717956543,0.511661884412878,7
2325,-116.9459358555,40.3290284135,0.48439833521843,0.5041292011118574,7
2326,-116.2876025485,41.0123617195,0.392515927553177,0.5151959632978022,7
2327,-111.1126027555,37.2373618705,0.562444031238556,0.5045454501338315,7
2328,-109.9959361335,36.2623619095,0.569166779518127,0.5085527946848106,7
2329,-112.5709360305,38.6956951455,0.510996401309967,0.5120432290666475,7
2330,12.3123923075,45.1373615545,0.674686253070831,0.5534689146485071,7
2331,4.6207259485,52.4206945965,0.658420562744141,0.5286638219830334,7
2332,-86.7376037305,32.2456954035,0.483212828636169,0.5372802909475254,7
2333,7.20405917849999,51.9040279505,0.65798956155777,0.5599836259445179,7
2334,-112.0542693845,36.3706952385,0.420316964387894,0.45198609043441995,7
2335,-95.5459367115,29.3540288525,0.707273244857788,0.5414999329651312,7
2336,-92.6126034955,30.3123621475,0.509369909763336,0.5322843450005147,7
2337,-100.6042698425,32.9206953765,0.698870658874512,0.638497254310012,7
2338,-98.6542699205,34.0456953315,0.724089205265045,0.6589908515842172,7
2339,143.7457203835,-34.3459685995,0.714345395565033,0.6574724445458165,7
2340,-100.8126031675,46.7540281565,0.415773302316666,0.4949980060374801,7
2341,-105.8126029675,45.2456948835,0.440121561288834,0.4686723919022636,7
2342,-118.0126024795,34.2373619905,0.701902329921722,0.6150680741196561,7
2343,-1.9959404535,37.8706951785,0.606798827648163,0.5928362272215282,7
2344,-119.6292690815,34.7040286385,0.477339208126068,0.5243629893921186,7
2345,141.3290538135,-34.1293019415,0.714575290679932,0.6452371465136263,7
2346,14.8457255395,38.0373618385,0.594047844409943,0.6261748854674559,7
2347,-119.1042691025,38.6706951465,0.486480921506882,0.5068936071559816,7
2348,-113.4876026605,36.1623619135,0.510808289051056,0.5287594029470317,7
2349,-118.3709357985,37.7873618485,0.451580345630646,0.4418205787541735,7
2350,-113.2959360015,38.5540284845,0.505810618400574,0.5038516866324073,7
2351,-99.3876032245,26.9456956155,0.724089205265045,0.6783713816900138,7
2352,-89.9959369335,16.7540293565,0.617071151733398,0.5764147592354062,7
2353,-59.7542714765,-16.8793026315,0.760501205921173,0.6178237247766324,7
2354,-62.6626046935,-15.3209693605,0.487932682037354,0.640325966747066,7
2355,-66.5542712045,18.0123626395,0.664023101329803,0.5674423657880319,7
2356,5.9623925615,46.5373614985,0.445616602897644,0.5205980112823588,7
2357,19.8873920045,48.2956947615,0.708372294902802,0.573404107402651,7
2358,-95.3292700535,35.2790286155,0.691680192947388,0.5930008346091489,7
2359,-123.0292689455,45.4040282105,0.471770882606506,0.5151248590660192,7
2360,-88.0542703445,44.8373615665,0.486814558506012,0.5174724980667285,7
2361,9.50405908650001,51.1040279825,0.624147474765778,0.5269862351875556,7
2362,-85.3126037875,39.4206951165,0.443550676107407,0.5923592809575722,7
2363,-83.8709371785,39.9956950935,0.581081867218018,0.5963795435705153,7
2364,5.97905922749999,47.2956948015,0.661450088024139,0.599323614088071,7
2365,-83.6376038545,40.5290284055,0.551568388938904,0.5843473822795573,7
2366,-91.8459368595,43.0790283035,0.547427952289581,0.5350891140591453,7
2367,-86.0959370895,40.3040284145,0.583422064781189,0.580151949321324,7
2368,7.49572583349999,47.6706947865,0.697050034999847,0.5749040854617606,7
2369,-86.1792704195,42.2540283365,0.446775287389755,0.5293475840826295,7
2370,-92.3459368395,45.4290282095,0.556245088577271,0.5154073545410326,7
2371,-81.9376039225,41.1456950475,0.553739190101624,0.575203480375277,7
2372,0.5207261125,48.6206947485,0.603433668613434,0.5923275861866959,7
2373,0.529059445499996,43.4540282885,0.642639815807343,0.6032094566329328,7
2374,-83.3709371985,40.9956950535,0.6160649061203,0.5709209150145934,7
2375,-83.8459371795,39.3290284535,0.61909407377243,0.5863129599948798,7
2376,-88.9459369755,42.9206949765,0.567013204097748,0.5351911376415567,7
2377,-85.7209371045,41.7290283575,0.484149813652039,0.5384325601875621,7
2378,9.20405909850001,52.3040279345,0.512117087841034,0.5605049718084039,7
2379,-85.2792704555,40.2623617495,0.579181015491486,0.6003258610609082,7
2380,0.387392784500008,44.2040282585,0.603533685207367,0.5951225213983782,7
2381,6.80405919449998,46.0623615175,0.493111819028854,0.5426777150696024,7
2382,-116.4209358765,45.4706948745,0.447095155715942,0.4511857375367735,7
2383,-109.5376028185,42.8540283125,0.429215162992477,0.42183807343580054,7
2384,-114.5542692845,44.2706949225,0.45969420671463,0.45124380695652655,7
2385,-116.1876025525,44.3040282545,0.437730312347412,0.44130650136762134,7
2386,-106.8792695915,44.2790282555,0.427060097455978,0.4244440073253947,7
2387,-114.0042693065,45.2956948815,0.420420914888382,0.4259919689758383,7
2388,-112.9459360155,44.3290282535,0.458309561014175,0.4591363143231294,7
2389,149.2373868305,-25.6376356145,0.763307571411133,0.6522110254744845,7
2390,-95.5626033775,28.8956955375,0.343823492527008,0.5471696701788076,7
2391,-98.0209366125,32.8206953805,0.724089205265045,0.6699863289095884,7
2392,-97.8959366175,37.3540285325,0.559521317481995,0.5345741458002058,7
2393,-98.1209366085,36.8956952175,0.532811522483826,0.5624857817411961,7
2394,-96.0792700235,36.8040285545,0.729435205459595,0.5920229835797008,7
2395,-91.4792702075,38.8540284725,0.608526051044464,0.5973177467871886,7
2396,-101.6459364675,45.2373615505,0.581285715103149,0.4834011275906734,7
2397,-112.8876026845,48.3373614265,0.355714291334152,0.4688088729928643,7
2398,-97.7459366235,34.7123619715,0.5167036652565,0.6215437163819707,7
2399,-96.7126033315,37.4040285305,0.561667442321777,0.5710316989735126,7
2400,-98.9292699095,38.2706951625,0.634889841079712,0.5152980544713445,7
2401,-96.5876033365,46.1706948465,0.471561640501022,0.5080836057716445,7
2402,-94.1292701015,37.9873618405,0.598507583141327,0.5932642979748579,7
2403,-94.9126034035,45.0956948895,0.510248482227325,0.5142728720860692,7
2404,-95.6209367085,43.3873616245,0.57365608215332,0.5185811504061741,7
2405,-97.2126033115,42.7873616485,0.6290363073349,0.5230657347332004,7
2406,-99.5959365495,39.8373617665,0.428141474723816,0.5020970482389203,7
2407,-99.3292698935,43.6623616135,0.500695586204529,0.5132649211454501,7
2408,-104.1376030345,47.6790281195,0.576993644237518,0.47629624843355634,7
2409,-98.4042699305,37.8540285125,0.487708419561386,0.5152105351230379,7
2410,-93.1292701415,42.8790283115,0.466650873422623,0.5252623159953902,7
2411,-92.6209368285,44.1456949275,0.467805534601212,0.5347374199843076,7
2412,-91.6792701995,39.9290284295,0.572153270244598,0.582271277042194,7
2413,-92.4459368355,42.7290283175,0.478769510984421,0.531838412663079,7
2414,-121.6626023335,36.2456952435,0.491303414106369,0.6127284746054491,7
2415,9.64572574749999,44.3456949195,0.76311582326889,0.5755799781539618,7
2416,-120.4792690475,34.7206953045,0.666599988937378,0.6328253983999377,7
2417,-121.3042690145,36.6040285625,0.606766760349274,0.6142288412674196,7
2418,0.4623927815,42.3373616665,0.477901041507721,0.5876472453962133,7
2419,-7.8292735535,38.4373618225,0.642181217670441,0.6409802613022964,7
2420,10.8290590335,44.4456949155,0.651805639266968,0.6172945886637652,7
2421,-108.9209361765,43.9456949355,0.446860134601593,0.47373975734327056,7
2422,-112.7042693585,42.5290283255,0.416972368955612,0.4464499722971591,7
2423,-108.0292695455,39.5290284455,0.392515927553177,0.4612007258750992,7
2424,13.3040589345,46.2456948435,0.612327814102173,0.5475465951387052,7
2425,-83.7292705175,44.3540282525,0.433363974094391,0.5022369451779396,7
2426,151.0207200925,-24.4043023305,0.756997466087341,0.7002472560496495,7
2427,-90.6126035755,31.5873620965,0.52575421333313,0.5461767175540498,7
2428,19.4873920205,43.7540282765,0.477901041507721,0.562320652588212,7
2429,-84.4292704895,43.9206949365,0.391395449638367,0.5063582771184086,7
2430,11.1290590215,57.3123610675,0.618238806724548,0.5051598181214063,7
2431,-90.5042702465,30.4456954755,0.52538013458252,0.5232962597853849,7
2432,-76.4542708085,43.1123616355,0.567070484161377,0.5600041773933817,7
2433,2.1040593825,46.8540281525,0.701584756374359,0.5905506785981787,7
2434,-86.3126037475,38.8623618055,0.530166029930115,0.5844230157287041,7
2435,-87.6792703595,37.7373618505,0.493253260850906,0.5890074469729462,7
2436,-84.9792704675,37.6873618525,0.530791819095612,0.5795251266763908,7
2437,4.9540592685,47.3040281345,0.701584756374359,0.6038400448971512,7
2438,-91.6626035335,43.9790282675,0.522450983524323,0.530572698138338,7
2439,11.6957256655,45.3290282135,0.59303218126297,0.5864597495181728,7
2440,-84.5459371515,38.6123618155,0.564659774303436,0.5854463363090101,7
2441,17.2540587765,53.2873612285,0.603712022304535,0.525396603693429,7
2442,2.52072603249999,50.6623613335,0.558514535427094,0.5334801413533745,7
2443,-96.7209366645,29.2206955245,0.753104209899902,0.6040966509897758,7
2444,128.2873876685,36.1873619125,0.651659965515137,0.5399242919776154,7
2445,0.929059429500001,48.2290280975,0.70126336812973,0.6018759062233234,7
2446,-91.2209368845,34.6373619745,0.609495878219604,0.5713279282142661,7
2447,-121.2459356835,43.1290283015,0.446591377258301,0.4550217119825664,7
2448,7.98739248050001,45.6206948685,0.490800112485886,0.5414293441182215,7
2449,-97.3126033075,34.1040286625,0.698452174663544,0.6394370822379938,7
2450,-100.6709365065,45.1373615545,0.511319577693939,0.4910127263508949,7
2451,-97.2209366445,46.0623615175,0.58103221654892,0.5061938747965684,7
2452,-95.7376033705,33.4373620225,0.402268826961517,0.5911169649096757,7
2453,-88.2959370015,41.2123617115,0.561820566654205,0.5589367417114778,7
2454,35.7707247025,7.6040297225,0.598851144313812,0.5793880600851481,7
2455,9.71239241149999,62.2123608715,0.587281584739685,0.4805300631166301,7
2456,4.7790592755,43.7623616095,0.606798827648163,0.615720295920602,7
2457,8.9873924405,40.9123617235,0.497124999761581,0.6258270033267699,7
2458,12.9207256165,42.9290283095,0.614486873149872,0.6093171829007549,7
2459,8.3540591325,44.5456949115,0.62218701839447,0.6098141870311093,7
2460,15.4373921825,40.8540283925,0.775422334671021,0.636996712182362,7
2461,-112.4876027005,38.2540284965,0.450345903635025,0.47701368077924716,7
2462,-99.0959365695,28.9623622015,0.724089205265045,0.6994209496901155,7
2463,-50.7626051695,-27.4543022085,0.591139733791351,0.5604782557672928,7
2464,-94.4292700895,46.9873614805,0.535360872745514,0.4641731854572224,7
2465,-81.4126039435,37.8790285115,0.491656690835953,0.5459977558070533,7
2466,-92.2792701755,37.7540285165,0.604233682155609,0.5871968715939642,7
2467,-90.2542702565,37.4456951955,0.545409560203552,0.5874326297128806,7
2468,11.2040590185,50.6040280025,0.445204496383667,0.5161859078570629,7
2469,-79.3126040275,40.5956950695,0.571522295475006,0.5512332428504692,7
2470,177.8457190195,-37.9543017885,0.556763589382172,0.6088483513188669,7
2471,-95.4376033825,50.0790280235,0.426270067691803,0.444134413232911,7
2472,1.89572605749999,46.0790281835,0.650547802448273,0.5529390654645443,7
2473,23.8707251785,52.7790279155,0.536292731761932,0.499560822054884,7
2474,-82.5542705645,33.0540287045,0.493881285190582,0.52480314255534,7
2475,-89.0626036375,35.1706952865,0.571374535560608,0.5608984307810918,7
2476,-92.5792701635,37.1956952055,0.561594009399414,0.5915978538500628,7
2477,2.54572603150001,46.2540281765,0.603490054607391,0.6048943211600619,7
2478,-94.4126034235,47.8540281125,0.409655094146729,0.45819722337750296,7
2479,-75.7792708355,40.0873617565,0.484038650989532,0.5603455208402276,7
2480,-76.9459374555,37.9456951755,0.473136246204376,0.536877732684769,7
2481,-81.5959372695,43.6040282825,0.569610178470612,0.5250538092646659,7
2482,-94.4709367545,45.6290282015,0.509692192077637,0.5023336638265576,7
2483,-75.4126041835,40.5540284045,0.536768913269043,0.5660527809782487,7
2484,8.0040591465,50.3040280145,0.572181761264801,0.5331654653491793,7
2485,-88.1376036745,31.1706954465,0.514138221740723,0.5168829221566639,7
2486,-94.3459367595,34.0623619975,0.623759388923645,0.5428931205950956,7
2487,-93.6709367865,32.1373620745,0.621816337108612,0.5452255069820146,7
2488,-94.0709367705,32.5456953915,0.540903210639954,0.5403779162483536,7
2489,-81.0292706255,33.8206953405,0.50981867313385,0.531130463012485,7
2490,-83.8876038445,31.0540287845,0.557724237442017,0.5248615096093897,7
2491,-83.7876038485,30.6123621355,0.6672203540802,0.5242950133610592,7
2492,-81.5626039375,27.9373622425,0.676162779331207,0.5647040089438721,7
2493,-94.9209367365,33.0290287055,0.49727588891983,0.5546644664268903,7
2494,-86.4126037435,31.2956954415,0.451086044311523,0.5188708097968358,7
2495,-77.6709374265,35.7206952645,0.494338572025299,0.5286016607902082,7
2496,34.3540580925,58.6123610155,0.422950655221939,0.49638989784734766,7
2497,32.9873914805,64.9956940935,0.502138495445251,0.4705249830143208,7
2498,-124.9959355335,65.0040274265,0.458860605955124,0.45406601071243546,7
2499,-134.3959351575,59.6040276425,0.400529116392136,0.4446828061566204,7
2500,148.0373868785,-25.1126356355,0.647540330886841,0.6523705315949261,7
2501,173.4123858635,-42.6043016025,0.586666464805603,0.6428857084646477,7
2502,5.51239257949999,61.9706942145,0.567638278007507,0.4841531982206546,7
2503,-133.3709351985,58.0956943695,0.449999988079071,0.4917274140657322,7
2504,-130.5959353095,65.2040274185,0.491051554679871,0.45082945711920425,7
2505,-4.54594035150001,40.4790284075,0.343236058950424,0.5831689558727752,7
2506,-5.64594030750001,39.7373617705,0.50644713640213,0.5945488726005252,7
2507,-7.29594024150001,42.1040283425,0.477901041507721,0.5558262706851175,7
2508,-91.5792702035,35.3623619455,0.654269397258759,0.5722949423907238,7
2509,127.8540543525,36.9873618805,0.668275654315948,0.5608555696791064,7
2510,-81.1792706195,39.4873617805,0.624492228031158,0.5491778744684658,7
2511,-85.0042704665,36.8956952175,0.581758081912994,0.5567490835107437,7
2512,-7.22927357750001,43.5206949525,0.589458465576172,0.5586305606863141,7
2513,-7.8959402175,43.7456949435,0.714794754981995,0.5783245301435638,7
2514,-84.8626038055,32.7456953835,0.495093047618866,0.5160585716054786,7
2515,-82.9126038835,38.7790284755,0.591496288776398,0.5601677018171024,7
2516,175.7373857705,-37.5209684725,0.615578532218933,0.5869436365639419,7
2517,-82.3959372375,45.8040281945,0.340107142925262,0.5054298119920202,7
2518,-86.6042704025,38.2623618295,0.608072817325592,0.5746537690528061,7
2519,-82.4209372365,36.6623618935,0.553009927272797,0.5581263354398647,7
2520,-80.2459373235,35.5790286035,0.563840568065643,0.5247882988092782,7
2521,-78.3292707335,37.6373618545,0.548135221004486,0.540110822836265,7
2522,-77.9376040825,38.6623618135,0.421545922756195,0.560377851572335,7
2523,-81.1959372855,44.8040282345,0.338334530591965,0.5063108806504505,7
2524,-96.3876033445,48.9206947365,0.432773262262344,0.46464532414983306,7
2525,-77.2876041085,40.2456950835,0.537821531295776,0.5698060377012963,7
2526,-8.5876068565,41.3790283715,0.703000009059906,0.5455918694736456,7
2527,-81.0626039575,36.5040285665,0.56912499666214,0.5493780112770704,7
2528,-80.8709372985,35.4206952765,0.544892847537994,0.5341898731058722,7
2529,-123.5376022585,44.7706949025,0.45969420671463,0.4911606876727459,7
2530,-106.6042696025,41.0040283865,0.397549152374268,0.4215494432592761,7
2531,-104.9959363335,38.6123618155,0.44176584482193,0.4589851705395502,7
2532,-123.6792689195,45.4956948735,0.422787308692932,0.4920910787357736,7
2533,-106.4209362765,41.4956950335,0.406987935304642,0.4224085228935275,7
2534,-115.5376025785,54.8123611675,0.436784684658051,0.4351637906879911,7
2535,-107.1876029125,36.5373618985,0.520082235336304,0.5094768100310554,7
2536,-111.1709360865,42.5956949895,0.421090871095657,0.44428341793936105,7
2537,-105.2126029915,36.0040285865,0.523808360099792,0.4995494151689362,7
2538,-88.5042703265,30.3873621445,0.622775793075562,0.5055645028600975,7
2539,-78.7209373845,35.4206952765,0.467519730329514,0.5215071672163208,7
2540,-111.9959360535,57.8040277145,0.458860605955124,0.4391645725449984,7
2541,-47.6126052955,-22.2876357485,0.688203573226929,0.5972513093283811,7
2542,-59.9042714705,-2.4043032105,0.702275931835175,0.5977639062418155,7
2543,-48.9626052415,-28.2626355095,0.586738348007202,0.6298252702885534,7
2544,-86.5042704065,46.2123615115,0.63737028837204,0.49714643283715787,7
2545,-85.2792704555,34.2206953245,0.53132563829422,0.5271364299775568,7
2546,0.5790594435,42.9123616435,0.628495216369629,0.5595200809043298,7
2547,-87.9792703475,36.1373619145,0.555236577987671,0.5649626867237542,7
2548,13.6707255865,49.4456947155,0.421053379774094,0.5074804739343503,7
2549,-86.1542704205,44.7123615715,0.435220688581467,0.5082483517387847,7
2550,10.6540590405,56.2540277765,0.475485116243362,0.5060780225990955,7
2551,173.1040525425,-35.1793018995,0.714586853981018,0.5954843034029479,7
2552,-83.5542705245,33.5623620175,0.488634079694748,0.5236025852381992,7
2553,-85.3542704525,33.6040286825,0.540769815444946,0.5232009097936043,7
2554,-79.0542707045,42.6373616545,0.571902394294739,0.538215621065688,7
2555,12.1040589825,50.7040279985,0.480936735868454,0.5269721414059619,7
2556,-88.7209369845,34.1706953265,0.602983474731445,0.5458649329968404,7
2557,-86.9376037225,36.8290285535,0.525990843772888,0.5662758585551023,7
2558,-89.3459369595,31.3873621045,0.539025962352753,0.5371267751957054,7
2559,15.1873921925,67.3206940005,0.541079342365265,0.49070209426469963,7
2560,-107.9126028835,45.1623615535,0.440121561288834,0.4410270463495189,7
2561,-126.3959354775,56.2040277785,0.340912818908691,0.41312284706657404,7
2562,-119.6292690815,37.7456951835,0.381123870611191,0.4480511957340409,7
2563,-114.0126026395,47.9873614405,0.466380685567856,0.4549248484501825,7
2564,20.3207253205,49.2206947245,0.501800894737244,0.5248236760146613,7
2565,-77.9376040825,48.8206947405,0.451745629310608,0.4456650017226714,7
2566,-63.9876046405,51.3206946405,0.457449913024902,0.45630783410529563,7
2567,-77.4876041005,49.5206947125,0.462268203496933,0.4456848900099551,7
2568,-58.0292715455,51.6540279605,0.458860605955124,0.45315019242558036,7
2569,-80.7959373015,50.0040280265,0.458860605955124,0.4452158648964446,7
2570,-122.1959356455,60.4040276105,0.471879422664642,0.4451483129185934,7
2571,-73.7292709175,52.4706945945,0.460678935050964,0.45289851912599466,7
2572,-62.3959380375,53.2040278985,0.456125974655151,0.45630586362767905,7
2573,-78.8292707135,48.7206947445,0.373016446828842,0.4548685513829607,7
2574,-73.9542709085,47.6123614555,0.504824876785278,0.46518411073829685,7
2575,-69.4459377555,47.6956947855,0.392957955598831,0.48970686811406033,7
2576,-73.4542709285,49.1873613925,0.463144898414612,0.448592007223509,7
2577,-73.7709375825,44.2956949215,0.404924988746643,0.5438634066641866,7
2578,-75.3126041875,44.2040282585,0.482490450143814,0.5357103467215263,7
2579,150.3957201175,-34.8543019125,0.776575207710266,0.6532157524829545,7
2580,-89.4209369565,45.4790282075,0.42281112074852,0.49215805039297866,7
2581,11.3040590145,49.4040280505,0.502031743526459,0.503341701979436,7
2582,-74.1376042345,41.4706950345,0.659626841545105,0.5487678832527559,7
2583,10.3040590545,53.5040278865,0.551415145397186,0.5329275814006548,7
2584,-87.7209370245,45.6206948685,0.383658081293106,0.5023683417249669,7
2585,-121.5959356695,53.8040278745,0.367408663034439,0.42856252930702565,7
2586,-123.5959355895,51.4040279705,0.427495509386063,0.4350939091036698,7
2587,-127.9959354135,53.6040278825,0.462470322847366,0.44360549293244866,7
2588,-123.5959355895,49.6040280425,0.421002209186554,0.4360632044515242,7
2589,-68.7792711155,49.3456947195,0.451636224985123,0.4511403309511496,7
2590,-72.1959376455,49.1956947255,0.46004730463028,0.4530981011998836,7
2591,-78.6792707195,48.1623614335,0.448117464780807,0.45090369034936206,7
2592,-107.7292695575,54.9540278285,0.419999986886978,0.42410591262285896,7
2593,-87.1959370455,49.6040280425,0.331811428070068,0.446234241612968,7
2594,-71.4709376745,50.2040280185,0.457021594047546,0.45592015634326233,7
2595,-109.5959361495,54.6040278425,0.397323906421661,0.4229843151132958,7
2596,-114.1459359675,54.8706944985,0.394339174032211,0.4227023201254934,7
2597,-93.3126034675,30.2790288155,0.560758829116821,0.5219486865403494,7
2598,-129.5959353495,55.4040278105,0.464318484067917,0.45002781896654026,7
2599,-51.1209384885,-27.8126355275,0.651315867900848,0.5725399301459536,7
2600,-72.0459376515,41.8790283515,0.503365755081177,0.5291395921142876,7
2601,-93.1959368055,54.4040278505,0.47053062915802,0.44544552298835466,7
2602,11.5957256695,63.7706941425,0.481478005647659,0.49951786029130557,7
2603,-77.6459374275,46.4456948355,0.440683782100677,0.48709933337067357,7
2604,-73.5792709235,44.7790282355,0.598684012889862,0.5343562566622262,7
2605,7.80405915450001,52.3040279345,0.579997360706329,0.5376784879711384,7
2606,-69.0542711045,45.0873615565,0.435944259166718,0.542996207803326,7
2607,-122.1959356455,43.2373616305,0.434403717517853,0.44552799115197145,7
2608,-122.9626022815,48.5623614175,0.45969420671463,0.5571407246548739,7
2609,-122.4209356365,48.8456947395,0.411658376455307,0.5324053770453578,7
2610,9.44572575550001,60.1706942865,0.477901041507721,0.4634979997069428,7
2611,-68.1709378065,52.0706946105,0.456474363803864,0.45794339855951816,7
2612,-98.7959365815,57.2040277385,0.458860605955124,0.4495958016838591,7
2613,29.0790583035,69.1540272605,0.477901041507721,0.5302367099203114,7
2614,-67.1626045135,52.5956945895,0.458860605955124,0.45759675506525177,7
2615,30.2873915885,67.6123606555,0.477901041507721,0.4757276149351612,7
2616,7.80405915450001,53.5040278865,0.469232022762299,0.5272888066977114,7
2617,9.60405908249999,52.8040279145,0.49460107088089,0.5284934197808774,7
2618,-118.1709358065,48.9790280675,0.424061447381973,0.47009582583316645,7
2619,-121.6792689995,46.3456948395,0.460044801235199,0.4607545793091565,7
2620,-115.9959358935,49.4040280505,0.485481470823288,0.44380918075569636,7
2621,-115.5126025795,46.8040281545,0.426482737064362,0.45513182809163505,7
2622,-120.9126023635,46.9123614835,0.44421461224556,0.43786419706323654,7
2623,150.0957201295,62.1373608745,0.509915113449097,0.4569797613739585,7
2624,-98.5542699245,54.8040278345,0.45219475030899,0.44036524725181503,7
2625,-114.7959359415,58.2040276985,0.399531304836273,0.4268346629125757,7
2626,-97.5959366295,54.8040278345,0.454371958971024,0.4422507964672997,7
2627,-72.5792709635,-38.6543017605,0.501340687274933,0.5242725582305195,7
2628,-106.1959362855,55.2040278185,0.46568039059639,0.43556657893793765,7
2629,35.0290580655,59.3123609875,0.495239078998566,0.49147996776801106,7
2630,36.5040580065,62.5706941905,0.564756572246552,0.4715856220761251,7
2631,-70.2959377215,46.7290281575,0.60670804977417,0.461657487997527,7
2632,23.7957251815,59.1206943285,0.477852016687393,0.4834607914600495,7
2633,5.9457258955,52.7873612485,0.617678940296173,0.5299008782549737,7
2634,15.0540588645,68.9873606005,0.59317672252655,0.4999492348229242,7
2635,-78.3876040645,51.5123612995,0.435023933649063,0.4505830327162546,7
2636,-122.9959356135,59.0040276665,0.457770884037018,0.42720096985080985,7
2637,-130.3959353175,67.6040273225,0.420473158359528,0.455824268231381,7
2638,-118.9959357735,61.8040275545,0.39640748500824,0.45420438060312085,7
2639,-120.5959357095,58.6040276825,0.506759881973267,0.43624715389741475,7
2640,141.8290537935,63.0623608375,0.469838380813599,0.4457070089907384,7
2641,32.4040581705,66.1540273805,0.481844514608383,0.4757872801303178,7
2642,-72.8042709545,-50.4543012885,0.515652656555176,0.49162383009524613,7
2643,-76.3459374795,38.0706951705,0.530995607376099,0.5364136760407522,7
2644,-106.7376029305,47.6623614535,0.466602772474289,0.47278859773026616,8
2645,-2.67927375950001,41.5706950305,0.518079936504364,0.6036076759552808,8
2646,-0.970940494500013,37.9290285095,0.606798827648163,0.6282089185076049,8
2647,-118.6292691215,34.9123619635,0.699999988079071,0.5758393702139599,8
2648,-1.14594048750001,41.7873616885,0.430141657590866,0.5943514707876288,8
2649,-115.1542692605,36.7623618895,0.48439833521843,0.529811271453131,8
2650,-113.9376026425,35.7956952615,0.50061297416687,0.5580093619554155,8
2651,-66.2876045485,-17.2959692815,0.497124999761581,0.6251309698744922,8
2652,12.8040589545,47.8040281145,0.447475552558899,0.528482284443236,8
2653,10.1040590625,52.3040279345,0.480583369731903,0.5405611868119672,8
2654,-2.07927378350001,46.8040281545,0.5223109126091,0.5611108585119846,8
2655,-111.3876027445,35.0206952925,0.497959613800049,0.5220184880072806,8
2656,-118.8209357805,43.7290282775,0.45534560084343,0.4508973684936913,8
2657,-121.1709356865,41.7706950225,0.512682497501373,0.4881883277631005,8
2658,149.4957201535,-26.8209689005,0.576183140277863,0.6607994742725039,8
2659,-103.0542697445,41.4623617015,0.440121561288834,0.4855519644355529,8
2660,-99.2126032315,33.4123620235,0.724089205265045,0.6838762319301208,8
2661,-102.1709364465,37.4623618615,0.408438384532928,0.5212757112060414,8
2662,-101.2126031515,41.1540283805,0.397771030664444,0.489122151746092,8
2663,-109.6876028125,48.0623614375,0.440121561288834,0.4698133808397034,8
2664,144.6207203485,-35.3626352255,0.714345395565033,0.6629646163599273,8
2665,-100.7209365045,39.7706951025,0.565334677696228,0.4940990509907199,8
2666,-89.5792702835,39.2540284565,0.590444147586823,0.5877190448017964,8
2667,-104.1792696995,45.6456948675,0.452915400266647,0.4726824551804419,8
2668,-1.62927380150001,38.2206951645,0.606798827648163,0.6367516291803543,8
2669,-2.25427377650001,40.6123617355,0.614486873149872,0.5971024054679686,8
2670,-15.7042732385,27.920695576500002,0.610000014305115,0.617153133381205,8
2671,-3.2792737355,36.9623618815,0.556367635726929,0.5913702508492006,8
2672,-4.59594034950001,36.6123618955,0.586789786815643,0.5970255751319671,8
2673,-2.6959404255,39.0123617995,0.519999980926514,0.5793956164187704,8
2674,1.2707260825,41.5456950315,0.661608040332794,0.6152987153926439,8
2675,-116.9959358535,42.5040283265,0.512682497501373,0.47712291874658447,8
2676,-115.7292692375,41.8123616875,0.786750555038452,0.48822748408781164,8
2677,-121.4292690095,44.7873615685,0.440121561288834,0.531794173783226,8
2678,-103.6292697215,30.0040288265,0.570442020893097,0.6338115339286924,8
2679,-99.1292699015,27.4123622635,0.724089205265045,0.6983287886891516,8
2680,-101.6542698005,30.2956954815,0.570442020893097,0.6461551384314133,8
2681,-102.7792697555,29.5456955115,0.724089205265045,0.6602259029342513,8
2682,-107.5209362325,33.1873620325,0.57064163684845,0.574479934874086,8
2683,-90.1292702615,45.6040282025,0.499097108840942,0.48071209336199,8
2684,-89.5709369505,37.4873618605,0.57515025138855,0.5853916200393199,8
2685,-94.1626034335,35.3373619465,0.560598134994507,0.5822715651368687,8
2686,10.5040590465,49.3040280545,0.502216815948486,0.5508941000879696,8
2687,7.25405917649999,48.9040280705,0.472829043865204,0.5833998030672007,8
2688,-87.4209370365,40.2206950845,0.568111538887024,0.587931529702846,8
2689,-89.5126036195,44.9706948945,0.6624955534935,0.5145418482507363,8
2690,-0.112607195500004,49.1123613955,0.614486873149872,0.5805811426656539,8
2691,-82.4209372365,40.7956950615,0.592928111553192,0.5748017281822057,8
2692,5.22905925750001,49.0790280635,0.643179416656494,0.5944244240113895,8
2693,-75.9126041635,44.0206949325,0.476000010967255,0.553577743181652,8
2694,-105.4292696495,33.6206953485,0.459430903196335,0.48000799889549467,8
2695,-117.2042691785,45.6540282005,0.440121561288834,0.45733970712970695,8
2696,-110.6209361085,43.4873616205,0.405317425727844,0.4204095026748835,8
2697,-111.5459360715,33.9790286675,0.524790823459625,0.5589971190327022,8
2698,-105.3626029855,41.2873617085,0.442785680294037,0.46458821437459474,8
2699,29.1123916355,58.5456943515,0.601725876331329,0.49655333207501257,8
2700,-127.9959354135,65.4040274105,0.429250866174698,0.4516560044123375,8
2701,150.0040534665,-31.7376353705,0.755907118320465,0.6473194361441833,8
2702,-112.3209360405,44.4290282495,0.441231220960617,0.4318230115579725,8
2703,-95.5542700445,34.0373619985,0.615150451660156,0.5651901008803545,8
2704,-96.7959366615,39.0790284635,0.690171599388123,0.54567904580404,8
2705,-96.5709366705,38.4873618205,0.580284774303436,0.544768292280918,8
2706,-112.4042693705,47.4873614605,0.418509840965271,0.4677043225639333,8
2707,-95.8959366975,37.4123618635,0.582984149456024,0.5821919838046493,8
2708,-93.2209368045,41.4206950365,0.563702940940857,0.5311671850072475,8
2709,-89.1709369665,41.9706950145,0.43077427148819,0.5491301435377902,8
2710,-93.9126034435,44.1290282615,0.509296894073486,0.5280207834642293,8
2711,-96.9792699875,40.7040283985,0.562589347362518,0.5321556522485666,8
2712,-91.8959368575,39.4290284495,0.690086662769318,0.5991078578443413,8
2713,-96.3709366785,45.2123615515,0.470854640007019,0.5226504701409255,8
2714,-89.3126036275,41.1123617155,0.564818739891052,0.5674038425435222,8
2715,-95.6959367055,42.3123616675,0.565609216690063,0.5321864611529505,8
2716,-92.6542701605,40.9623617215,0.608456313610077,0.5548936308697211,8
2717,-96.3792700115,46.9206948165,0.629999995231628,0.49067774231849304,8
2718,-98.0292699455,47.1706948065,0.508163154125214,0.49414874459006985,8
2719,-97.4792699675,38.9706951345,0.632960021495819,0.5324122718608769,8
2720,-95.7209367045,35.7706952625,0.598983943462372,0.6022277917991866,8
2721,-96.6292700015,40.1206950885,0.490000009536743,0.5363623398882065,8
2722,-98.1126032755,41.0123617195,0.417026489973068,0.5119763129184793,8
2723,-87.1376037145,41.3873617045,0.56632000207901,0.5513814272915495,8
2724,-93.0459368115,42.3790283315,0.593441307544708,0.5249650141254212,8
2725,-92.2209368445,41.8373616865,0.629060685634613,0.5335475313127273,8
2726,-4.70427367850002,38.8706951385,0.586789786815643,0.5921348280780462,8
2727,35.9957246935,35.8706952585,0.511049747467041,0.6112615288705229,8
2728,8.86239244550001,39.0206951325,0.726745367050171,0.6179507026346869,8
2729,-5.82094030050001,41.9873616805,0.396124988794327,0.570660007732348,8
2730,9.4540590885,42.1290283415,0.399835050106049,0.5931316318221992,8
2731,17.0707254505,39.1456951275,0.703000009059906,0.607362408203833,8
2732,-112.2292693775,40.4290284095,0.34101402759552,0.4343082755375775,8
2733,-68.9959377735,-12.5959694695,0.573096752166748,0.6042843584788845,8
2734,-93.1376034745,46.4706948345,0.405059814453125,0.47619933027963973,8
2735,152.4457200355,-25.4293022895,0.73044753074646,0.6841735019429482,8
2736,152.2373867105,-29.5376354585,0.670002996921539,0.6864334639890025,8
2737,152.2623867095,-28.9626354815,0.748126864433289,0.7002245411738423,8
2738,30.9957248935,57.1040277425,0.601725876331329,0.4890823419878781,8
2739,-89.8792702715,46.7623614895,0.561141610145569,0.49942611355062205,8
2740,-91.4626035415,30.4040288105,0.504652678966522,0.550595179505595,8
2741,-86.8376037265,38.6706951465,0.680499732494354,0.5794226606766882,8
2742,-96.2959366815,50.0206946925,0.500921607017517,0.4570310204488232,8
2743,28.3873916645,56.2373611105,0.492037355899811,0.49361197073483615,8
2744,-91.7126035315,47.0373614785,0.480251640081406,0.47585055190475756,8
2745,5.97905922749999,50.7623613295,0.762091755867004,0.5624026482869491,8
2746,127.1790543795,36.6956952255,0.686359882354736,0.554665017525689,8
2747,10.3457257195,57.0790277435,0.390979200601578,0.5232584159686665,8
2748,0.237392790499996,45.4956948735,0.556841254234314,0.6058013370480338,8
2749,127.3123877075,37.2373618705,0.591005444526672,0.5563125431094252,8
2750,2.95405934850001,47.0123614795,0.614486873149872,0.5936773851704128,8
2751,1.50405940650001,49.3623613855,0.682179033756256,0.5819558473011306,8
2752,-87.4459370355,37.2956952015,0.505558550357819,0.5758395231815592,8
2753,-86.8626037255,35.8623619255,0.517788648605347,0.5785575000329175,8
2754,-1.0626071575,45.6623615335,0.644990861415863,0.5666806340817884,8
2755,-91.7042701985,32.7956953815,0.518528163433075,0.5661495513939641,8
2756,7.80405915450001,48.4040280905,0.592965185642242,0.5550550888459096,8
2757,-90.6709369065,35.6373619345,0.609904110431671,0.5940369758291077,8
2758,2.40405937049999,48.4873614205,0.642861545085907,0.6153763646094975,8
2759,11.1873923525,54.9040278305,0.54754501581192,0.5398227854146718,8
2760,10.5623923775,45.8873615245,0.425891399383545,0.4772302287155466,8
2761,-83.2542705365,29.6373621745,0.44200000166893,0.5444512867747436,8
2762,9.89572573749999,45.7373615305,0.642878770828247,0.5727809242199413,8
2763,8.62905912150001,45.6790281995,0.591693997383118,0.5711173533775239,8
2764,-123.1959356055,52.2040279385,0.427060097455978,0.45065041635289554,8
2765,96.9957222535,28.2956955615,0.532500028610229,0.5365188649721104,8
2766,37.6373912945,-3.32930317350001,0.476823478937149,0.6485720315166967,8
2767,-96.8126033275,32.3040287345,0.646475255489349,0.6175971840175082,8
2768,-106.5959362695,53.0040279065,0.394288152456284,0.4608825559487386,8
2769,-97.5126032995,47.9873614405,0.409914463758469,0.4924050969315542,8
2770,-98.2792699355,32.2873620685,0.6938236951828,0.6625632415247406,8
2771,-93.0709368105,38.8040284745,0.552049815654755,0.6071473344081514,8
2772,-97.4959366335,46.6623614935,0.470958739519119,0.5067018602040629,8
2773,31.7373915305,-28.2793021755,0.685631155967712,0.663081744055882,8
2774,36.1040580225,7.27069640249999,0.610633730888367,0.5846109884994498,8
2775,13.9123922435,66.2206940445,0.444185197353363,0.5012580303427484,8
2776,-118.3209358005,35.4206952765,0.410976946353912,0.495324710089888,8
2777,12.0290589855,43.3790282915,0.668683648109436,0.6039443251537525,8
2778,-117.4792691675,33.6956953455,0.701318442821503,0.6146497610796883,8
2779,12.0790589835,42.2290283375,0.656304121017456,0.6169017739132824,8
2780,-120.3626023855,35.2956952815,0.75,0.6379755278146182,8
2781,15.7373921705,40.3456950795,0.781321942806244,0.6102493450310458,8
2782,5.87905923150001,43.3956949575,0.785695493221283,0.6167701639640674,8
2783,-11.2792734155,7.3790297315,0.609445154666901,0.5717234277728174,8
2784,4.1957259655,47.0540281445,0.47286382317543,0.5601426878348365,8
2785,-83.1792705395,32.7956953815,0.430136561393738,0.5328705088286937,8
2786,-83.8376038465,32.8873620445,0.542123317718506,0.5227699278389323,8
2787,-87.6126036955,35.7540285965,0.523725032806396,0.5665911561579551,8
2788,-83.4626038615,37.1873618725,0.584741234779358,0.5474101740136967,8
2789,-82.0292705855,37.2540285365,0.467502862215042,0.5484875828095822,8
2790,-77.1709374465,38.9706951345,0.550416231155396,0.555662301601551,8
2791,-87.1126037155,33.3290286935,0.536447644233704,0.5272060438778047,8
2792,-83.2542705365,37.6290285215,0.546182870864868,0.5501425211308165,8
2793,174.9457191355,-38.3376351065,0.578507661819458,0.594106925373364,8
2794,-90.9292702295,37.8123618475,0.573518395423889,0.5716175301417008,8
2795,8.10405914250001,51.2040279785,0.442867159843445,0.5324668127221507,8
2796,-86.4959370735,33.5790286835,0.516038298606873,0.531333226474879,8
2797,-87.7126036915,34.0290286655,0.536301970481873,0.5349569656555592,8
2798,6.4207258765,48.0540281045,0.56299501657486,0.5624336353749472,8
2799,-76.6126041355,45.5873615365,0.4156454205513,0.5091816339125578,8
2800,-81.6209372685,33.8040286745,0.587180733680725,0.5258013565197908,8
2801,174.9207191365,-37.4709684745,0.653838932514191,0.6259742876854475,8
2802,175.5873857765,-40.7709683425,0.724995374679565,0.6133787746825575,8
2803,94.5707223505,28.1206955685,0.553742229938507,0.5269886266049583,8
2804,8.0040591465,49.7040280385,0.636418581008911,0.585889939174044,8
2805,-93.5376034585,47.8373614465,0.417511403560638,0.45771534448938567,8
2806,-93.3042701345,32.7123620515,0.500677406787872,0.5318779128749902,8
2807,-123.9959355735,41.9373616825,0.45429739356041,0.5252478575528475,8
2808,-86.0542704245,30.8040287945,0.48646068572998,0.5383956196725058,8
2809,14.7790588755,68.4206939565,0.595478892326355,0.5003668627145939,8
2810,-92.1626035135,31.8373620865,0.656645238399506,0.551328747747065,8
2811,-151.5542678045,59.2373609905,0.390979200601578,0.4714261047746925,8
2812,-121.3959356775,55.2040278185,0.427932471036911,0.4241232930046928,8
2813,-80.4459373155,34.1123619955,0.493870288133621,0.518240825635445,8
2814,-127.9959354135,59.6040276425,0.451787263154984,0.4272848735548362,8
2815,-126.5959354695,60.0040276265,0.439750850200653,0.4397563079271045,8
2816,-123.3959355975,63.0040275065,0.458860605955124,0.4506068075128357,8
2817,-125.3959355175,63.8040274745,0.456740319728851,0.4498915508423537,8
2818,30.4873915805,58.5456943515,0.453878432512283,0.49781964067960055,8
2819,145.4790536475,-17.6126359355,0.771961212158203,0.6479934134037578,8
2820,171.4373859425,-43.5293015655,0.64666211605072,0.5636774733285649,8
2821,-2.54594043150001,38.2706951625,0.614486873149872,0.5726515053892252,8
2822,-122.9959356135,38.7123618115,0.543106436729431,0.5960611541902325,8
2823,-109.4459361555,37.9040285105,0.350161731243134,0.4803307851788745,8
2824,-52.3959384375,-12.7959694615,0.665852546691895,0.566579806863574,8
2825,4.63739261449999,49.9540280285,0.452098906040192,0.5638241118408998,8
2826,-78.6126040555,39.9706950945,0.561650156974792,0.5568495975126525,8
2827,15.2707255225,50.9290279895,0.420257836580276,0.49925519399235746,8
2828,-87.6876036925,31.6373620945,0.436575710773468,0.548673479764818,8
2829,-81.8042705945,38.6706951465,0.577304661273956,0.5541446668545313,8
2830,-80.0792706635,36.8623618855,0.544877231121063,0.5297160743970994,8
2831,177.0123857195,-38.4376351025,0.591195821762085,0.6194782408344428,8
2832,167.8040527545,-46.2293014575,0.660904407501221,0.6179546196163969,8
2833,176.5290524055,-38.8709684185,0.717086851596832,0.6074244156673138,8
2834,-79.8876040045,36.4373619025,0.523181200027466,0.5266874092711542,8
2835,-95.5126033795,34.5040286465,0.577402532100677,0.568726510439743,8
2836,13.2040589385,52.8040279145,0.497319102287292,0.5283683269162832,8
2837,-82.5542705645,39.2956951215,0.605467975139618,0.5588088800074485,8
2838,-84.3292704935,35.8290285935,0.537613928318024,0.5491234165645738,8
2839,-81.6626039335,35.7290285975,0.525974869728088,0.5374210780145459,8
2840,-86.2626037495,37.3623618655,0.532510995864868,0.577551918134593,8
2841,-85.6376037745,36.3040285745,0.574920356273651,0.5659366951498275,8
2842,8.84572577949999,47.3123614675,0.488598585128784,0.553157841171428,8
2843,-79.0626040375,35.8873619245,0.504740417003632,0.5362471231192462,8
2844,17.5707254305,48.7123614115,0.570574641227722,0.5732307473776873,8
2845,-107.3792695715,39.2290284575,0.420070886611938,0.43372848033336475,8
2846,-123.0959356095,42.7706949825,0.397673368453979,0.5119331343004284,8
2847,-110.2126027915,45.0373615585,0.437180012464523,0.4349574653761193,8
2848,-106.0542696245,40.7706950625,0.405985414981842,0.4273643044293761,8
2849,-106.2876029485,36.7706952225,0.437700718641281,0.43565005395894746,8
2850,-120.9542690285,42.2456950035,0.440121561288834,0.4597264922646734,8
2851,-106.8292695935,38.2540284965,0.45969420671463,0.42859777905455165,8
2852,-117.9959358135,53.6040278825,0.413975834846497,0.4230130123233711,8
2853,-121.5959356695,50.8040279945,0.45969420671463,0.4653570202019742,8
2854,-105.1959363255,37.5540285245,0.392515927553177,0.4334590708749221,8
2855,-78.2459374035,35.7206952645,0.440055519342422,0.525593337040827,8
2856,-102.0542697845,52.2790279355,0.419645637273788,0.42981970242826734,8
2857,28.8123916475,59.1206943285,0.477901041507721,0.485120679135376,8
2858,21.2373919505,69.9623605615,0.591212034225464,0.5371645941282172,8
2859,-5.0876069965,42.7373616505,0.477901041507721,0.564928911609609,8
2860,-87.2459370435,32.6873620525,0.574293315410614,0.5367514124730326,8
2861,-79.9709373345,35.1706952865,0.569838643074036,0.5302733253376456,8
2862,-84.8209371405,33.2456953635,0.490043997764587,0.5154519958256479,8
2863,-76.3292708135,42.1373616745,0.461614549160004,0.5513772858821483,8
2864,-85.1959371255,43.5123616195,0.480394750833511,0.5254585351866475,8
2865,-82.5042705665,43.0290283055,0.570877969264984,0.5235053222481321,8
2866,-120.7126023715,39.4540284485,0.404512286186218,0.44440012977973836,8
2867,-92.2459368435,33.8540286725,0.517965853214264,0.5393137244615923,8
2868,-93.2209368045,33.7540286765,0.561387956142426,0.53446100237895,8
2869,-110.5209361125,42.9040283105,0.348230540752411,0.4202508579938934,8
2870,-113.0626026775,45.4123615435,0.427060097455978,0.42777593537639697,8
2871,-112.3042693745,46.4956948335,0.426358550786972,0.4294665366077611,8
2872,5.58739257650001,59.9290276295,0.477901041507721,0.48235845261318633,8
2873,-119.8876024045,39.3123617875,0.411370038986206,0.45200416331843746,8
2874,-121.7959356615,41.5040283665,0.41528445482254,0.4391771154674487,8
2875,-113.8042693145,47.5040281265,0.45265057682991,0.44392457044982325,8
2876,-89.6792702795,30.9373621225,0.537664175033569,0.5345299733145702,8
2877,19.5290586855,48.8040280745,0.62720400094986,0.5509441909591616,8
2878,-114.4876026205,48.5456947515,0.415349245071411,0.44914009282334133,8
2879,-79.2209373645,49.3623613855,0.431596964597702,0.44057325366545197,8
2880,-58.6376048545,51.3123613075,0.443140536546707,0.47040177258566607,8
2881,-144.4876014205,61.4706942345,0.43362957239151,0.4587610152464409,8
2882,16.4707254745,68.8956939375,0.591212034225464,0.5358244817191488,8
2883,-7.04594025150001,41.6790283595,0.661261737346649,0.5727910638874535,8
2884,2.35405937249999,42.6790283195,0.642639815807343,0.5888387458882287,8
2885,95.6040556425,27.9873622405,0.606674313545227,0.5177143219125192,8
2886,-78.3626040655,46.3123615075,0.39870822429657,0.48680793979297327,8
2887,-88.2209370045,46.6123614955,0.441062867641449,0.46577853220310894,8
2888,-73.2959376015,46.6456948275,0.440249592065811,0.49001881486252574,8
2889,-70.0376043985,47.1540281405,0.484791189432144,0.48649120951400343,8
2890,-67.3876045045,45.1123615555,0.629982531070709,0.49602198688465404,8
2891,-72.7709376225,48.5873614165,0.417147278785706,0.44940692843049296,8
2892,-74.4209375565,42.0706950105,0.696961283683777,0.5384929196537654,8
2893,-71.4126043435,43.8373616065,0.749737322330475,0.49878140747824856,8
2894,-69.1376044345,47.0206948125,0.695680141448975,0.4707704658457491,8
2895,-73.0792709435,43.0373616385,0.593848884105682,0.5297649500086065,8
2896,-70.8626043655,42.9873616405,0.402833580970764,0.5173535279527592,8
2897,-70.8959376975,46.5206948325,0.451581299304962,0.5183207177433024,8
2898,-83.5959371895,46.8040281545,0.454467982053757,0.4676952830928455,8
2899,171.4790526075,-42.0876349565,0.610975325107574,0.5968287116741118,8
2900,-65.7959379015,44.0040282665,0.445793837308884,0.49273097435342145,8
2901,8.80405911450001,51.0040279865,0.522420585155487,0.5363240099675194,8
2902,18.5290587255,53.5123612195,0.478143006563187,0.5198278657329153,8
2903,9.7457257435,56.4123611035,0.402241140604019,0.5162897560398895,8
2904,-62.7959380215,46.4040281705,0.493421524763107,0.4858331187557226,8
2905,-78.1209374085,34.5456953115,0.493150442838669,0.5245367560597176,8
2906,12.0290589855,47.0040281465,0.487532556056976,0.4585442672077516,8
2907,-116.9959358535,49.6040280425,0.345605581998825,0.47761271215454587,8
2908,-120.7959357015,52.2040279385,0.344171434640884,0.4338490538762882,8
2909,-124.5959355495,51.8040279545,0.427060097455978,0.43596706529660034,8
2910,-121.5959356695,50.0040280265,0.44571116566658,0.4972661273111634,8
2911,-121.9959356535,49.6040280425,0.455679714679718,0.46552766896573267,8
2912,-71.9792709875,41.0290283855,0.539879322052002,0.54137907621571,8
2913,-79.2292706975,33.9373620025,0.552843570709229,0.5234169578130775,8
2914,-71.0042710265,49.8540280325,0.429779887199402,0.460744921029297,8
2915,-68.7876044485,50.8540279925,0.457611590623856,0.4567036177657857,8
2916,-72.1959376455,49.9623613615,0.413724541664124,0.4511149217540091,8
2917,-92.7959368215,52.2040279385,0.458860605955124,0.4476550297712149,8
2918,-97.3959366375,51.7290279575,0.458860605955124,0.4475713464502899,8
2919,-102.0959364495,53.3290278935,0.417040884494781,0.42472206623940206,8
2920,-114.1959359655,57.2040277385,0.410386502742767,0.42991986132282567,8
2921,-93.9959367735,50.8040279945,0.484801054000854,0.44371914589807115,8
2922,-88.5959369895,51.4040279705,0.460965722799301,0.4478998086648526,8
2923,-90.9959368935,50.4040280105,0.464058756828308,0.44283603914434594,8
2924,-67.2292711775,47.9206947765,0.587142109870911,0.4984736650425571,8
2925,-108.7709361825,54.4373611825,0.446531534194946,0.42431883415650834,8
2926,-5.76260696950001,37.3123618675,0.685999989509583,0.6462401391016195,8
2927,-50.3126051875,-26.8209689005,0.592641115188599,0.5712241491899424,8
2928,-50.7626051695,-28.1709688465,0.677389144897461,0.6168788531932017,8
2929,-90.0459369315,31.6290287615,0.588452160358429,0.5334477363955801,8
2930,-70.0542710645,44.1790282595,0.481173396110535,0.5096116085992818,8
2931,-92.0542701845,45.8456948595,0.394814133644104,0.4777366465588701,8
2932,-91.1209368885,46.5623614975,0.426823019981384,0.4936568907440067,8
2933,3.74572598349999,44.8623615655,0.478941380977631,0.5416510156140331,8
2934,-122.7959356215,54.6040278425,0.392838031053543,0.4240038848159369,8
2935,-89.7959369415,30.4956954735,0.458489865064621,0.5332691576319154,8
2936,-81.1709372865,26.6373622945,0.39712381362915,0.5308865496377659,8
2937,10.2707257225,62.9456941755,0.420257836580276,0.49918473244043937,8
2938,10.9790590275,62.1956942055,0.420967280864716,0.47726827697242197,8
2939,-100.7959365015,54.6040278425,0.442057609558105,0.43912305016383363,8
2940,-101.4376031425,56.6706944265,0.419999986886978,0.4454066145280693,8
2941,-65.1876045925,48.6706947465,0.471309632062912,0.4552240335891711,8
2942,-66.4792712075,48.5373614185,0.449411004781723,0.47774133400868274,8
2943,146.3790536115,62.0873608765,0.427806884050369,0.454660177747969,8
2944,-75.5292708455,47.3956947975,0.445590704679489,0.45178888486885915,8
2945,22.5957252295,58.8790276715,0.496437698602676,0.4764005499599569,8
2946,-65.9959378935,47.8040281145,0.463362991809845,0.48712372111929825,8
2947,-72.2792709755,51.7206946245,0.458639025688171,0.4616303629824293,8
2948,146.8290535935,64.8540274325,0.411218255758286,0.45759496358458723,8
2949,30.2790582555,66.4623607015,0.454172223806381,0.4701511149186552,8
2950,-82.5959372295,50.0040280265,0.466020077466965,0.443862565787656,8
2951,32.6790581595,68.7456939435,0.483443647623062,0.5227694413067479,8
2952,-96.5959366695,52.2040279385,0.507142841815948,0.44409902632291187,8
2953,-77.8042707545,47.6623614535,0.463125705718994,0.4574990409864486,8
2954,28.8457249795,70.1790272195,0.591212034225464,0.5432564350591506,8
2955,-8.9459401755,39.8040284345,0.50644713640213,0.6105303632124004,8
2956,-74.9709375345,49.1373613945,0.448724716901779,0.45211794930490695,8
2957,-75.2792708555,48.6540280805,0.445789813995361,0.4491229716598543,8
2958,-92.6709368265,47.3790281315,0.49216902256012,0.4521882691822067,8
2959,3.95405930850001,51.2373613105,0.396124988794327,0.5450513441820438,8
2960,-115.9876025605,48.1623614335,0.361573249101639,0.43702453458933743,8
2961,-122.0542689845,46.9540281485,0.460033714771271,0.4998567211160377,8
2962,-114.8042692745,47.5206947925,0.451104938983917,0.46061264431922766,8
2963,-114.3292692935,46.5623614975,0.352205544710159,0.43899953795271124,8
2964,-77.0126041195,48.5790280835,0.459519922733307,0.44629912555315404,8
2965,-78.4209373965,50.5540280045,0.458860605955124,0.44743343459756174,8
2966,-111.3959360775,56.4040277705,0.370948135852814,0.42986501144254624,8
2967,-108.7959361815,56.2040277785,0.427141487598419,0.430809931009178,8
2968,-0.387607184500013,43.8873616045,0.462533622980118,0.573347090299563,8
2969,-83.6709371865,30.1123621555,0.43110391497612,0.5516866971821912,8
2970,36.7290579975,66.3206940405,0.575871050357819,0.4723172123165269,8
2971,-4.8042736745,41.2790283755,0.554035007953644,0.5550530016047667,8
2972,-71.3876043445,45.1706948865,0.745072543621063,0.5156978584585937,8
2973,-127.5959354295,52.2040279385,0.423810482025146,0.4678694153424146,8
2974,-124.5959355495,49.0040280665,0.444016635417938,0.48248809070044596,8
2975,150.4207201165,66.9373606825,0.458860605955124,0.4658013128836411,8
2976,-133.1542685405,56.5206944325,0.454905927181244,0.45911352951252704,8
2977,-132.2209352445,55.3123611475,0.42389440536499,0.45308113356952323,8
2978,-133.2709352025,55.7290277975,0.437981486320496,0.4794815780919045,8
2979,-76.6626041335,52.0706946105,0.459678530693054,0.45009717929217097,8
2980,-123.5959355895,59.8040276345,0.467698276042938,0.44011414884997274,8
2981,-129.5959353495,68.2040272985,0.420473158359528,0.4609699340056919,8
2982,142.4707204345,63.4623608215,0.458860605955124,0.4582299997274633,8
2983,30.7457249035,57.5373610585,0.601725876331329,0.48449015201341816,8
2984,-90.5709369105,46.9456948155,0.508370757102966,0.49392338171386513,8
2985,10.8623923655,60.8123609275,0.420257836580276,0.47383555956196577,8
2986,-79.8626040055,9.1623629935,0.563436627388,0.5576040325662723,8
2987,-113.1376026745,43.7623616095,0.45969420671463,0.44548511084936615,9
2988,-104.3542696925,37.8540285125,0.554295420646667,0.5098215116407006,9
2989,-103.4792697275,46.6040281625,0.446456789970398,0.48401318605592325,9
2990,-107.4792695675,47.7373614505,0.430830717086792,0.47191841515279614,9
2991,-2.15427378050001,41.1706950465,0.728489995002747,0.588517576432422,9
2992,-117.5209358325,39.0290284655,0.486524611711502,0.5034094252702753,9
2993,-113.8792693115,37.1956952055,0.48439833521843,0.5197699402879277,9
2994,-108.8792695115,38.4706951545,0.518538475036621,0.5104139625564909,9
2995,-88.9709369745,37.9206951765,0.651059687137604,0.5707206074776643,9
2996,14.4040588905,51.5040279665,0.483553528785706,0.523965112875017,9
2997,7.03739251849998,53.2956945615,0.615914940834045,0.5631198806975926,9
2998,11.3040590145,52.0040279465,0.608429372310638,0.5497109066658366,9
2999,-118.4126024635,44.1373615945,0.445657074451447,0.44307965212657185,9
3000,-120.1792690595,43.8790282715,0.512682497501373,0.46249465266377765,9
3001,-120.0876023965,42.0206950125,0.533389866352081,0.4431682257626488,9
3002,-103.9376030425,36.8706952185,0.524699330329895,0.5010884980780854,9
3003,-94.1876034325,29.8290288335,0.415954083204269,0.5224988716045498,9
3004,-100.5376031785,46.1123615155,0.557193994522095,0.4954822154661221,9
3005,143.9957203735,-35.5126352195,0.714345395565033,0.6610466905135212,9
3006,-105.3126029875,44.4706949145,0.466366410255432,0.4714898821037716,9
3007,-105.0042696665,43.8956949375,0.440121561288834,0.47298954066842563,9
3008,-100.0959365295,38.9123618035,0.420808047056198,0.5295843042973826,9
3009,-98.7959365815,35.1956952855,0.500695586204529,0.6210850669343319,9
3010,-88.0459370115,38.7623618095,0.639748930931091,0.5566970509966305,9
3011,-1.27094048250001,39.3123617875,0.606798827648163,0.6021111799609932,9
3012,14.1540589005,42.4956949935,0.598293125629425,0.6220100521793769,9
3013,-118.4959357935,43.0206949725,0.512682497501373,0.4836004330765383,9
3014,-108.5459361915,32.5540287245,0.50260066986084,0.5756028210664271,9
3015,-113.9209359765,39.7123617715,0.489523410797119,0.5038349168561479,9
3016,-113.8792693115,40.2123617515,0.504140555858612,0.502299859790985,9
3017,-101.5709364705,30.8790287915,0.640470862388611,0.6191216036081543,9
3018,1.06239275749999,47.1456948075,0.699205875396729,0.5985490833599335,9
3019,-89.0542703045,32.1456954075,0.523864686489105,0.5356075277603014,9
3020,-95.3126033875,45.4456948755,0.571316063404083,0.5035550683961364,9
3021,-83.1459372075,43.2206949645,0.37030553817749,0.5463877635244767,9
3022,4.9623926015,48.4206947565,0.701306164264679,0.6116534627032408,9
3023,-84.9959371335,40.6956950655,0.617474734783173,0.5900763902538103,9
3024,1.72905939750001,44.0790282635,0.644990861415863,0.6033025557334781,9
3025,5.8873925645,47.7456947835,0.690612375736237,0.6146631632813738,9
3026,-90.8709368985,45.5206948725,0.474218279123306,0.500274389959802,9
3027,-95.5876033765,45.8873615245,0.4809330701828,0.5032709196753614,9
3028,5.81239256749998,49.4956947135,0.637060880661011,0.5841496956872447,9
3029,0.3457261195,44.7123615715,0.53742903470993,0.5878302950445573,9
3030,-81.4042706105,41.3706950385,0.54117488861084,0.563866244458021,9
3031,8.60405912249999,48.3040280945,0.488036245107651,0.5612803085501679,9
3032,-88.0626036775,44.3456949195,0.587059736251831,0.532345558118638,9
3033,-109.4376028225,46.8123614875,0.445022225379944,0.4307390233206566,9
3034,-105.6626029735,42.5456949915,0.443550586700439,0.4460035653455245,9
3035,12.1040589825,47.6040281225,0.483048230409622,0.5501019021888077,9
3036,-105.8626029655,33.2123620315,0.57064163684845,0.5604626908671674,9
3037,-110.4042694505,34.0706953305,0.615051448345184,0.5495248003719069,9
3038,-112.2209360445,45.9623615215,0.460302442312241,0.43159136552599936,9
3039,-98.9209365765,29.4790288475,0.641554296016693,0.6776047456779895,9
3040,-98.8709365785,32.5206953925,0.702609539031982,0.6860817465585988,9
3041,-95.3709367185,37.6290285215,0.684090077877045,0.5707205166275429,9
3042,-96.0292700255,35.2040286185,0.653118908405304,0.6237000039720286,9
3043,-116.6126025355,46.0956948495,0.419766455888748,0.4462664060398939,9
3044,-99.8042698745,29.4373621825,0.669060289859772,0.6731059997895363,9
3045,-97.3709366385,38.4373618225,0.417071998119354,0.5493411527214876,9
3046,-96.5792700035,35.3290286135,0.636932849884033,0.6100597660835264,9
3047,-97.9626032815,39.8706950985,0.553624987602234,0.5308285311079067,9
3048,-102.0209364525,48.6123614155,0.578909635543823,0.4807341234939909,9
3049,-98.1626032735,36.1540285805,0.492333114147186,0.5826946947970243,9
3050,-97.9209366165,46.2540281765,0.458057820796967,0.4996179710776659,9
3051,-96.9876033205,47.1206948085,0.523337185382843,0.4980359530431649,9
3052,-96.7126033315,48.2040280985,0.547713816165924,0.47917633077841704,9
3053,-94.5126034195,43.7623616095,0.56475830078125,0.5148100249336907,9
3054,-98.9709365745,30.1540288205,0.713036060333252,0.634765006839973,9
3055,-88.5292703255,41.6706950265,0.542017459869385,0.5604176115661003,9
3056,-97.1209366485,48.5706947505,0.556016862392426,0.4825436877452278,9
3057,-95.2876033885,38.8873618045,0.536374688148499,0.596425327942294,9
3058,-88.7792703155,40.0290284255,0.521857261657715,0.5882792118599914,9
3059,-94.0959367695,38.4623618215,0.613957643508911,0.5823130765355654,9
3060,-94.6209367485,37.6540285205,0.57210510969162,0.5824394674956591,9
3061,-88.8126036475,42.3373616665,0.458057820796967,0.5419797143112507,9
3062,-100.9459364955,48.0540281045,0.550359010696411,0.4930768252607573,9
3063,16.3707254785,39.5456951115,0.613937437534332,0.5951788879007847,9
3064,-3.92927370949999,40.2123617515,0.335907489061356,0.5885591368507269,9
3065,11.2540590165,42.9790283075,0.781321942806244,0.5894529004961329,9
3066,12.3040589745,41.7290283575,0.61536055803299,0.6126366064012805,9
3067,-7.27927357550001,38.9956951335,0.660695016384125,0.6233363125544328,9
3068,16.0790588235,40.9623617215,0.781321942806244,0.617483219433736,9
3069,-108.0042695465,40.2123617515,0.624875247478485,0.4705452570733351,9
3070,-107.3292695735,41.1290283815,0.505030989646912,0.4481545799449231,9
3071,-91.7459368635,16.0040293865,0.68026202917099,0.5697860037914388,9
3072,-91.7709368625,47.5790281235,0.480923652648926,0.44152759612037035,9
3073,150.2457201235,-35.3876352245,0.732925057411194,0.6692255143222426,9
3074,-89.9959369335,29.7456955035,0.556256592273712,0.5175530250091646,9
3075,174.8707191385,-39.1293017415,0.686516463756561,0.6123099555547747,9
3076,152.8457200195,-30.9126354035,0.771495461463928,0.6726421067746929,9
3077,8.97072577450001,45.2623615495,0.455963283777237,0.5401943939836166,9
3078,175.3457191195,-41.4876349805,0.569087326526642,0.6297759869983428,9
3079,-89.8792702715,32.6123620555,0.531329929828644,0.552895211438401,9
3080,13.1040589425,48.3040280945,0.483202338218689,0.5501990630733433,9
3081,4.6707259465,46.3956948375,0.462426275014877,0.5925867950157898,9
3082,-90.3876035845,47.8373614465,0.341109454631805,0.4541458644343871,9
3083,-92.1126035155,32.4123620635,0.645115613937378,0.5567293679450357,9
3084,-91.7209368645,34.8623619655,0.476164698600769,0.5641867810266675,9
3085,126.9123877235,34.5706953105,0.58011531829834,0.5303126767749637,9
3086,-0.462607181500005,47.4623614615,0.514699578285217,0.6062392630230372,9
3087,-89.7792702755,37.9706951745,0.638770580291748,0.579429694470512,9
3088,22.0790585835,54.6790278395,0.5389763712883,0.5100322184534469,9
3089,-91.2376035505,43.1873616325,0.54293829202652,0.53449796316962,9
3090,13.6040589225,53.6040278825,0.527462363243103,0.5354141147644945,9
3091,26.9790583875,58.2540276965,0.474885553121567,0.49911783597803344,9
3092,-90.2126035915,43.3206949605,0.495339959859848,0.5411643432268077,9
3093,-92.1292701815,44.6706949065,0.63276994228363,0.5215881330488716,9
3094,13.4373922625,42.6540283205,0.660357773303986,0.49373323290183874,9
3095,-90.0292702655,36.5040285665,0.623111724853516,0.539144106090569,9
3096,13.1040589425,54.1040278625,0.585417509078979,0.5292147457615056,9
3097,-112.4126027035,34.4706953145,0.572655022144318,0.5315658755893723,9
3098,-126.3959354775,54.6040278425,0.405075907707214,0.4267835499031609,9
3099,-111.0459360915,39.5206951125,0.441955327987671,0.4396722661769143,9
3100,7.31239250749999,44.6456949075,0.556367635726929,0.5989773357181122,9
3101,29.3290582935,61.2623609095,0.463550865650177,0.4829750538738106,9
3102,16.6623921335,7.8706963785,0.715668499469757,0.653448359438102,9
3103,-96.7042699985,34.2623619895,0.605664253234863,0.6293563178458286,9
3104,-99.0126032395,30.6290288015,0.724089205265045,0.6742774211271425,9
3105,-97.3209366405,30.8290287935,0.660000026226044,0.6355323064856339,9
3106,-87.7959370215,39.5123617795,0.466764777898788,0.5769820851898032,9
3107,-99.1709365665,43.1706949665,0.588878452777863,0.502715075318965,9
3108,-118.9792691075,36.8456952195,0.686082482337952,0.5580448292643642,9
3109,-6.94594025550001,38.2040284985,0.642181217670441,0.6303251495403653,9
3110,13.6373922545,42.1956950055,0.6374152302742,0.6124584342129321,9
3111,8.02905914549999,44.9706948945,0.600655734539032,0.6000617587242378,9
3112,15.9790588275,41.7706950225,0.732972919940948,0.6069013096723644,9
3113,-14.0459399715,28.4040288905,0.610000014305115,0.6309066271118746,9
3114,-99.9292698695,28.2373622305,0.724089205265045,0.6877246508686891,9
3115,-67.1292711815,18.3373626265,0.354067146778107,0.5534548324850991,9
3116,-2.58760709649999,42.6706949865,0.720066606998444,0.6065962167737207,9
3117,-91.0626035575,37.3040285345,0.538064420223236,0.5705616790167662,9
3118,-79.0626040375,38.5206951525,0.528042852878571,0.5624408578349626,9
3119,-83.8126038475,37.7373618505,0.642019212245941,0.5618730850474968,9
3120,29.4207249565,56.2373611105,0.477901041507721,0.49793292948679757,9
3121,152.6873866925,-26.1126355955,0.788607120513916,0.6779375238678332,9
3122,4.9623926015,49.5206947125,0.546604692935944,0.5744383777771271,9
3123,-77.1959374455,44.4040282505,0.582163691520691,0.5098596879382647,9
3124,-76.7376041305,37.3123618675,0.547743439674377,0.5227172538233659,9
3125,6.62072586849999,46.6706948265,0.556056916713715,0.5732775157234437,9
3126,-85.1376037945,32.0040287465,0.551000237464905,0.5211735489084094,9
3127,0.962392761499984,45.6706948665,0.600929975509644,0.5685532707835175,9
3128,-81.5959372695,42.6040283225,0.460741072893143,0.5549851957359191,9
3129,-123.9042689105,41.3956950375,0.488074332475662,0.5128072807311416,9
3130,-133.1376018745,55.1206944885,0.435647666454315,0.45945360124566237,9
3131,-124.0376022385,43.3123616275,0.45969420671463,0.511472209301408,9
3132,-114.9459359355,50.5373613385,0.426935315132141,0.41708483066974866,9
3133,-117.7959358215,51.8040279545,0.405350178480148,0.42894084896165796,9
3134,-129.3959353575,56.4040277705,0.347506016492844,0.44867493185418245,9
3135,-84.8292704735,31.3956954375,0.542630136013031,0.5268657207400432,9
3136,-83.6459371875,32.3290287335,0.490194708108902,0.5309267806990017,9
3137,-83.2126038715,31.7790287555,0.488000005483627,0.5315731277510544,9
3138,-77.3292707735,36.0790285835,0.565791368484497,0.5255624280812106,9
3139,-79.7792706755,34.0540286645,0.504911661148071,0.5199029557773662,9
3140,-84.0792705035,31.7123620915,0.608164191246033,0.5232928022506097,9
3141,150.0290534655,61.6873608925,0.528612375259399,0.4553915043648747,9
3142,-123.5959355895,61.2040275785,0.419553339481354,0.44203262064156246,9
3143,34.8040580745,59.8956942975,0.584373533725739,0.481379711331642,9
3144,-99.3126032275,42.2290283375,0.411259323358536,0.48727166130929706,9
3145,-117.0042691865,47.1456948075,0.452452689409256,0.49827922537604047,9
3146,110.0373883985,48.5956947495,0.588729441165924,0.45217496868332296,9
3147,168.5540527245,-45.0376348385,0.615466594696045,0.5475233499596532,9
3148,-144.2042680985,60.4373609425,0.44647628068924,0.4535124808070846,9
3149,-148.6709345865,59.9706942945,0.449632406234741,0.45842621368001646,9
3150,-146.2209346845,61.0956942495,0.358436018228531,0.4924041572483884,9
3151,2.7957260215,42.3623616655,0.506294310092926,0.6336491477902544,9
3152,-7.0709402505,40.1290284215,0.622583210468292,0.5568461308097037,9
3153,-84.4042704905,34.7290286375,0.463346898555756,0.5402272220497774,9
3154,-82.9959372135,35.4206952765,0.61525285243988,0.5396535033160224,9
3155,-78.2126040715,38.0873618365,0.534628808498383,0.5505955856464704,9
3156,-80.8209373005,37.0540285445,0.507698774337769,0.5584670784771436,9
3157,-81.0292706255,38.4456951555,0.517436385154724,0.5555076179624303,9
3158,-85.3626037855,33.0040287065,0.46872952580452,0.5205631162070135,9
3159,152.8457200195,-26.6043022425,0.73362410068512,0.6674131767786127,9
3160,127.8207210205,37.8873618445,0.593647718429565,0.5509177765582705,9
3161,-93.6709367865,34.3706953185,0.527817726135254,0.5497475863864216,9
3162,1.90405939050001,42.3540283325,0.481819957494736,0.4892941290585602,9
3163,-78.5792707235,39.4956951135,0.743762135505676,0.572490365394012,9
3164,-71.6876043325,-40.0876350365,0.564669072628021,0.5043294912529842,9
3165,-80.3876039845,40.7040283985,0.5587078332901,0.5615755437923503,9
3166,-81.4459372755,36.9540285485,0.676587641239166,0.5559919357877556,9
3167,-80.9459372955,40.5540284045,0.581903576850891,0.5677181991279265,9
3168,-91.9042701905,36.0956952495,0.577511072158813,0.5536739987057286,9
3169,-7.08760691649999,42.9123616435,0.556367635726929,0.5596489098728368,9
3170,-78.8626040455,37.4206951965,0.518704831600189,0.5347413740612053,9
3171,-6.40427361050001,42.9623616415,0.742322862148285,0.5278917680132623,9
3172,-79.7209373445,36.0040285865,0.461604177951813,0.530904736604331,9
3173,-87.1959370455,38.0873618365,0.532933413982391,0.5656858638012702,9
3174,-117.0126025195,45.1790282195,0.453587144613266,0.4363064121069292,9
3175,-120.8626023655,42.7623616495,0.427060097455978,0.4396408926129588,9
3176,-118.6709357865,54.5956945095,0.436367809772491,0.4317812769824334,9
3177,-105.5042696465,35.5706952705,0.449567198753357,0.45350693447908597,9
3178,-106.9792695875,39.6456951075,0.524848699569702,0.4892825544891724,9
3179,-114.8959359375,51.4790279675,0.420012056827545,0.42824809708101397,9
3180,-115.4376025825,52.1540279405,0.427060097455978,0.42879179004866597,9
3181,-124.5959355495,54.4040278505,0.429263174533844,0.41693295519809437,9
3182,-106.2459362835,37.9956951735,0.552903652191162,0.4724406697351473,9
3183,11.1540590205,61.7540275565,0.434428036212921,0.46969441039745785,9
3184,-101.3626031455,52.6206945885,0.420298755168915,0.4233585849373164,9
3185,-71.7292709975,-51.8376345665,0.515999972820282,0.5343629577775997,9
3186,16.4290588095,67.8706939785,0.591212034225464,0.5366892552746869,9
3187,17.4207254365,68.2456939635,0.497546762228012,0.5229366011288683,9
3188,-6.4876069405,40.3873617445,0.771317541599274,0.5573438674849163,9
3189,-1.94594045549999,41.7206950245,0.549401700496674,0.5596407846147049,9
3190,-50.2292718575,-26.2459689235,0.562064468860626,0.577797423838942,9
3191,-49.4959385535,-28.7126354915,0.639431655406952,0.58658462270761,9
3192,-89.4626036215,33.3623620255,0.535514652729034,0.5531579240211023,9
3193,129.1707209665,35.2206952845,0.634682476520538,0.5312194450809952,9
3194,-81.0709372905,34.3123619875,0.460862517356873,0.5237650271842581,9
3195,14.4373922225,50.9373613225,0.432042211294174,0.503076261071211,9
3196,-87.1126037155,33.8373620065,0.543154060840607,0.5316964740869974,9
3197,13.8207255805,50.2290280175,0.637029349803925,0.5201703300901479,9
3198,16.1707254865,50.3790280115,0.42981418967247,0.5117039346863906,9
3199,-86.1209370885,43.6040282825,0.501829564571381,0.5177343120290187,9
3200,11.6040590025,55.9290277895,0.479999989271164,0.5244149039339567,9
3201,-121.8292689935,40.9790283875,0.457480579614639,0.4958801448495894,9
3202,-123.5209355925,40.9040283905,0.483734995126724,0.5027354842637668,9
3203,-115.1126025955,48.7373614105,0.511010348796844,0.4305765129232805,9
3204,-114.7959359415,47.9706947745,0.466454893350601,0.44214507367738676,9
3205,-122.6709356265,40.8540283925,0.476570039987564,0.49728224049080094,9
3206,-112.0292693855,45.5123615395,0.378961205482483,0.4238611485864373,9
3207,-118.7376024505,37.3373618665,0.45324969291687,0.4412306174999494,9
3208,-111.3792694115,45.4206948765,0.4275042116642,0.4255048328579894,9
3209,-122.4876023005,41.2956950415,0.393017411231995,0.43755378081615065,9
3210,-127.7959354215,55.0040278265,0.424428462982178,0.45351530499706666,9
3211,-123.5959355895,54.2040278585,0.4137102663517,0.417653517423444,9
3212,-74.4459375555,39.6956951055,0.48966383934021,0.5299912773581062,9
3213,-66.4709378745,50.9123613235,0.457189798355103,0.45495736923936664,9
3214,-59.6292714815,51.1373613145,0.453082025051117,0.4521639595165523,9
3215,-57.5959382295,54.0040278665,0.459384113550186,0.4585345346796349,9
3216,-56.7959382615,52.6040279225,0.458860605955124,0.4530434853594763,9
3217,-104.8376030065,53.2373612305,0.387466698884964,0.4318377847895392,9
3218,19.7790586755,69.5623605775,0.591212034225464,0.5450725785315044,9
3219,16.1873921525,68.3206939605,0.510518968105316,0.4854527988826652,9
3220,-86.4126037435,44.0873615965,0.518203020095825,0.5114294004470625,9
3221,-72.1459376475,47.9540281085,0.448262572288513,0.4571842686250593,9
3222,-85.6292704415,46.4206948365,0.389513522386551,0.4979735944912606,9
3223,12.9040589505,50.5040280065,0.431409567594528,0.4957722084579384,9
3224,-74.3709375585,43.3540282925,0.472292333841324,0.5206287497887897,9
3225,-68.3459377995,44.8206949005,0.473507463932037,0.5029717508788142,9
3226,-67.5792711635,45.5456948715,0.548334777355194,0.5348738981524014,9
3227,-71.7459376635,44.3873615845,0.449963867664337,0.5481700181419759,9
3228,-72.0209376525,43.9623616015,0.71926212310791,0.5404611798051578,9
3229,-63.1959380055,45.0040282265,0.417363196611404,0.501403064629414,9
3230,-78.2459374035,41.1956950455,0.540850937366486,0.5315214795663276,9
3231,-80.9959372935,46.8040281545,0.44563364982605,0.45734782653419837,9
3232,-73.7376042505,46.2873615085,0.450111001729965,0.4894176680434693,9
3233,-61.3959380775,45.2040282185,0.445196837186813,0.5042050643399214,9
3234,-88.1709370065,47.3790281315,0.763000547885895,0.4758296376211227,9
3235,-86.0792704235,43.0206949725,0.505683183670044,0.5249782467601984,9
3236,5.91239256349999,53.2540278965,0.583741366863251,0.5490692179387682,9
3237,19.8373920065,54.4623611815,0.477901041507721,0.5142021739441378,9
3238,-83.2959372015,44.6790282395,0.358817875385284,0.4986966153241746,9
3239,-85.7792704355,44.0623615975,0.580038189888,0.4847981809055249,9
3240,-76.6792707995,38.6623618135,0.546743988990784,0.5359793949324198,9
3241,-81.4709372745,32.0540287445,0.562355160713196,0.5248685456454113,9
3242,-124.3959355575,52.6040279225,0.485029369592667,0.4332337032651194,9
3243,-118.9959357735,51.2040279785,0.445608377456665,0.4775808480045394,9
3244,-128.3959353975,56.2040277785,0.357723027467728,0.419928905231741,9
3245,-81.0209372925,32.8623620455,0.521871089935303,0.5175765309204831,9
3246,-81.7876039285,31.1540287805,0.517296135425568,0.5283004369582366,9
3247,-68.2959378015,48.0790281035,0.441204071044922,0.473146116831374,9
3248,-72.7042709585,49.5206947125,0.443557411432266,0.449135068255642,9
3249,-67.9042711505,50.6956946655,0.452570140361786,0.45714722995194707,9
3250,11.2790590155,62.9373608425,0.477901041507721,0.49463222226242254,9
3251,-67.4876045005,51.2123613115,0.458860605955124,0.45686319947854426,9
3252,-74.2626042295,50.1540280205,0.458860605955124,0.449104292494837,9
3253,-66.5959378695,51.4540279685,0.470648884773254,0.4578116233538125,9
3254,-69.8126044075,49.8790280315,0.451749175786972,0.4514802707645533,9
3255,-73.2626042695,49.9540280285,0.460657447576523,0.45037069899657867,9
3256,-71.9626043215,50.5540280045,0.458860605955124,0.4535270371949911,9
3257,-105.0126029995,54.2623611895,0.422360122203827,0.4330159156067273,9
3258,-92.9959368135,51.0040279865,0.460339039564133,0.4525573965240195,9
3259,-73.6626042535,50.3873613445,0.459901660680771,0.4524273315729025,9
3260,-81.1959372855,48.4040280905,0.41574838757515,0.44490864474076963,9
3261,-73.8626042455,49.7206947045,0.468491703271866,0.45009480151905606,9
3262,-89.7959369415,51.0040279865,0.455943524837494,0.44900705058037754,9
3263,-90.9959368935,52.2040279385,0.458860605955124,0.4501296233604769,9
3264,-88.9959369735,49.0040280665,0.472525149583817,0.45427777525149393,9
3265,-119.6626024135,56.4540277685,0.416469067335129,0.42355064330224657,9
3266,-117.5959358295,57.8040277145,0.393216490745544,0.4215978501324395,9
3267,-116.7959358615,56.2040277785,0.419999986886978,0.42478060977655613,9
3268,-51.4792718075,-26.6376355745,0.542491018772125,0.5729664203070236,9
3269,167.6457194275,-47.2376347505,0.720274388790131,0.611037760699717,9
3270,-64.5959379495,44.2040282585,0.48807880282402,0.49615197042258763,9
3271,-75.2542708565,44.7290282375,0.506552338600159,0.5145702632487793,9
3272,-81.8376039265,26.4540289685,0.488000005483627,0.5132910608370221,9
3273,12.0457256515,61.9373608825,0.477901041507721,0.48034752018605875,9
3274,-99.9626032015,54.6540278405,0.42022031545639,0.44048719740324893,9
3275,-102.9126030835,54.7540278365,0.419960558414459,0.4393516814367029,9
3276,-115.5959359095,60.8040275945,0.437345296144485,0.45279365421612944,9
3277,-123.9959355735,58.8040276745,0.435680389404297,0.42616773300630073,9
3278,-94.9959367335,55.6040278025,0.458860605955124,0.44932292695064446,9
3279,-75.5709375105,46.6123614955,0.441736727952957,0.4787036688373864,9
3280,11.1040590225,52.9040279105,0.521413028240204,0.538436954058618,9
3281,-8.6542735205,40.8873617245,0.50644713640213,0.5453897821627351,9
3282,-79.9959373335,44.2040282585,0.549761354923248,0.5217936226108798,9
3283,-73.7876042485,45.8290281935,0.460813581943512,0.5196292610546787,9
3284,5.87072589849998,58.9540276685,0.477901041507721,0.4817795518908535,9
3285,-123.5376022585,48.0623614375,0.453873991966248,0.49279996302805684,9
3286,25.5207251125,69.4206939165,0.591212034225464,0.536179538063722,9
3287,-150.2292678575,60.5290276055,0.478504806756973,0.4724563560206242,9
3288,10.1540590605,59.6290276415,0.445926636457443,0.47368577220332286,9
3289,-99.9959365335,56.2206944445,0.402637958526611,0.44243165970295023,9
3290,-69.2959377615,52.2456946035,0.458860605955124,0.45571698694986645,9
3291,29.7707249425,62.1456942075,0.505188524723053,0.47652777270452773,9
3292,30.2623915895,65.8873607245,0.453107684850693,0.47504172031597075,9
3293,-94.2459367635,48.5040280865,0.500637054443359,0.4467963812091616,9
3294,-114.4209359565,45.6623615335,0.435199528932571,0.4188793928251742,9
3295,-115.5376025785,47.2623614695,0.419393807649612,0.44205670616520587,9
3296,-67.3376045065,49.5706947105,0.452413588762283,0.45190621334663933,9
3297,-75.4209375165,51.2123613115,0.458037823438644,0.44969686444323437,9
3298,-75.7792708355,50.1956946855,0.458860605955124,0.4497394488788888,9
3299,-111.8376027265,55.3290278135,0.419999986886978,0.42066287381483924,9
3300,-61.5876047365,50.1456946875,0.484021842479706,0.4524325605711167,9
3301,27.7707250225,57.8623610455,0.532503187656403,0.4931096413497132,9
3302,-82.4959372335,30.9206954565,0.501567423343658,0.5320886577835776,9
3303,-82.4792705675,27.1706956065,0.581008315086365,0.5238655984876549,9
3304,-82.1126039155,27.5206955925,0.650901556015015,0.5391411745280411,9
3305,31.6540582005,65.5873607365,0.442100286483765,0.47763863976124016,9
3306,31.0957248895,68.7623606095,0.574841201305389,0.49819537138281283,9
3307,33.2457248035,61.5290275655,0.477901041507721,0.4785095545765597,9
3308,-132.4792685675,56.2706944425,0.435012400150299,0.45102201305787415,9
3309,33.2373914705,67.0040273465,0.423883050680161,0.48286593248099985,9
3310,-126.1959354855,66.4040273705,0.433928221464157,0.4515141362106408,9
3311,-77.9042707505,51.9206946165,0.459935247898102,0.4518681270022473,9
3312,-119.9959357335,62.6040275225,0.453735083341599,0.44945190402562796,9
3313,-128.9959353735,67.4040273305,0.453904032707214,0.4527967700672418,9
3314,-119.9959357335,60.2040276185,0.433654129505157,0.44762551815805807,9
3315,30.7790582355,59.1206943285,0.477901041507721,0.49480128222737063,9
3316,2.19572604550001,45.0706948905,0.514617919921875,0.5769377621863203,9
3317,-89.5126036195,34.5206953125,0.536520898342133,0.5640379751920261,9
3318,-81.5709372705,29.5040288465,0.609083414077759,0.5385260437400585,9
3319,-108.5042695265,55.7123611315,0.454184234142303,0.4292630580896216,9
3320,-74.6126042155,52.5706945905,0.439788311719894,0.45330294541972876,9
3321,29.6623916135,60.6956942655,0.477901041507721,0.48084418136231566,9
0,-89.9959369335,17.2540293365,0.594153702259064,0.5944779737419676,0
1,-111.5292694055,39.3123617875,0.412388354539871,0.48610308721510204,0
2,-108.4042695305,46.3373615065,0.440121561288834,0.45575864214988987,0
3,-107.8959362175,47.0956948095,0.442660838365555,0.4700321073022861,0
4,-107.6126028955,45.3040282145,0.567405521869659,0.4608995809287809,0
5,-116.8876025245,34.0040286665,0.699999988079071,0.5785691203195504,0
6,-0.379273851499988,41.6956950255,0.606798827648163,0.6360410421529242,0
7,-1.32094048050001,38.6706951465,0.606798827648163,0.6167795101080061,0
8,-116.7459358635,39.1873617925,0.492512255907059,0.502448812468457,0
9,-108.8126028475,38.9623618015,0.61560332775116,0.5050060614696137,0
10,-113.3209360005,37.3373618665,0.50456303358078,0.5320961736480745,0
11,5.09572592949999,49.4956947135,0.614488124847412,0.5911324264874294,0
12,-97.8042699545,29.1873621925,0.728044509887695,0.672933667977033,0
13,12.0457256515,44.9706948945,0.394104063510895,0.5565009243245943,0
14,6.09572588949999,45.6373615345,0.487384438514709,0.5249494572156921,0
15,-96.5126033395,28.6790288795,0.614596426486969,0.6297672866882265,0
16,-97.2042699785,27.9540289085,0.724089205265045,0.677911014937226,0
17,-103.4292697295,41.4956950335,0.452087759971619,0.4840343697358031,0
18,-102.4376031025,44.2206949245,0.466602772474289,0.47563227444983297,0
19,-100.9959364935,45.6706948665,0.412353545427322,0.48192576029072137,0
20,-104.1876030325,39.4790284475,0.440121561288834,0.5022256579667287,0
21,-104.3292696935,35.9623619215,0.574370205402374,0.5347347889272002,0
22,-99.8626032055,32.0790287435,0.722124755382538,0.6498239701276375,0
23,-99.9626032015,36.0540285845,0.680916011333466,0.5366344547697435,0
24,-96.8542699925,35.3706952785,0.490667551755905,0.619792860083338,0
25,-100.3209365205,39.9540284285,0.468495279550552,0.49571331113504885,0
26,-88.6042703225,39.1956951255,0.586665093898773,0.5728737666810446,0
27,-89.1876036325,39.1873617925,0.56879198551178,0.5615763202616161,0
28,-88.1126036755,38.9206951365,0.539258897304535,0.5594965633730774,0
29,-65.6959379055,-17.7126359315,0.714794754981995,0.5407292291192222,0
30,-0.2959405215,39.9206950965,0.700565099716187,0.6323068183002577,0
31,-119.8709357385,34.5123619795,0.584462463855743,0.6474686017879955,0
32,-6.33760694649999,39.4123617835,0.714345395565033,0.6467245118378446,0
33,143.1207204085,-34.6793019195,0.765546500682831,0.6602786923457399,0
34,-4.42927368950001,39.5790284435,0.771317541599274,0.6184415304542156,0
35,-1.04594049150001,42.4290283295,0.483757019042969,0.622785505308845,0
36,-115.2709359225,39.0623617975,0.500587642192841,0.5048125040933339,0
37,-119.0542691045,38.3373618265,0.502946317195892,0.48484757810710677,0
38,-109.2709361625,36.7623618895,0.554633438587189,0.5123347659898775,0
39,-89.4959369535,17.7540293165,0.615349173545837,0.5861836824986968,0
40,-53.5542717245,-27.1376355545,0.611624538898468,0.5615029469127121,0
41,-64.2959379615,-17.3293026135,0.497124999761581,0.5733933976944221,0
42,-60.2042714585,-16.8293026335,0.725970506668091,0.6298258318049593,0
43,-60.9792714275,-17.2209692845,0.716494560241699,0.6461311496302152,0
44,-74.8292708735,5.25402981649999,0.529986321926117,0.5622083152399376,0
45,-2.60427376250001,42.9956949735,0.499730408191681,0.584392362267222,0
46,-91.9126035235,30.2290288175,0.526652753353119,0.5271411763292324,0
47,-88.4959369935,43.7290282775,0.480085909366608,0.5318280751126944,0
48,5.5540592445,47.3290281335,0.504564762115479,0.6064113498392486,0
49,-87.8126036875,38.3206951605,0.376666665077209,0.5376103575710832,0
50,-83.3459371995,40.6873617325,0.506631374359131,0.5658850493374589,0
51,-80.8459372995,41.0206950525,0.534819483757019,0.5608635409394899,0
52,-81.1292706215,41.5123616995,0.564363181591034,0.5522617931997779,0
53,1.62072606850001,44.4373615825,0.641024947166443,0.6113228889616045,0
54,-85.7792704355,40.8290283935,0.579128921031952,0.5644813579226372,0
55,6.51239253949998,48.7206947445,0.514699578285217,0.6105315158980215,0
56,-88.9042703105,42.5623616575,0.474416673183441,0.5398437296072193,0
57,-93.5709367905,44.9790282275,0.511998891830444,0.5088745748855745,0
58,11.7040589985,48.5040280865,0.440239995718002,0.5373158864946234,0
59,-107.5876028965,33.4873620205,0.570044636726379,0.546751875589739,0
60,-91.8292701935,33.1373620345,0.504770994186401,0.555735186511783,0
61,-111.6042694025,34.8373619665,0.440921902656555,0.5383691149922187,0
62,-116.6709358665,44.7540282365,0.41984885931015,0.4290151391423012,0
63,-108.5126028595,33.3623620255,0.496480852365494,0.49225271394458453,0
64,-108.3376028665,34.0373619985,0.442979365587234,0.4904485372302483,0
65,-108.0542695445,33.0040287065,0.441194921731949,0.5564818630813015,0
66,-108.9376028425,33.6956953455,0.479545474052429,0.5187871806269025,0
67,-108.7792695155,36.0373619185,0.567535221576691,0.5100652288828598,0
68,-105.2292696575,41.2373617105,0.439245492219925,0.46585183244327993,0
69,-124.5959355495,64.0040274665,0.405869662761688,0.440213407562347,0
70,36.8957246575,-7.7793029955,0.576847016811371,0.609406256625805,0
71,-109.2959361615,47.1456948075,0.458533078432083,0.4403446325687078,0
72,150.0040534665,-31.7376353705,0.755907118320465,0.6559698624063992,0
73,-100.3376031865,31.7623620895,0.724089205265045,0.6455896183840028,0
74,-98.9626032415,31.3290287735,0.724089205265045,0.6703671448542822,0
75,-99.3626032255,36.5123618995,0.582230091094971,0.5379807232718917,0
76,-95.9792700275,34.9373619625,0.684974491596222,0.6130829340891084,0
77,-95.8626033655,37.6123618555,0.786666691303253,0.5850357333781746,0
78,-98.5876032565,40.1290284215,0.476000010967255,0.5286369448913811,0
79,-99.7792698755,48.9873614005,0.392515927553177,0.43891569946887027,0
80,-98.0209366125,48.0206947725,0.44488650560379,0.45645457979846366,0
81,-96.1876033525,47.6373614545,0.601432979106903,0.4870004110621179,0
82,-96.7376033305,40.5456950715,0.647316098213196,0.5510031993864372,0
83,-98.1126032755,51.1790279795,0.419999986886978,0.4341079388438923,0
84,-95.2209367245,37.2790285355,0.579892456531525,0.595111371057824,0
85,-88.3376036665,40.7290283975,0.726840734481812,0.5697835189957169,0
86,-96.3542700125,44.3456949195,0.578439950942993,0.5186112864161367,0
87,-97.9126032835,31.7206954245,0.752863526344299,0.6703781016413205,0
88,-97.9292699495,39.3123617875,0.496230453252792,0.5327794046660739,0
89,-97.4792699675,37.4790285275,0.523430287837982,0.5632321428302315,0
90,-96.2876033485,45.4456948755,0.479099720716476,0.5223685474790513,0
91,-94.6959367455,40.7873617285,0.496909320354462,0.5529201902524773,0
92,-92.1959368455,40.8373617265,0.561971783638,0.5795160153887168,0
93,-118.9959357735,56.0040277865,0.398639857769012,0.43661629313641864,0
94,-95.6209367085,36.8873618845,0.50758022069931,0.6038770720344401,0
95,-97.1709366465,48.2123614315,0.481492042541504,0.4957620307984952,0
96,-97.7209366245,43.4206949565,0.581285715103149,0.524975446996404,0
97,82.8873894845,43.1540283005,0.310927301645279,0.44209172589393303,0
98,169.0873860365,-44.6959681855,0.749000012874603,0.568410451684616,0
99,-0.870940498500005,40.0206950925,0.598896145820618,0.6010767940371832,0
100,9.42072575649999,42.0790283435,0.703000009059906,0.6262413070414883,0
101,-1.04594049150001,41.0290283855,0.614486873149872,0.5694011074404011,0
102,8.9873924405,40.4373617425,0.642639815807343,0.6157470153427593,0
103,13.6373922545,41.3956950375,0.627086579799652,0.6150227076423168,0
104,13.8957255775,37.5123618595,0.703000009059906,0.625209910524395,0
105,-109.7876028085,42.6623616535,0.418509840965271,0.4732800694093627,0
106,-107.2459362435,43.6456949475,0.466602772474289,0.46086761364377093,0
107,-68.4626044615,-14.5626360575,0.756954252719879,0.6050151364920289,0
108,-89.4959369535,16.2540293765,0.669642686843872,0.5834002587433903,0
109,-73.6626042535,4.58736317649999,0.565537452697754,0.5478333328798267,0
110,-89.4959369535,16.7540293565,0.567430377006531,0.5690269829361863,0
111,-75.1626041935,9.9706962945,0.599105894565582,0.5586847366731429,0
112,-78.4126040635,-0.462636621499996,0.562309145927429,0.5570494881806627,0
113,76.5373897385,11.6040295625,0.712903559207916,0.5592611306453326,0
114,105.9373885625,14.1373627945,0.682651281356812,0.5819924017221196,0
115,153.0540533445,-30.4126354235,0.743428707122803,0.6250552601290255,0
116,151.3207200805,-32.8793019915,0.750851273536682,0.6927672725209926,0
117,153.1540533405,-29.9376354425,0.744698166847229,0.6229676182467339,0
118,28.2123916715,59.6956943055,0.450150191783905,0.5006311388347384,0
119,128.1040543425,42.1123616755,0.401024490594864,0.44336567231777346,0
120,5.6707259065,48.7623614095,0.640726208686829,0.6023483530866467,0
121,28.3873916645,56.2373611105,0.492037355899811,0.5023556707379059,0
122,94.6790556795,27.6623622535,0.421481758356094,0.5519671050180943,0
123,-97.5126032995,29.8206955005,0.724089205265045,0.6725791525663953,0
124,-90.4459369155,34.7790286355,0.479932636022568,0.5534243277457784,0
125,-1.6459404675,48.4206947565,0.551654577255249,0.5776052505945397,0
126,11.4040590105,51.4040279705,0.639169633388519,0.5343897816498352,0
127,11.9040589905,51.8040279545,0.644990861415863,0.5287380419080577,0
128,1.7540593965,49.1540280605,0.607840538024902,0.600271391897214,0
129,9.90405907050001,48.5040280865,0.552909672260284,0.5351116674498337,0
130,-90.8042702345,43.2873616285,0.497634559869766,0.5693323202169072,0
131,8.22072580450001,55.8040277945,0.427060097455978,0.5267144994650242,0
132,-91.3376035465,44.8706948985,0.472915172576904,0.5196610941479402,0
133,-86.0042704265,38.1206951685,0.767168819904327,0.5668838720806706,0
134,-87.3959370375,40.1040284225,0.572000026702881,0.5746670356309171,0
135,2.3290593735,50.1373613545,0.524599194526672,0.5881752297732532,0
136,15.4123921835,52.3706945985,0.47122660279274,0.5208980109175002,0
137,-119.9292690695,37.6790285195,0.693026542663574,0.5822253321689872,0
138,-111.1126027555,40.7873617285,0.410807549953461,0.4698527154483035,0
139,-120.1959357255,51.4040279705,0.460082709789276,0.4760985025621405,0
140,-94.9292700695,33.5623620175,0.514517605304718,0.5674251619567516,0
141,10.7373923705,45.6040282025,0.644626379013062,0.5908827543452021,0
142,-83.3959371975,49.6040280425,0.47291886806488,0.4391751825609076,0
143,16.6540588005,7.9540297085,0.533596575260162,0.6396079502156427,0
144,-96.7459366635,33.7623620095,0.53022301197052,0.6442213226922788,0
145,-97.1959366455,34.0790286635,0.62531715631485,0.6367057718714182,0
146,-97.3626033055,30.6706954665,0.734858691692352,0.6664519180891646,0
147,-103.4209363965,43.4373616225,0.440580278635025,0.4698428849528147,0
148,-96.6376033345,29.8790288315,0.740768849849701,0.6511098684225853,0
149,-97.5126032995,47.0540281445,0.467960566282272,0.5159766084999177,0
150,18.2373920705,69.5623605775,0.591212034225464,0.526862489821929,0
151,6.8373925265,62.2706942025,0.591212034225464,0.5056685800309739,0
152,-122.2459356435,38.9456951355,0.678330302238464,0.641819570878156,0
153,-119.2126024315,34.7706953025,0.557401895523071,0.5643307016946718,0
154,-112.4792693675,38.0706951705,0.466602772474289,0.49835008992337115,0
155,-65.7209379045,-10.9709695345,0.565653085708618,0.5764998567722814,0
156,-75.1626041935,-10.3293028935,0.607010662555695,0.5855384719604534,0
157,-77.6626040935,-5.7459697435,0.481931775808334,0.5661367391525198,0
158,13.5790589235,3.0790299035,0.653366565704346,0.6089895604179578,0
159,11.6123923355,2.2623632695,0.43706738948822,0.6042444300389633,0
160,29.0207249725,1.81236328749999,0.626454651355743,0.605313736698556,0
161,29.6957249455,-0.912636603500005,0.538157641887665,0.607192959407572,0
162,-66.7542711965,18.1206959685,0.384076029062271,0.5633004387003092,0
163,-81.7459372635,37.2790285355,0.500556230545044,0.545562731446842,0
164,0.412392783499996,42.8956949775,0.672949135303497,0.5412236918422206,0
165,-85.7209371045,31.5123620995,0.506906390190125,0.5432904024388371,0
166,-83.5209371925,32.5290287255,0.605253159999847,0.5380487907791467,0
167,148.6540535205,-35.2709685625,0.601191580295563,0.6387441565499846,0
168,32.1290581815,58.3873610245,0.45270100235939,0.502360901602865,0
169,-87.6042703625,35.9123619235,0.524933874607086,0.5639692381444666,0
170,-76.7209374645,39.6373617745,0.476653844118118,0.5416257850648796,0
171,175.6707191065,-40.4793016875,0.548427581787109,0.5927968443369211,0
172,177.7040523585,-38.4709684345,0.724052131175995,0.6114277888274878,0
173,168.3790527315,-45.9709681345,0.569876790046692,0.592955586956507,0
174,16.2123921515,53.5373612185,0.553332388401031,0.5068926620951784,0
175,-80.3959373175,43.6040282825,0.72275185585022,0.5374072347190391,0
176,-87.3042703745,35.3956952775,0.671093642711639,0.5646626826887133,0
177,-90.3126035875,36.8873618845,0.598744988441467,0.5535009446249359,0
178,-91.8876035245,37.9623618415,0.552210688591003,0.5800885680198615,0
179,-92.1459368475,37.2956952015,0.598528623580933,0.5803579506923183,0
180,-95.2542700565,31.2873621085,0.557699084281921,0.5721731281916298,0
181,-81.8626039255,29.1873621925,0.62674206495285,0.538307808063372,0
182,-123.7792689155,41.7373616905,0.420936226844788,0.46769412947841194,0
183,-132.0209352525,55.2290278175,0.453932672739029,0.4551289826801761,0
184,-122.7959356215,56.6040277625,0.412868201732635,0.42364216380261593,0
185,-123.9959355735,54.6040278425,0.433654516935349,0.4180257084711822,0
186,-92.6126034955,34.3290286535,0.614708364009857,0.556050644347703,0
187,-119.1959357655,49.2040280585,0.470022678375244,0.42276335844312735,0
188,-128.1959354055,57.0040277465,0.341758787631989,0.4461618184654597,0
189,-82.9959372135,32.6123620555,0.493870288133621,0.5432392477657664,0
190,-120.1959357255,55.6040278025,0.355714291334152,0.4382890798207201,0
191,-133.1959352055,58.8040276745,0.34064906835556,0.45511702432155887,0
192,-125.7959355015,64.2040274585,0.458860605955124,0.44147948218598776,0
193,170.1207193285,-44.2959682015,0.444499999284744,0.5651003105382987,0
194,-130.7126019715,56.0623611175,0.358702301979065,0.4548113890398692,0
195,-5.63760697449999,39.7206951045,0.50644713640213,0.620511922091537,0
196,9.24572576349999,41.6456950275,0.50644713640213,0.6306449102625371,0
197,-72.3292709735,-0.412636623500006,0.643245577812195,0.6194092084805884,0
198,-77.5959374295,-1.0959699295,0.508257508277893,0.5937591336571023,0
199,-78.6792707195,39.5373617785,0.537226259708405,0.5772557038952426,0
200,126.8707210585,35.4706952745,0.67917537689209,0.564465379142752,0
201,4.6790592795,49.9040280305,0.69700676202774,0.5561025522857911,0
202,3.57905932349999,44.4540282485,0.46417623758316,0.51431482820817,0
203,152.7373866905,-29.1293021415,0.754655241966248,0.6470938478126899,0
204,-79.9292706695,36.9123618835,0.477010428905487,0.5296556332651551,0
205,-72.1209376485,-39.6043017225,0.53551059961319,0.5421667408235918,0
206,31.2623915495,57.1040277425,0.594945430755615,0.4894108445277504,0
207,27.9790583475,58.9623610015,0.466443538665771,0.4896506327262713,0
208,126.7207210645,33.5040286865,0.646932065486908,0.5594768977870759,0
209,-78.3959373975,36.5040285665,0.49737673997879,0.5205292427383537,0
210,-78.2709374025,37.4790285275,0.573846459388733,0.5255283415020414,0
211,-78.5292707255,38.8290284735,0.578656911849976,0.5726265564291723,0
212,7.40405917050001,53.6040278825,0.592532575130463,0.5269194711430688,0
213,-79.3626040255,40.1373617545,0.466252654790878,0.5538566706740625,0
214,-4.3792736915,47.9706947745,0.497124999761581,0.5631131260333035,0
215,-109.6876028125,43.8790282715,0.446927547454834,0.42667527852597437,0
216,-107.2626029095,37.5206951925,0.39648962020874,0.4442991056887782,0
217,-105.1126029955,39.3373617865,0.440912425518036,0.4645783227822837,0
218,-123.5959355895,46.2956948415,0.464742481708527,0.49928610722163597,0
219,-107.0626029175,44.1040282625,0.34064906835556,0.4272926036119531,0
220,-105.4626029815,36.7373618905,0.450559735298157,0.443799680313886,0
221,-107.4542695685,38.0040285065,0.430591523647308,0.42203539755249087,0
222,-117.1376025145,54.0706945305,0.427084594964981,0.4272478486600692,0
223,-127.1959354455,55.6040278025,0.475209265947342,0.4393541002503779,0
224,-105.5126029795,38.0373618385,0.424167484045029,0.4405093629411625,0
225,-121.5959356695,56.6040277625,0.437587112188339,0.4256677624529244,0
226,143.0123870795,-12.8959694575,0.758870720863342,0.6176010535716049,0
227,-116.7959358615,54.8040278345,0.413283973932266,0.42105413547606635,0
228,22.7290585575,69.0956939295,0.591212034225464,0.5417236474335011,0
229,-5.5542736445,36.1373619145,0.681280255317688,0.6464053533409244,0
230,-49.1376052345,-26.1876355925,0.600399255752563,0.5671162807820935,0
231,-48.6876052525,-28.0793021835,0.584595024585724,0.5950935649480266,0
232,-49.2292718975,-28.3543021725,0.530689239501953,0.5772746567805639,0
233,-48.8709385785,-27.0043022265,0.576556861400604,0.5806473362047342,0
234,-70.9376043625,47.5206947925,0.451646089553833,0.46657825106100215,0
235,-86.4709370745,45.8540281925,0.490413337945938,0.4725243838761996,0
236,-82.0459372515,33.6290286815,0.521002411842346,0.5344242224841025,0
237,22.4707252345,60.5373609385,0.575571358203888,0.5072061038454206,0
238,-80.1959373255,46.0040281865,0.632134556770325,0.46614338435178343,0
239,-84.6709371465,32.6290287215,0.548003077507019,0.5365319268069174,0
240,17.2290587775,49.1040280625,0.596764206886292,0.5478940928563493,0
241,-87.7792703555,35.0790286235,0.597419023513794,0.5348022766684644,0
242,-77.7209374245,42.1540283405,0.780142307281494,0.5258997821361457,0
243,11.4207256765,55.6873611325,0.57704097032547,0.5222228798095425,0
244,-93.5792701235,37.5873618565,0.654852211475372,0.5780024362236093,0
245,-83.9792705075,43.2206949645,0.562634170055389,0.5149106028462995,0
246,2.11239271549999,47.9123614435,0.597748160362244,0.5902776137306173,0
247,-119.2792690955,37.4290285295,0.378387749195099,0.478864451770582,0
248,-113.1209360085,46.2790281755,0.44195944070816,0.42177758839647495,0
249,-92.8626034855,33.4373620225,0.533563911914825,0.5321681058600414,0
250,-138.6709349865,59.2706943225,0.379550963640213,0.4561022976469507,0
251,-115.1959359255,49.8040280345,0.377845793962479,0.4276779129662172,0
252,10.3957257175,46.7790281555,0.48032334446907,0.4730563710944929,0
253,-65.1209379285,48.1456947675,0.449758559465408,0.4850119838732952,0
254,13.5207255925,66.0956940495,0.442220121622086,0.4999648533986695,0
255,-59.3959381575,50.8540279925,0.450574934482574,0.4566377838258608,0
256,-60.1959381255,53.8040278745,0.456945180892944,0.4560551657438854,0
257,15.7373921705,67.1956940055,0.599703073501587,0.5078358999737536,0
258,-108.3376028665,45.0790282235,0.48510006070137,0.4571717434430187,0
259,-69.5792710835,44.5040282465,0.452438712120056,0.4948247632374426,0
260,-70.4876043805,43.3873616245,0.420536130666733,0.5113590750037204,0
261,-90.0376035985,46.0456948515,0.468469113111496,0.4748273332054388,0
262,-72.9792709475,40.8540283925,0.557568550109863,0.5236659595668824,0
263,-67.9126044835,46.1706948465,0.67869371175766,0.4872814102128343,0
264,-72.8626042855,45.8290281935,0.591380178928375,0.5087649952887772,0
265,-67.8042711545,46.7540281565,0.411748737096786,0.4923227907487871,0
266,-87.6209370285,46.4540281685,0.392515927553177,0.4842937264151528,0
267,11.7040589985,53.9040278705,0.605327904224396,0.5267972437358373,0
268,-122.7959356215,53.0040279065,0.429237455129623,0.4250039706058005,0
269,-76.1709374865,35.3623619455,0.532291114330292,0.5060286470233267,0
270,-121.5959356695,53.8040278745,0.367408663034439,0.4234190968711499,0
271,-76.4209374765,37.4706951945,0.5027174949646,0.5112578389406451,0
272,-76.6126041355,36.1873619125,0.494546234607697,0.5142557122274544,0
273,-77.4209374365,35.5040286065,0.52245831489563,0.5157851844256129,0
274,-72.7292709575,49.3373613865,0.445744812488556,0.45000782922651905,0
275,-69.0042711065,50.3873613445,0.457774937152863,0.45597381084531513,0
276,-75.2376041905,50.9706946545,0.439149647951126,0.45040644510496003,0
277,-64.2459379635,50.5790280035,0.449591100215912,0.45743279785768437,0
278,-72.3876043045,48.9290280695,0.417704671621323,0.4518901918994389,0
279,-67.5626044975,49.6456947075,0.458860605955124,0.4604568311948695,0
280,-69.8376044065,49.6456947075,0.462823837995529,0.45584344611829086,0
281,-69.6292710815,50.1456946875,0.454664945602417,0.4558070316304424,0
282,-65.3209379205,50.9873613205,0.456701695919037,0.4567979546461742,0
283,-100.7959365015,53.2040278985,0.458860605955124,0.4368755258034243,0
284,-63.2626046695,51.7956946215,0.459305107593536,0.4551003611645699,0
285,-59.4126048235,51.9540279485,0.457490831613541,0.45808975942588454,0
286,98.8123888475,61.2706942425,0.474851012229919,0.44352302258468546,0
287,-63.3876046645,50.7290279975,0.452021509408951,0.45599753984903973,0
288,-121.3959356775,61.4040275705,0.458860605955124,0.43937766088559,0
289,-55.5959383095,48.0040281065,0.445540457963943,0.4974183180294477,0
290,-89.5959369495,49.4040280505,0.458860605955124,0.4305529511569138,0
291,-55.9959382935,49.8040280345,0.447340786457062,0.46977334430882095,0
292,-102.7126030915,52.8956945775,0.391925275325775,0.4244093331188242,0
293,-88.0792703435,45.4790282075,0.44162991642952,0.46710272483537485,0
294,1.66239273349998,47.3873614645,0.571817278862,0.5656652026864164,0
295,17.1707254465,52.8206945805,0.420257836580276,0.5049882295966654,0
296,3.4457259955,45.1706948865,0.47042390704155,0.5962547138890159,0
297,8.2873924685,46.2623615095,0.660357773303986,0.48867326843107245,0
298,12.5123922995,61.3790275715,0.471488684415817,0.4803511090127846,0
299,12.2623923095,64.2040274585,0.428371876478195,0.4922245579836638,0
300,-101.2459364835,56.9040277505,0.421076893806458,0.44653841362831576,0
301,-104.9792696675,55.3540278125,0.415015518665314,0.434899083479836,0
302,-80.3709373185,25.1706956865,0.73756217956543,0.5728434498531847,0
303,-75.5709375105,47.3706947985,0.445540457963943,0.46681834331054245,0
304,-77.1542707805,47.6623614535,0.474952697753906,0.4518345247379529,0
305,-77.9459374155,47.0290281455,0.423444032669067,0.46895155261698623,0
306,6.98739252050001,58.1456943675,0.593814074993134,0.4928572328971005,0
307,13.9040589105,53.7040278785,0.521196067333221,0.5053752142002688,0
308,-73.2626042695,46.2040281785,0.541188955307007,0.4848439135274051,0
309,-121.8459356595,45.2790282155,0.459559798240662,0.4648181486662574,0
310,-123.0959356095,48.5623614175,0.45783743262291,0.5175217181716082,0
311,-92.5959368295,53.2040278985,0.468668222427368,0.44741243023786215,0
312,-101.3959364775,55.4040278105,0.458860605955124,0.4425521108803305,0
313,-98.3126032675,55.9040277905,0.416876763105392,0.441928556924437,0
314,28.7623916495,68.1873606325,0.477901041507721,0.5054918914399704,0
315,-96.5959366695,55.8040277945,0.458860605955124,0.4439211353958545,0
316,-8.67094018649999,39.8790284315,0.50644713640213,0.6453244363656343,0
317,1.14572608750001,47.9456947755,0.697131931781769,0.5873547990989354,0
318,-95.0876033965,49.2290280575,0.414622753858566,0.4313918524647668,0
319,-96.1376033545,49.6123613755,0.416666656732559,0.4312925514351487,0
320,-93.9959367735,49.8040280345,0.444188803434372,0.43749581595918136,0
321,-94.9459367355,48.7290280775,0.418429464101791,0.4352558532205153,0
322,-115.7959359015,45.1040282225,0.438983589410782,0.4328078253922004,0
323,-116.7209358645,48.4040280905,0.458533018827438,0.44684699856081783,0
324,-114.4459359555,45.1790282195,0.455437123775482,0.431540229030311,0
325,-120.8209357005,48.0540281045,0.434609860181808,0.4412719189857274,0
326,-116.8626025255,47.6706947865,0.440121561288834,0.47847078976350516,0
327,-76.1792708195,50.9873613205,0.441512733697891,0.44897791746453286,0
328,-115.1376025945,57.2040277385,0.412687569856644,0.419162557652936,0
329,-1.22094048450001,44.0040282665,0.50644713640213,0.5268440944471928,0
330,35.8790580315,62.5956941895,0.545760273933411,0.4810331633812158,0
331,30.2623915895,64.7373607705,0.471316456794739,0.47962346527020894,0
332,34.1207247685,63.5206941525,0.485212206840515,0.47651706559728746,0
333,-134.1792684995,56.6040277625,0.423969924449921,0.4577258006459806,0
334,-77.1626041135,52.3956945975,0.455419838428497,0.4455583596159685,0
335,-122.7959356215,65.6040274025,0.436511129140854,0.4433926459944488,0
336,-128.9959353735,67.4040273305,0.453904032707214,0.4444748480775363,0
337,-134.7959351415,67.2040273385,0.492954820394516,0.44934705755306653,0
338,-118.5959357895,60.2040276185,0.458860605955124,0.4372069755796238,0
339,-121.5959356695,59.0040276665,0.473498582839966,0.4353376922420906,0
340,30.2457249235,60.8206942605,0.477901041507721,0.4827073088131439,0
341,-108.5542695245,47.1040281425,0.440121561288834,0.4608012154496987,1
342,-0.854273832500013,41.9706950145,0.606798827648163,0.6363762400627642,1
343,-0.487607180499992,39.4040284505,0.51801985502243,0.6289739867144464,1
344,-1.62094046850001,39.1706951265,0.586789786815643,0.6119689911273917,1
345,-113.0542693445,38.0206951725,0.510773777961731,0.5156794735347029,1
346,-114.6126026155,33.0290287055,0.478975892066956,0.6605076410908843,1
347,-106.1959362855,34.1956953255,0.569883823394775,0.5405797223648688,1
348,-113.8292693135,32.7790287155,0.786611199378967,0.6647373044163198,1
349,-66.2876045485,-17.2876359485,0.497124999761581,0.5974193649399232,1
350,-72.2626043095,-51.7043012385,0.515999972820282,0.5346303572897628,1
351,9.1040591025,48.7040280785,0.555953979492188,0.553179921017456,1
352,17.5207254325,47.8790281115,0.350045442581177,0.5648803533930026,1
353,-0.370940518499992,47.5956947895,0.397920727729797,0.5721542856378862,1
354,-0.770940502499997,49.3290280535,0.624452471733093,0.5603304686833984,1
355,2.72905935750001,48.1456947675,0.69474184513092,0.5981504041590583,1
356,-115.4042692505,40.6040284025,0.454386353492737,0.4199361644327957,1
357,6.69572586550001,45.9373615225,0.428356915712357,0.5346649321395232,1
358,-94.7459367435,29.9706954945,0.479635775089264,0.5407993839990606,1
359,-101.5792698035,40.4206950765,0.500695586204529,0.5009317766392389,1
360,-103.8042697145,35.5040286065,0.57064163684845,0.5589996694988053,1
361,144.3457203595,-35.7543018765,0.714345395565033,0.6764018990672936,1
362,-102.1709364465,37.4623618615,0.408438384532928,0.5199429240199053,1
363,-111.1292694215,48.8373614065,0.433966010808945,0.43114339005173313,1
364,-99.1876032325,34.2790286555,0.546729445457458,0.6360526132202565,1
365,-105.1292696615,43.9790282675,0.440121561288834,0.4614215453214924,1
366,-109.7292694775,48.1290281015,0.456032902002335,0.44051056832744573,1
367,-6.4376069425,37.2956952015,0.593847036361694,0.6667149218070834,1
368,10.8207257005,43.3206949605,0.721946477890015,0.6426650494573579,1
369,-4.58760701650002,37.2706952025,0.606798827648163,0.6459065782809565,1
370,-114.0209359725,39.8040284345,0.506570816040039,0.4924867074969527,1
371,-114.6709359465,37.5706951905,0.502024173736572,0.5145121263955247,1
372,-115.6292692415,38.1206951685,0.48439833521843,0.5030890669032706,1
373,-114.0042693065,41.2540283765,0.531472504138947,0.49829147565554904,1
374,-118.4876024605,37.2873618685,0.48439833521843,0.48741012846846316,1
375,-113.7709359825,41.7456950235,0.509938538074493,0.4863267555111923,1
376,-112.1876027125,37.3123618675,0.520620703697205,0.512664755450968,1
377,-79.6126040155,0.904029990499993,0.662659704685211,0.5632399916924219,1
378,5.70405923850001,46.2790281755,0.50104421377182,0.5573043234728962,1
379,29.1290583015,57.9706943745,0.477901041507721,0.504597606329845,1
380,-3.23760707049999,43.1373616345,0.791628301143646,0.5748320836137825,1
381,29.0957249695,59.6956943055,0.450166821479797,0.4956475881801382,1
382,11.3040590145,50.1040280225,0.458154171705246,0.5341098548187083,1
383,13.9457255755,49.6706947065,0.471749424934387,0.49017982199947363,1
384,29.9290582695,57.1123610755,0.567720830440521,0.5082982287353541,1
385,6.7040591985,50.5040280065,0.496084600687027,0.576889912235295,1
386,-81.8042705945,40.7206950645,0.553767502307892,0.5677391860706154,1
387,-93.2292701375,45.6623615335,0.373898983001709,0.5072487246262196,1
388,-89.0959369695,43.0040283065,0.57499772310257,0.5330978654720551,1
389,-86.7959370615,40.0123617595,0.636051535606384,0.5631371513016852,1
390,13.5040589265,51.1040279825,0.569944262504578,0.5697695043612098,1
391,-87.7209370245,37.8290285135,0.385530263185501,0.5198830782399104,1
392,14.3040588945,53.3040278945,0.475743234157562,0.531585243572069,1
393,-83.3626038655,43.3790282915,0.392920941114426,0.530605324518309,1
394,-85.8459370995,41.7706950225,0.45508000254631,0.5488254466510505,1
395,2.47072603449999,47.2790281355,0.623811900615692,0.6110487315502249,1
396,11.7207256645,54.7790278355,0.577273845672607,0.5350041456199119,1
397,-84.3626038255,40.1956950855,0.641528189182281,0.5608743647635065,1
398,-86.1709370865,40.1123617555,0.571200013160706,0.5512288843027544,1
399,-84.9709371345,41.0706950505,0.561414837837219,0.5572991604055243,1
400,4.64572594750001,52.7040279185,0.614486873149872,0.5375621595013528,1
401,-89.5959369495,37.5206951925,0.607100129127502,0.5734014781579931,1
402,6.7040591985,51.1040279825,0.598243415355682,0.5608767519848369,1
403,4.9707259345,46.2956948415,0.639405846595764,0.5918780812774972,1
404,-121.8209356605,42.4540283285,0.409679591655731,0.44885450633284,1
405,-111.9126027235,34.1540286605,0.564912974834442,0.5915412194532494,1
406,-113.6209359885,48.9790280675,0.423952102661133,0.4309085779616974,1
407,-113.4042693305,44.8623615655,0.415228813886642,0.43118396234848255,1
408,-116.1709358865,45.5623615375,0.359945178031921,0.43451746871150665,1
409,-111.6209360685,43.6623616135,0.451629549264908,0.46093188917800443,1
410,-108.6376028545,35.3040286145,0.568613767623901,0.5231296593049592,1
411,-123.7959355815,62.6040275225,0.461356699466705,0.4389441802925134,1
412,-98.0209366125,30.5706954705,0.629296123981476,0.6735188753441006,1
413,-100.5709365105,30.2540288165,0.724089205265045,0.6552331091920646,1
414,172.8290525535,-43.1043015825,0.71399998664856,0.6167124909252799,1
415,-97.9792699475,39.8706950985,0.543793499469757,0.5333385105611562,1
416,-94.1126034355,43.5623616175,0.56987076997757,0.5395491499308194,1
417,-97.1792699795,41.3706950385,0.45413613319397,0.5362310082838123,1
418,-95.9959366935,40.8623617255,0.628752171993256,0.5525142331171884,1
419,-96.0709366905,41.4873617005,0.629380524158478,0.5382198397195568,1
420,-91.8126035275,41.7623616895,0.539287209510803,0.5600851159207686,1
421,-91.6542702005,41.2123617115,0.513649106025696,0.5626447485247508,1
422,-100.4876031805,48.9873614005,0.481862634420395,0.42310100637211945,1
423,-111.5959360695,47.5456947915,0.408438384532928,0.46884002581507,1
424,-98.9792699075,36.8456952195,0.503922045230865,0.5735586884271087,1
425,-95.6542700405,38.1206951685,0.549308717250824,0.5730426551212121,1
426,-90.9209368965,41.0040283865,0.701725780963898,0.5720121495357002,1
427,-95.2209367245,44.6373615745,0.517005145549774,0.532067579426378,1
428,-90.8876035645,41.4790283675,0.545155107975006,0.566349350071089,1
429,-93.4542701285,41.9456950155,0.446020573377609,0.5423085236507669,1
430,-92.6959368255,42.0290283455,0.561779081821442,0.5488009414202611,1
431,-96.5042700065,42.6290283215,0.572242856025696,0.5326382090264766,1
432,-94.6792700795,37.0373618785,0.583917081356049,0.5973302387595658,1
433,-102.3876031045,48.1456947675,0.581285715103149,0.4914799532326851,1
434,-92.8042701545,44.0790282635,0.500931262969971,0.5412859672953263,1
435,-95.4376033825,42.9706949745,0.563924729824066,0.5351129791556141,1
436,-97.6459366275,45.7040281985,0.649220287799835,0.5114825677704525,1
437,103.8623886455,33.0623620375,0.370517611503601,0.4451744015180509,1
438,-3.12927374150001,41.8040283545,0.531271278858185,0.5792569738254294,1
439,16.1290588215,39.7956951015,0.662410318851471,0.59751902722734,1
440,10.3207257205,43.6540282805,0.609776079654694,0.622657460197759,1
441,8.60405912249999,39.5206951125,0.586789786815643,0.6405656439759619,1
442,0.329059453500008,40.3123617475,0.599331438541412,0.6562585863999598,1
443,15.2790588555,40.7623617295,0.643161118030548,0.6065526450155623,1
444,12.8040589545,37.8706951785,0.605427503585815,0.6517017478757431,1
445,-119.6126024155,42.6540283205,0.512682497501373,0.47236032217716617,1
446,32.1207248485,-28.0959688495,0.624687612056732,0.6468198903745235,1
447,-76.7459374635,0.254030016499996,0.631163597106934,0.5650079050734593,1
448,161.9290529895,-10.4793028875,0.558842241764069,0.5556890443763625,1
449,11.0040590265,0.629030001499999,0.571524083614349,0.5976781599039102,1
450,127.5873876965,36.9123618835,0.566141188144684,0.55350114430246,1
451,152.4207200365,-32.3209686805,0.761598885059357,0.661866163515199,1
452,-87.2459370435,38.2540284965,0.475638777017593,0.5727528623023181,1
453,-92.0626035175,31.3206954405,0.620944678783417,0.5584305069243294,1
454,126.3707210785,36.9540285485,0.494246035814285,0.5317987053006007,1
455,-91.3126035475,30.7540287965,0.569584310054779,0.5354562492750631,1
456,5.8957258975,50.7790279955,0.615902304649353,0.5885234414857127,1
457,19.1623920335,53.1290279015,0.490085422992706,0.5165263019005428,1
458,10.9873923605,57.2373610705,0.481712371110916,0.5229167696776691,1
459,9.30405909449999,47.9040281105,0.452394962310791,0.5325390346451506,1
460,-76.8042707945,43.1123616355,0.496415287256241,0.5521070606709013,1
461,-90.4959369135,30.0040288265,0.472699165344238,0.511681179431147,1
462,15.1790588595,44.4873615805,0.661060631275177,0.5533732885989914,1
463,10.2207257245,56.0123611195,0.478214830160141,0.5385955576315825,1
464,12.3040589745,48.8040280745,0.48223340511322,0.5600807996152957,1
465,-87.1126037155,37.5623618575,0.477988421916962,0.5749266635505582,1
466,-91.2042702185,42.8540283125,0.566677331924438,0.5540294238150931,1
467,-0.545940511499992,43.6456949475,0.635753452777863,0.5595483738933597,1
468,12.8457256195,46.4206948365,0.478464037179947,0.5596922429467073,1
469,-111.7209360645,38.0956951695,0.422674626111984,0.4288477689832116,1
470,-111.7876027285,41.0040283865,0.535471498966217,0.46643684258502616,1
471,8.94572577549999,60.1373609545,0.534449219703674,0.4888013232660508,1
472,-100.6876031725,44.0290282655,0.53681206703186,0.4835146165098746,1
473,-97.0792699835,31.7290287575,0.721214950084686,0.673214869721975,1
474,-87.7959370215,39.5123617795,0.466764777898788,0.5796246513996041,1
475,-99.8376032065,48.4206947565,0.491823434829712,0.4441718262560315,1
476,10.6873923725,61.8373608865,0.549579381942749,0.47974482819960795,1
477,15.4957255135,66.7040273585,0.591212034225464,0.5266363792934706,1
478,7.73739249049999,61.8290275535,0.591212034225464,0.5195810677194582,1
479,-6.58760693650001,37.9206951765,0.716009795665741,0.626446201434902,1
480,-121.5542690045,37.4873618605,0.729457557201385,0.5722324989784808,1
481,13.4123922635,37.9956951735,0.605780899524689,0.6372334142894427,1
482,5.7873925685,44.4040282505,0.584897875785828,0.5773494563931703,1
483,5.4373925825,43.9790282675,0.645950853824615,0.5866286989109377,1
484,8.68739245250001,38.9956951335,0.744366407394409,0.6381310529738563,1
485,-8.03760687850001,37.5540285245,0.642181217670441,0.664911590498017,1
486,-109.3959361575,39.4873617805,0.470183730125427,0.4951102776894959,1
487,44.5540576845,-23.6126356955,0.600529611110687,0.6568737165296407,1
488,-7.62927356150001,5.42902980949999,0.561591327190399,0.6293797513393596,1
489,-69.0959377695,-11.9959694935,0.509128868579865,0.5685180805459934,1
490,12.3373923065,-0.079303303499998,0.607872545719147,0.6084286024821483,1
491,-75.9126041635,7.2540297365,0.536097049713135,0.5584094960059854,1
492,-83.1126038755,37.4956951935,0.537819087505341,0.5401009138741854,1
493,-79.2959373615,47.7706947825,0.4529068171978,0.4420573532013761,1
494,-75.6709375065,45.8206948605,0.56516045331955,0.5003482073852777,1
495,-81.4126039435,38.0290285055,0.549301743507385,0.5557731862992261,1
496,-94.1376034345,47.2540281365,0.500689685344696,0.4627623550262722,1
497,-86.6376037345,34.5790286435,0.500944852828979,0.535057267271915,1
498,96.7623889295,27.9456955755,0.529086291790009,0.544991439980676,1
499,-95.6876033725,31.5623620975,0.61834990978241,0.6190110676124407,1
500,-79.9459373355,40.9206950565,0.394554793834686,0.5636630757651447,1
501,-1.33760714650001,46.9373614825,0.604750692844391,0.5594493873662524,1
502,-77.1542707805,39.9456950955,0.590530514717102,0.5673052759922931,1
503,-90.3626035855,36.4206952365,0.563568234443665,0.5071925052845898,1
504,-84.9376038025,30.8123621275,0.579999983310699,0.5515717976953889,1
505,-81.9459372555,32.4623620615,0.486977696418762,0.5329420184046975,1
506,-77.8709374185,35.7790285955,0.493363499641418,0.5240992716380288,1
507,-129.1959353655,61.2040275785,0.458860605955124,0.44296034298728254,1
508,33.2540581365,58.6456943475,0.438273519277573,0.4892802516433655,1
509,-128.9959353735,59.6040276425,0.446243911981583,0.42832893519350007,1
510,-146.8542679925,61.9790275475,0.421115726232529,0.4831333615544469,1
511,-126.5959354695,60.0040276265,0.439750850200653,0.44087587340739237,1
512,-125.7959355015,58.2040276985,0.380348980426788,0.42761038313595134,1
513,-129.9959353335,58.6040276825,0.509579062461853,0.4350139982823385,1
514,-95.4626033815,50.5206946725,0.422480463981628,0.43780227359463986,1
515,173.1207192085,-42.5293016055,0.720142245292664,0.6139111171380106,1
516,-100.9126031635,40.5623617375,0.445511996746063,0.49910864912918573,1
517,-100.5959365095,37.8623618455,0.408438384532928,0.5256778248160747,1
518,-149.4542678885,60.5123609395,0.446770489215851,0.4817241768151352,1
519,-4.29594036150002,40.4373617425,0.586789786815643,0.6257901425075598,1
520,2.65405936049999,44.2623615895,0.394258081912994,0.5943122268389383,1
521,-109.4542694885,37.7456951835,0.44383978843689,0.5070009438256269,1
522,47.5207242325,-21.1793024595,0.594626069068909,0.6074663510354624,1
523,-81.8459372595,36.1623619135,0.414157211780548,0.5338838110458811,1
524,-82.0542705845,36.8123618875,0.502957403659821,0.5388791988371352,1
525,-82.6126038955,34.9706952945,0.500548541545868,0.5229714407407687,1
526,-78.9376040425,37.3623618655,0.492967307567596,0.5280820104834111,1
527,-93.1876034725,34.8123619675,0.541704058647156,0.5452823090123854,1
528,-77.6876040925,40.2790284155,0.509135186672211,0.5510614280167945,1
529,-81.0626039575,36.9206952165,0.541099846363068,0.5342862859655074,1
530,-87.1959370455,37.0123618795,0.731231927871704,0.5651319310693677,1
531,176.4540524085,-39.3043017345,0.542608678340912,0.6083413565395205,1
532,20.8123919675,43.2956949615,0.420257836580276,0.4634407290469967,1
533,-77.4209374365,38.7540284765,0.562078237533569,0.5290081804704234,1
534,-80.9209372965,35.3540286125,0.550163507461548,0.5280887665241989,1
535,-87.7209370245,37.1873618725,0.532365620136261,0.5712957413330361,1
536,15.0790588635,50.3623613455,0.505542755126953,0.5807136784758018,1
537,-86.1459370875,37.6706951865,0.546272456645966,0.5727741666834593,1
538,-78.4292707295,35.9290285895,0.522237658500671,0.5271564570738513,1
539,-81.5376039385,39.8206951005,0.622759163379669,0.5714545815821884,1
540,-95.6792700395,48.7040280785,0.399295419454575,0.45394896788045536,1
541,15.5290588455,53.2373612305,0.471024215221405,0.5163198218479864,1
542,-106.4042696105,36.4040285705,0.442776530981064,0.4747515336929557,1
543,-106.1792696195,41.1456950475,0.425214737653732,0.4211467125507587,1
544,-104.7292696775,36.7706952225,0.514656603336334,0.47812944498645926,1
545,-118.9959357735,54.6706945065,0.426855564117432,0.4217235377289929,1
546,-117.5126024995,54.5206945125,0.422110974788666,0.4226100419076824,1
547,18.8957253775,49.7873613685,0.462610006332397,0.5437897726786463,1
548,-106.8876029245,38.9206951365,0.403073251247406,0.41705903636936487,1
549,-111.3876027445,44.1706949265,0.427060097455978,0.44572681584913376,1
550,-115.3959359175,53.8040278745,0.393781751394272,0.4202736937867042,1
551,-78.6376040545,35.2206952845,0.400536060333252,0.5273308958620839,1
552,-125.3959355175,57.6040277225,0.427231252193451,0.4224423003768245,1
553,-101.2542698165,51.6206946285,0.417478740215302,0.4193774623292535,1
554,-121.7959356615,57.2040277385,0.427820414304733,0.4199500675782305,1
555,31.6040582025,59.1040276625,0.492602437734604,0.504337605876309,1
556,147.0040535865,-24.8709689785,0.618739068508148,0.656076024496709,1
557,-117.2209358445,45.8623615255,0.452499330043793,0.4615325653871552,1
558,-6.62927360149999,40.4206950765,0.771317541599274,0.6046888276793392,1
559,-79.0959373695,42.0456950115,0.609149754047394,0.5555221594717531,1
560,-85.7459371035,35.6456952675,0.755535364151001,0.5401431477095823,1
561,-83.0292705455,34.0040286665,0.515856206417084,0.5243395234449415,1
562,-75.9709374945,42.0123616795,0.567904412746429,0.532896811530316,1
563,-76.9126041235,38.5040284865,0.531123399734497,0.5222201186556076,1
564,-85.9209370965,32.5290287255,0.571770787239075,0.5276287168402947,1
565,-82.5042705665,34.4706953145,0.493795216083527,0.5263943568956653,1
566,-86.2459370835,33.9206953365,0.569052636623383,0.5324882537588956,1
567,-88.8376036465,34.4373619825,0.595302522182465,0.5314152044701312,1
568,-85.0209371325,43.6790282795,0.395257025957108,0.5259117953871939,1
569,28.3540583325,56.9456944155,0.456915348768234,0.513459330824054,1
570,-86.9709370545,36.5290285655,0.572092711925507,0.5741917837379886,1
571,-77.9376040825,39.0040284665,0.529785513877869,0.5643750027431639,1
572,-83.0376038785,43.7623616095,0.451341927051544,0.5372529888886397,1
573,-80.5459373115,32.6540287205,0.494097262620926,0.5269672587332083,1
574,-114.2126026315,48.6373614145,0.427060097455978,0.4410379355353674,1
575,-114.4626026215,48.0540281045,0.459068298339844,0.4515242421862088,1
576,-118.6542691205,36.5623618975,0.475249439477921,0.4711317584438011,1
577,-122.9959356135,51.4040279705,0.427060097455978,0.435642986743023,1
578,-93.3292701335,33.6706953465,0.499811321496964,0.5348362542998184,1
579,7.57072583050001,46.1623615135,0.484430551528931,0.4886713256692308,1
580,-128.3959353975,54.4040278505,0.440178066492081,0.45891446583772044,1
581,-120.1959357255,53.2040278985,0.446710646152496,0.4295726140104443,1
582,-126.3959354775,56.2040277785,0.340912818908691,0.42494407265138917,1
583,-127.5959354295,54.2040278585,0.365888208150864,0.44319156269301063,1
584,-89.9959369335,31.1206954485,0.599550724029541,0.5259584885400963,1
585,-66.7126045315,50.4623613415,0.452039569616318,0.458479005537342,1
586,-65.7876045685,48.2206947645,0.361998856067657,0.4802019121231446,1
587,-119.9959357335,60.8040275945,0.448543190956116,0.43839917215193946,1
588,-63.6626046535,52.7623612495,0.461457580327988,0.45554138959240514,1
589,-57.3959382375,53.4040278905,0.458860605955124,0.45853716633580227,1
590,-93.8542701125,37.9956951735,0.620118618011475,0.593910261968981,1
591,-143.2376014705,63.1123608355,0.420473158359528,0.4408276157028536,1
592,-146.5709346705,65.2873607485,0.499956637620926,0.44883493416506304,1
593,7.2457258435,60.8956942575,0.482036083936691,0.5047727151900799,1
594,-50.1292718615,-26.1043022625,0.530353188514709,0.5646657651008129,1
595,150.6123867755,-6.07930306350001,0.655345141887665,0.5567699826028984,1
596,95.6040556425,27.9873622405,0.606674313545227,0.5414109537363166,1
597,-71.1709376865,43.3290282935,0.437820166349411,0.5015681749272168,1
598,-74.5209375525,46.6373614945,0.435602337121964,0.49038917690638884,1
599,-88.1292703415,46.1290281815,0.355088144540787,0.47044834371718813,1
600,-77.9876040805,40.9873617205,0.541440963745117,0.5306736865600331,1
601,-74.1626042335,46.1206948485,0.53335052728653,0.4983580516721779,1
602,-74.7376042105,47.0956948095,0.438704907894135,0.4815681270722742,1
603,-74.8876042045,44.3373615865,0.562026381492615,0.49788864152890333,1
604,-68.9126044435,45.8706948585,0.385605067014694,0.4849176733208999,1
605,-88.7876036485,48.0373614385,0.491748571395874,0.46011863423489474,1
606,-72.1292709815,43.8623616055,0.493981659412384,0.5144938447928346,1
607,-76.8042707945,41.5540283645,0.555048525333405,0.5316813599445372,1
608,-72.6876042925,47.4456947955,0.458907157182693,0.4767794912276045,1
609,-91.7959368615,49.8040280345,0.458860605955124,0.44204400744451067,1
610,-77.4959374335,41.7206950245,0.48098161816597,0.5406447139683541,1
611,2.0373927185,44.9790282275,0.628646194934845,0.5720308342838988,1
612,5.0207259325,51.6123612955,0.62267404794693,0.5370247652784047,1
613,-86.1459370875,43.0790283035,0.563088595867157,0.5212408760300208,1
614,5.3707259185,52.0123612795,0.471427619457245,0.5389674385428807,1
615,10.4040590505,53.2040278985,0.601772844791412,0.5348766721261178,1
616,10.4040590505,51.6040279625,0.638444781303406,0.5673676074159854,1
617,-77.5626040975,35.0290286255,0.518589973449707,0.5187691573423528,1
618,-118.2626024695,56.6873610925,0.416358083486557,0.4163751985803363,1
619,-117.1959358455,49.8040280345,0.389103621244431,0.423303985167232,1
620,-70.4626043815,49.8956946975,0.462763607501984,0.45340279008776707,1
621,-60.4709381145,51.8373612865,0.468299299478531,0.45445298208746204,1
622,-76.1959374855,51.4373613025,0.449315011501312,0.44775755530251327,1
623,11.5040590065,60.4623609415,0.420257836580276,0.4839119740127403,1
624,-107.4792695675,53.9123612035,0.40629118680954,0.42026984072411455,1
625,11.3623923455,61.4290275695,0.455838978290558,0.474736126132963,1
626,9.18739243249999,58.8790276715,0.494969666004181,0.503669867616691,1
627,-108.6709361865,55.6706944665,0.40558797121048,0.42519509658207727,1
628,-87.9959370135,48.8040280745,0.464575380086899,0.4565867343009815,1
629,-56.9959382535,50.8040279945,0.446754783391953,0.45549646070192257,1
630,-93.3959367975,50.2040280185,0.471773028373718,0.4416125067964965,1
631,-123.9959355735,60.0040276265,0.423625260591507,0.43382379575211916,1
632,-92.1959368455,50.8040279945,0.423458337783813,0.4491421664997698,1
633,-84.5959371495,50.0040280265,0.356622606515884,0.4441736555588125,1
634,-72.2209376445,41.3373617065,0.553141534328461,0.5186585183370587,1
635,-73.5792709235,42.5040283265,0.558120727539062,0.5371651195838729,1
636,16.1290588215,52.7040279185,0.477901041507721,0.5055125577439986,1
637,-73.4209375965,41.1873617125,0.52853798866272,0.5242921918585423,1
638,20.0707253305,54.7373611705,0.471427619457245,0.5139810087391206,1
639,-66.6042712025,48.2623614295,0.54671847820282,0.4866846181994217,1
640,-105.7709363025,55.1706944865,0.448977291584015,0.43426544107959497,1
641,11.1123923555,64.0206941325,0.547620713710785,0.5004389882850168,1
642,-93.1959368055,54.4040278505,0.47053062915802,0.4445430847492014,1
643,-109.5959361495,57.4040277305,0.419999986886978,0.4404088445484914,1
644,-95.5959367095,56.0040277865,0.458860605955124,0.44554312261762485,1
645,-120.1959357255,61.6040275625,0.458860605955124,0.4399174368954777,1
646,-117.9959358135,61.6040275625,0.392113745212555,0.44056975129561426,1
647,7.8290591535,62.5623608575,0.427849531173706,0.5096005026844581,1
648,-76.3126041475,47.4373614625,0.453535050153732,0.4480483525541646,1
649,-75.5542708445,43.3873616245,0.542087972164154,0.5216214329673768,1
650,13.1040589425,53.9040278705,0.470461070537567,0.532097035342856,1
651,-64.3792712915,48.8706947385,0.550320982933044,0.4985051614066433,1
652,24.4623918215,69.1290272615,0.591212034225464,0.531197193620127,1
653,25.8373917665,69.5290272455,0.502046644687653,0.5375754116934306,1
654,-67.9709378145,52.5040279265,0.461292803287506,0.4639394928860507,1
655,-96.9959366535,52.2040279385,0.438302576541901,0.4455792042928497,1
656,-70.3292710535,52.0040279465,0.458204090595245,0.4542625150136411,1
657,30.2623915895,65.8873607245,0.453107684850693,0.4744840651183322,1
658,-77.2876041085,47.1290281415,0.419999986886978,0.4466659419371996,1
659,-95.2626033895,48.2206947645,0.389988720417023,0.44499548542370215,1
660,-121.4209356765,45.9290281895,0.455223739147186,0.4761282697694237,1
661,-115.6542692405,45.8290281935,0.438356041908264,0.4502144113619007,1
662,-114.9959359335,47.6540281205,0.434995919466019,0.4541390404935961,1
663,-117.6042691625,48.7790280755,0.458772927522659,0.45548234133707516,1
664,-114.8042692745,44.4706949145,0.411061823368073,0.42320656439034343,1
665,-115.8959358975,46.2706948425,0.453024715185165,0.48478052362688095,1
666,-98.9959365735,54.8040278345,0.429482460021973,0.4415375058816224,1
667,-75.1876041925,49.8873613645,0.428171873092651,0.4496747817012508,1
668,33.1207248085,66.1456940475,0.469182848930359,0.481021569489396,1
669,-98.3959365975,54.4040278505,0.487416714429855,0.4437550710078062,1
670,-81.1126039555,28.7456955435,0.48963189125061,0.557763947395657,1
671,-81.0542706245,27.0873622765,0.703000009059906,0.5748758189635529,1
672,33.3457247995,62.3873608645,0.501681685447693,0.47748203169094655,1
673,34.2040580985,64.0956941295,0.502153038978577,0.47379377005498535,1
674,34.6290580815,62.6456941875,0.570111513137817,0.4748328572351101,1
675,-117.1959358455,63.0040275065,0.419999986886978,0.44227270723190754,1
676,-121.9959356535,58.2040276985,0.371988892555237,0.42361287050066876,1
677,-93.3209368005,48.6123614155,0.450907230377197,0.44008337992500685,1
678,25.2873917885,0.445696675500002,0.615503489971161,0.5895924077275945,1
679,-141.2459348835,60.0206942925,0.381172955036163,0.46550358059057423,2
680,148.7290535175,-26.2793022555,0.597152650356293,0.66199627215153,2
681,-106.0126029595,44.4373615825,0.466602772474289,0.4679080869404428,2
682,-104.4209363565,45.8290281935,0.440121561288834,0.45034730290677516,2
683,-100.4209365165,32.2706954025,0.570442020893097,0.652592871549424,2
684,-103.4376030625,47.5540281245,0.408438384532928,0.465118904773477,2
685,-106.7376029305,45.6040282025,0.440121561288834,0.46187955954688503,2
686,-2.35427377249999,39.9456950955,0.63409811258316,0.6190035929792836,2
687,-3.81260704749999,37.2206952045,0.396124988794327,0.6267359186269605,2
688,-113.9376026425,37.3706951985,0.508656322956085,0.550104809210579,2
689,-117.3459358395,38.7623618095,0.439259111881256,0.481944637579547,2
690,-108.2209362045,40.1456950875,0.509938538074493,0.49684683965182946,2
691,-118.4542691285,41.3540283725,0.512682497501373,0.46625115233089864,2
692,-106.3042696145,33.7456953435,0.569694399833679,0.5203732628198792,2
693,-110.5542694445,36.7706952225,0.565371692180634,0.5153610842673367,2
694,-112.1209360485,31.8706954185,0.786611199378967,0.6604248157786455,2
695,3.0957260095,50.3540280125,0.541185021400452,0.5495810375179824,2
696,4.36239262550001,48.0540281045,0.67173844575882,0.5979108909066073,2
697,-110.2376027905,33.7456953435,0.52493292093277,0.6012915101873642,2
698,-119.9459357355,44.2873615885,0.512682497501373,0.4518334934742772,2
699,-94.0626034375,30.1373621545,0.573119640350342,0.513368804953591,2
700,150.4040534505,-27.8126355275,0.609176337718964,0.6538358503387369,2
701,-104.8876030045,38.1790284995,0.57064163684845,0.5109828084721254,2
702,-102.4792697675,42.9873616405,0.444025933742523,0.4656698604710086,2
703,-104.8959363375,36.1873619125,0.568569481372833,0.4991127529891431,2
704,-101.4042698105,32.1456954075,0.509645760059357,0.6520937393311296,2
705,-101.7209364645,45.6706948665,0.408438384532928,0.47195786084501,2
706,-2.5126070995,37.2123618715,0.477901041507721,0.49052486333042083,2
707,-7.00427358650001,37.2540285365,0.586789786815643,0.6363123218774439,2
708,141.5957204695,-34.1709686065,0.71444708108902,0.6600193151627676,2
709,-116.5126025395,32.6956953855,0.666599988937378,0.6314715623560255,2
710,-1.73760713050001,38.0706951705,0.606798827648163,0.6333345154017676,2
711,14.5790588835,37.9373618425,0.77721494436264,0.6200256970123947,2
712,10.8457256995,42.8540283125,0.784390330314636,0.6302595310474226,2
713,-4.2126070315,42.1373616745,0.770045280456543,0.6231289602142127,2
714,-103.6292697215,30.0040288265,0.570442020893097,0.6305398111248498,2
715,-116.1459358875,37.8956951775,0.502516150474548,0.5079243739214853,2
716,-115.9376025625,39.0540284645,0.490009993314743,0.5002433849184083,2
717,-113.3292693335,39.4206951165,0.494673788547516,0.5036108460339094,2
718,-112.1792693795,40.5540284045,0.624875247478485,0.4534535523630195,2
719,-52.6959384255,-27.2709688825,0.611131250858307,0.5839730915896587,2
720,-51.3876051445,-27.1376355545,0.496795505285263,0.5573376910825706,2
721,-74.0126042395,11.1373629145,0.52921724319458,0.5504258805083627,2
722,-105.0459363315,19.5040292465,0.7106973528862,0.6276077871152229,2
723,-73.4459375955,43.7623616095,0.689731121063232,0.5245001949767936,2
724,152.1873867125,-28.8543021525,0.746599733829498,0.6796423143456782,2
725,152.3207200405,-26.2793022555,0.744008421897888,0.7119209107408847,2
726,127.7207210245,43.9706949345,0.482750594615936,0.45801145327374204,2
727,-88.4376036625,32.6706953865,0.497904926538467,0.5340087863856278,2
728,5.87072589849998,49.4790280475,0.62265956401825,0.5782546321584874,2
729,27.2623917095,58.2956943615,0.57879227399826,0.4778492263345392,2
730,3.82072598049999,50.2706946825,0.600987672805786,0.5940794465895696,2
731,-75.3959375175,42.8790283115,0.490194350481033,0.5452559958964077,2
732,-94.2959367615,35.3540286125,0.55836433172226,0.558729411693681,2
733,4.97905926749999,47.7956947815,0.65653133392334,0.5968189655533491,2
734,-87.9376036825,42.4206949965,0.470134675502777,0.5391738808214651,2
735,-89.6959369455,36.0040285865,0.411111116409302,0.5409769485547797,2
736,10.4040590505,49.5040280465,0.596100389957428,0.5484825404521154,2
737,-84.5876038165,43.3040282945,0.473984718322754,0.5252734008275446,2
738,-84.4209371565,38.9040284705,0.647320151329041,0.5776645368166228,2
739,-0.104273862500008,43.2623616295,0.60115259885788,0.5898284242631441,2
740,0.012392799499992,43.8956949375,0.479330539703369,0.6035652775559763,2
741,-96.0709366905,46.4623615015,0.690752685070038,0.4999085849172758,2
742,10.9290590295,44.9706948945,0.450500011444092,0.5679001011837718,2
743,24.2540584965,58.4123610235,0.562701284885406,0.4885427766835488,2
744,14.6790588795,49.3623613855,0.46529147028923,0.5073218511253175,2
745,-82.7459372235,42.9040283105,0.526935875415802,0.5342387320272866,2
746,-83.6459371875,39.6456951075,0.51943564414978,0.5678594989290725,2
747,-87.4292703695,38.8040284745,0.562984883785248,0.5553630260745606,2
748,0.079059463499988,44.3790282515,0.602708160877228,0.5929791063982213,2
749,-82.5376038985,40.7873617285,0.5330810546875,0.5721284890067155,2
750,-109.5459361515,33.4790286875,0.767705202102661,0.5333395802202052,2
751,-111.6042694025,42.4123616635,0.34064906835556,0.42944275661595527,2
752,-110.1376027945,43.2623616295,0.410375326871872,0.4186677801322422,2
753,-114.5542692845,43.5290282855,0.45969420671463,0.4327164241316665,2
754,-111.9459360555,44.3873615845,0.45969420671463,0.43436458156325153,2
755,-108.8126028475,42.5123616595,0.427060097455978,0.4267573632365526,2
756,-120.4292690495,45.9040281905,0.658333361148834,0.4875617257339202,2
757,-105.5542696445,42.5040283265,0.440304100513458,0.4726737501587241,2
758,-107.4126029035,40.3623617455,0.516099572181702,0.4708159006555332,2
759,148.3790535315,-25.5459689515,0.645392775535583,0.6581248293481932,2
760,-62.2959380415,-18.7459692235,0.763312339782715,0.615615027619366,2
761,-113.3459359995,45.4206948765,0.437587440013885,0.43544617035988514,2
762,-99.4792698875,32.9456953755,0.724089205265045,0.6621638615640807,2
763,-117.5792691635,47.3540281325,0.440121561288834,0.4875110038378285,2
764,-111.0626027575,47.1373614745,0.457924574613571,0.4377974074191495,2
765,-96.1876033525,36.6873618925,0.767705202102661,0.6026314474824057,2
766,-98.5709365905,36.2123619115,0.54717493057251,0.5813837175028644,2
767,-97.1876033125,34.5456953115,0.687028646469116,0.636183627647973,2
768,-92.7709368225,40.1790284195,0.572742462158203,0.57322246463023,2
769,-97.8459366195,30.9956954535,0.509645760059357,0.6709849420282806,2
770,-99.1709365665,44.7540282365,0.59914094209671,0.4975409714048639,2
771,-90.9459368955,39.5123617795,0.565840721130371,0.5712875274882006,2
772,-106.2126029515,48.0290281055,0.408438384532928,0.4609925863327103,2
773,-97.3876033045,43.0040283065,0.562638342380524,0.5351910424281208,2
774,-98.3209366005,44.6290282415,0.581285715103149,0.51497110129383,2
775,-93.6126034555,40.6956950655,0.581022262573242,0.5667054127919084,2
776,-92.8792701515,40.7623617295,0.605777442455292,0.5629779469619564,2
777,-89.9209369365,40.9623617215,0.611118495464325,0.5669721157068066,2
778,-97.2459366435,43.7790282755,0.534843862056732,0.5333357789790222,2
779,-99.2792698955,39.9790284275,0.42123281955719,0.5262124099247202,2
780,-98.0876032765,41.7540283565,0.565973401069641,0.5253678972632322,2
781,-99.3292698935,39.4373617825,0.412328094244003,0.5270134845976991,2
782,-95.5959367095,39.2540284565,0.590096652507782,0.5792753102033257,2
783,-94.2376034305,41.1040283825,0.52447897195816,0.553564418974106,2
784,-96.6292700015,34.4623619815,0.618162870407104,0.6195149774668842,2
785,-103.1376030745,48.2456947635,0.581285715103149,0.48421684223283035,2
786,-96.1959366855,42.0040283465,0.408438384532928,0.5433282539497957,2
787,-88.3876036645,40.2540284165,0.599915683269501,0.5706076188994119,2
788,-100.5042698465,48.5123614195,0.392515927553177,0.4689083703470801,2
789,-92.0709368505,39.4623617815,0.58678811788559,0.5763586024340395,2
790,-98.5959365895,39.4873617805,0.486051112413406,0.5344093488421807,2
791,-99.9459365355,40.7373617305,0.500695586204529,0.5211124614924574,2
792,-97.8376032865,41.1290283815,0.500695586204529,0.5476597627503295,2
793,-101.9292697895,48.9290280695,0.458057820796967,0.4694227660542643,2
794,-1.04594049150001,39.5790284435,0.700843572616577,0.6282281731210955,2
795,-121.5042690065,36.1040285825,0.693257212638855,0.5954735555028878,2
796,-5.82927363350001,37.7706951825,0.586789786815643,0.6548161667685038,2
797,9.48739242049999,39.2456951235,0.606798827648163,0.6311132711033398,2
798,-2.17927377949999,38.7123618115,0.510416746139526,0.5895868000603538,2
799,-7.87927355150001,39.2540284565,0.703000009059906,0.6770446834331486,2
800,-5.22927365750002,38.6873618125,0.714345395565033,0.6534334894982605,2
801,10.9457256955,44.4540282485,0.605434715747833,0.6035094894105054,2
802,-112.1042693825,42.7706949825,0.434822350740433,0.4590835423266052,2
803,-76.0959374895,-0.595969949500002,0.556140661239624,0.5903700768919908,2
804,-91.1042702225,33.9206953365,0.569893002510071,0.5620515189100092,2
805,-90.4626035815,31.3290287735,0.537280976772308,0.5301349479640498,2
806,-90.8042702345,32.5706953905,0.750454485416412,0.5552286453463025,2
807,3.62905932149999,48.6790280795,0.627837061882019,0.6149885656262052,2
808,-90.4042702505,31.9873620805,0.494163572788239,0.5334961123022762,2
809,152.3790533715,-30.0793021035,0.756343722343445,0.6521939672775887,2
810,-96.8126033275,30.9123621235,0.646733820438385,0.6785833970210892,2
811,26.0707250905,58.0873610365,0.464957267045975,0.4906463238390323,2
812,-86.7959370615,41.6706950265,0.580678045749664,0.5384988346730096,2
813,-90.1792702595,37.8873618445,0.56139874458313,0.571437380133184,2
814,13.1373922745,42.8040283145,0.622184038162231,0.5351069108992316,2
815,126.2623877495,34.4956953135,0.618838608264923,0.5800083526420236,2
816,126.4707210745,35.0790286235,0.490089058876038,0.5476812235965385,2
817,2.77072602249999,48.6873614125,0.612125992774963,0.584111724789187,2
818,-97.4376033025,28.7956955415,0.642944574356079,0.6748741835397887,2
819,1.35405941249999,46.8290281535,0.50644713640213,0.5655396856090765,2
820,-91.8042701945,32.6706953865,0.614856600761414,0.5579452877303926,2
821,-91.9126035235,44.3373615865,0.704161405563354,0.5480225841694442,2
822,-89.2126036315,36.3040285745,0.435962855815887,0.5508304390461837,2
823,-120.3792690515,38.1123618355,0.660222053527832,0.611335795732591,2
824,-109.5376028185,40.7290283975,0.441997826099396,0.430989389182969,2
825,-110.3959361175,40.5373617385,0.42379304766655,0.42122982367418255,2
826,-98.2292699375,32.3540287325,0.724089205265045,0.674782206475241,2
827,-122.0459356515,38.3540284925,0.75,0.6294391511019214,2
828,-97.3292699735,31.3373621065,0.724089205265045,0.6887488616389812,2
829,-99.1292699015,29.3873621845,0.695742845535278,0.6751365265752698,2
830,-96.9459366555,32.2373620705,0.672848761081696,0.6775666860955799,2
831,16.3623921455,38.5540284845,0.556398332118988,0.5659654785418518,2
832,14.5707255505,41.1873617125,0.605780899524689,0.6150930636477184,2
833,5.7123925715,43.5623616175,0.60951554775238,0.6434481263267599,2
834,14.6540588805,40.6956950655,0.790971875190735,0.6099470346721089,2
835,-89.9959369335,15.0040294265,0.589112758636475,0.5654169312322309,2
836,-7.03760691849999,5.1623631535,0.67893385887146,0.6128640532227498,2
837,-67.6709378265,-9.7459695835,0.580732464790344,0.5580508456425697,2
838,-74.7376042105,-9.4293029295,0.613191366195679,0.5538906964272197,2
839,-8.21260687150001,6.22069644449999,0.669719219207764,0.6180009067284332,2
840,-66.1792712195,0.837363326499997,0.649339199066162,0.5978178518205972,2
841,-67.7959378215,-16.2959693215,0.514550864696503,0.5765554045049047,2
842,-50.5792718435,-27.4543022085,0.621481716632843,0.5728892708135339,2
843,39.0873912365,-6.66263637350001,0.763103604316711,0.6280998944324611,2
844,101.6373887345,3.97069653449999,0.589929580688477,0.600197911432322,2
845,5.00405926650001,7.0040297465,0.682162463665009,0.6080712523819105,2
846,-76.4126041435,-6.5793030435,0.648822844028473,0.5860730689652194,2
847,-86.1709370865,31.8623620855,0.493027150630951,0.5353133425264549,2
848,-83.5959371895,33.0123620395,0.613445162773132,0.5299923618959713,2
849,-91.3542702125,37.0456952115,0.576029777526855,0.5518116220027487,2
850,-82.8709372185,38.0373618385,0.587976694107056,0.5453010585571245,2
851,-82.2626039095,37.4790285275,0.610612213611603,0.5314999879747686,2
852,-88.9459369755,35.1706952865,0.577082455158234,0.5510450074302093,2
853,-1.42094047649999,47.5456947915,0.487259835004807,0.5654062748781299,2
854,128.3707209985,38.2373618305,0.610817313194275,0.5352091175659035,2
855,-76.3042708145,45.6706948665,0.474569350481033,0.4863676932361405,2
856,-84.3709371585,36.8873618845,0.44679057598114,0.5488389462177646,2
857,178.2290523375,-38.2293017775,0.704039812088013,0.6049758552285548,2
858,-83.3626038655,33.5290286855,0.52175509929657,0.5263308456496515,2
859,-87.7209370245,33.7790286755,0.518386721611023,0.5294390999145411,2
860,-90.9292702295,37.4956951935,0.6085284948349,0.5651495310316196,2
861,-75.7709375025,46.6540281605,0.726408302783966,0.47916778649572606,2
862,-76.1959374855,44.4040282505,0.728316783905029,0.5475525495571104,2
863,8.90405911049999,49.9040280305,0.579120874404907,0.5579056898666238,2
864,-95.4292700495,47.4290281295,0.503331005573273,0.4661147853038006,2
865,1.2123927515,45.5290282055,0.575563788414001,0.5759456950201218,2
866,0.029059465500012,48.3706947585,0.696251392364502,0.5987447213556311,2
867,9.0540591045,47.2373614705,0.463872611522675,0.5290656091454538,2
868,-93.4792701275,47.2623614695,0.361444234848022,0.4685405648960701,2
869,-92.7126034915,37.8623618455,0.644371390342712,0.5788950843263911,2
870,-4.71260701150001,48.4373614225,0.59207159280777,0.5591233293416702,2
871,6.97072585449999,45.1790282195,0.48793637752533,0.46564275515593256,2
872,-123.7792689155,43.4790282875,0.460009038448334,0.5337972968989134,2
873,-94.5292700855,30.9873621205,0.493870288133621,0.5281752880773677,2
874,-121.8542689925,46.4873615005,0.460684269666672,0.4662570776158664,2
875,-93.4376034625,31.7206954245,0.498319536447525,0.5278296263119151,2
876,-123.0209356125,46.6623614935,0.389999985694885,0.5202526353444042,2
877,-83.9876038405,30.2790288155,0.46545422077179,0.5555452299200976,2
878,-92.5626034975,31.0123621195,0.610729336738586,0.5329808698080952,2
879,-87.2876037085,31.2873621085,0.48005011677742,0.532756724554201,2
880,6.86239252549998,44.5956949095,0.487532556056976,0.4610174783582683,2
881,-123.4876022605,39.1040284625,0.515707671642303,0.571681531241935,2
882,-116.8709358585,46.8623614855,0.458580404520035,0.45820834997917237,2
883,19.9540586685,49.2290280575,0.420257836580276,0.4708980265924074,2
884,-94.4209367565,33.3873620245,0.638865947723389,0.5383069459351162,2
885,-83.6959371855,30.8040287945,0.523843765258789,0.5315393400468256,2
886,-85.4709371145,31.1123621155,0.492953032255173,0.5367764282624695,2
887,-83.4126038635,31.9956954135,0.488000005483627,0.5290249602108724,2
888,31.2790582155,57.6790277195,0.554120063781738,0.49323583453154557,2
889,34.4790580875,59.3373609865,0.477901041507721,0.4748572146627193,2
890,-126.1959354855,65.6040274025,0.458860605955124,0.43986669002080814,2
891,-131.9959352535,58.2040276985,0.34064906835556,0.4578665508178345,2
892,-129.7959353415,57.8040277145,0.47708398103714,0.4416625521769717,2
893,-95.8626033655,34.1706953265,0.650635838508606,0.6029276944443785,2
894,-95.1126033955,34.1123619955,0.528612077236176,0.5651962565377486,2
895,5.51239257949999,61.9706942145,0.567638278007507,0.49933348212972234,2
896,-141.8292681935,63.0623608375,0.469838380813599,0.44220878416352155,2
897,-130.5959353095,65.2040274185,0.491051554679871,0.4508650758908757,2
898,2.41239270349999,41.8373616865,0.672832608222961,0.5945983796240054,2
899,9.4540590885,42.9290283095,0.766001760959625,0.6265647692487437,2
900,1.6957260655,42.0373616785,0.609636604785919,0.5994248285732122,2
901,-5.11260699550002,39.4540284485,0.50644713640213,0.6368563034390535,2
902,-3.05427374449999,6.53736309849999,0.52383279800415,0.6070698154837605,2
903,-69.8292710735,-13.4959694335,0.506914734840393,0.5684118267148952,2
904,-81.1959372855,39.4206951165,0.645418107509613,0.559332014325608,2
905,-3.7376070505,42.8790283115,0.477901041507721,0.5940336027068603,2
906,-8.48760686049999,42.1956950055,0.527520596981049,0.5727576712095173,2
907,-85.5626037775,33.8290286735,0.55000913143158,0.5257388570359399,2
908,-84.0209371725,35.1456952875,0.545424997806549,0.5304608408618655,2
909,-93.5792701235,34.5040286465,0.576624095439911,0.5458153266504943,2
910,175.3373857865,-39.1876350725,0.778951048851013,0.5774250797458641,2
911,-78.4209373965,38.3873618245,0.472023546695709,0.539025606598917,2
912,177.0790523835,-38.8543017525,0.609907448291779,0.5725002230407893,2
913,-87.8626036855,32.7790287155,0.473786115646362,0.5334109012887239,2
914,-79.5626040175,35.4706952745,0.508045196533203,0.5227498302981711,2
915,-92.0292701855,35.9373619225,0.529670894145966,0.5519667869887219,2
916,-76.5542708045,41.1456950475,0.532196164131165,0.5430448017602693,2
917,-79.7876040085,39.4790284475,0.536293268203735,0.5544665089955215,2
918,11.6040590025,52.8040279145,0.559024930000305,0.530085865510387,2
919,-96.3376033465,48.9790280675,0.39000928401947,0.44271647631831706,2
920,-105.3876029845,37.5790285235,0.42158055305481,0.43048204331503676,2
921,-115.2959359215,48.6956947455,0.441436022520065,0.4678072298666216,2
922,-115.2376025905,52.3206946005,0.426736444234848,0.4252704985722321,2
923,-106.7709362625,36.0456952515,0.401859968900681,0.4486028502016981,2
924,-121.1959356855,55.2040278185,0.428628325462341,0.42449193432161203,2
925,-123.9459355755,45.2623615495,0.399865031242371,0.5175637905371517,2
926,-121.3959356775,57.8040277145,0.458860605955124,0.4197350624287061,2
927,-121.3959356775,56.0040277865,0.392515927553177,0.41932452882081245,2
928,-6.4292736095,42.2790283355,0.477901041507721,0.5168478747659623,2
929,-50.1292718615,-26.9959688935,0.564399898052216,0.5598522388557097,2
930,-7.93760688250001,41.3373617065,0.500582933425903,0.567808146662097,2
931,-89.7292702775,34.1540286605,0.464396119117737,0.5454345267187116,2
932,-85.0459371315,45.5623615375,0.480691820383072,0.4925814238116997,2
933,-78.9709373745,35.6873619325,0.505145251750946,0.5142563515181573,2
934,-83.8376038465,33.8040286745,0.46524366736412,0.5262153144909233,2
935,-74.8876042045,42.4456949955,0.427998095750809,0.5373444803161747,2
936,10.5623923775,56.4373611025,0.570336639881134,0.5320977128200223,2
937,7.90405915049999,47.9040281105,0.478284984827042,0.5197104632043918,2
938,-94.3542700925,36.0706952505,0.570460259914398,0.583161943552521,2
939,-122.7209356245,40.8373617265,0.468996226787567,0.5371245557581409,2
940,-110.9209360965,45.4706948745,0.394395589828491,0.42280341015245093,2
941,-113.0209360125,48.0206947725,0.451996386051178,0.42843159937586467,2
942,-113.5042693265,47.2040281385,0.51080310344696,0.45632576571406774,2
943,-92.6876034925,33.8873620045,0.502895474433899,0.5337910604066674,2
944,-120.3792690515,39.3456951195,0.421766132116318,0.4592308457951963,2
945,-106.9376029225,44.5956949095,0.440672785043716,0.4331658429229052,2
946,-113.4126026635,47.6456947875,0.427193850278854,0.4488026347671162,2
947,-76.4542708085,38.2373618305,0.479619920253754,0.5264817435089089,2
948,-71.7292709975,49.2123613915,0.454958945512772,0.45584109042527443,2
949,-56.7959382615,53.0040279065,0.477888017892838,0.4629070358508541,2
950,-57.5959382295,54.0040278665,0.459384113550186,0.47601619637405723,2
951,-63.0292713455,49.2706947225,0.442538559436798,0.4580193243585158,2
952,-58.3292715335,51.8040279545,0.456641763448715,0.46096422234996526,2
953,-143.9542681085,61.4706942345,0.410866945981979,0.48182086146697994,2
954,-77.8042707545,49.2623613895,0.392510145902634,0.4478659999823592,2
955,5.33739258649999,59.5456943115,0.535841822624207,0.5059068875352797,2
956,-74.1292709015,5.17069648649999,0.612207651138306,0.5458129647949221,2
957,-71.3959376775,47.0206948125,0.701937556266785,0.4756892734536679,2
958,-73.6042709225,48.3956947575,0.445540457963943,0.4503722084157648,2
959,-87.8959370175,46.8623614855,0.524264276027679,0.47527155619734446,2
960,-68.0792711435,47.2206948045,0.43676745891571,0.4679501108900103,2
961,-91.5959368695,47.9623614415,0.474627286195755,0.4306593441389002,2
962,-74.7542708765,47.9040281105,0.46156919002533,0.4673788395646454,2
963,11.7373923305,59.2456943235,0.451871186494827,0.4757724544303985,2
964,-70.3292710535,44.3623615855,0.461973339319229,0.5136040096059443,2
965,-68.1542711405,45.2206948845,0.411006718873978,0.49418135006061464,2
966,-84.5959371495,47.4040281305,0.423681259155273,0.4521412717501808,2
967,-89.9626036015,46.5790281635,0.50272536277771,0.4661328447615315,2
968,5.6623925735,51.3123613075,0.596722960472107,0.5415982713732036,2
969,-74.8626042055,39.0540284645,0.499857932329178,0.5176022409333499,2
970,-66.9959378535,47.4040281305,0.434904724359512,0.47951064054037096,2
971,-73.3209376005,47.8706947785,0.422060579061508,0.45335705609977667,2
972,-95.1792700595,30.4040288105,0.498437464237213,0.524456689281662,2
973,-123.5959355895,49.6040280425,0.421002209186554,0.43758355491005957,2
974,-127.3959354375,53.4040278905,0.426300227642059,0.4505686348036147,2
975,-118.5959357895,50.2040280185,0.45969420671463,0.47294154306261604,2
976,-81.7792705955,31.1956954455,0.491833716630936,0.530671507596488,2
977,-80.7459373035,33.4706953545,0.62119847536087,0.5276289098278821,2
978,-82.5792705635,31.3123621075,0.558416604995728,0.5232396615491781,2
979,-75.8876041645,39.0873617965,0.535325646400452,0.5238865081337187,2
980,-68.4709377945,47.7123614515,0.5597904920578,0.4742703027748417,2
981,-68.3792711315,49.8623613655,0.451446950435638,0.45427669809000115,2
982,-69.6209377485,50.8206946605,0.458065867424011,0.45403531416756737,2
983,12.4873923005,60.2206942845,0.514589965343475,0.46450981241446204,2
984,-70.3042710545,49.2790280555,0.470992207527161,0.4581224467413983,2
985,-108.3126028675,54.8540278325,0.420408219099045,0.417857988535024,2
986,-62.4792713675,51.7873612885,0.456135272979736,0.4543303228919147,2
987,-75.4959375135,51.5623612975,0.424792647361755,0.4484665143645033,2
988,-107.2292695775,54.4623611815,0.420823454856873,0.4189753517925685,2
989,-102.0792697835,53.4206945565,0.461598783731461,0.4272146837177362,2
990,-93.1959368055,51.6040279625,0.441526025533676,0.44925875222891093,2
991,-82.9959372135,48.6040280825,0.460915774106979,0.44719454776723777,2
992,-115.3376025865,56.1123611155,0.393404871225357,0.41578875949861027,2
993,29.6373916145,61.2790275755,0.429053276777267,0.4800409918216844,2
994,-116.7959358615,56.2040277785,0.419999986886978,0.41907643483072327,2
995,-50.6709385065,-26.9959688935,0.553377211093903,0.5718429096793024,2
996,-72.9042709505,41.9873616805,0.514352381229401,0.515457473281775,2
997,-70.4709377145,43.8373616065,0.508925557136536,0.49897742292934233,2
998,-71.8292709935,42.5040283265,0.43209770321846,0.5168288768192845,2
999,-74.4126042235,44.8873615645,0.544399917125702,0.5214925090910837,2
1000,-88.5376036585,31.0790287835,0.535416722297668,0.5259579238038304,2
1001,9.9290590695,62.6456941875,0.591212034225464,0.48970054006332675,2
1002,170.4540526485,-45.8126348075,0.542965114116669,0.6088590671736049,2
1003,7.21239251149998,61.4290275695,0.480743050575256,0.4880387450357887,2
1004,6.02905922549999,61.4623609015,0.485201567411423,0.5053913112231219,2
1005,-71.1959376855,42.8623616455,0.533364117145538,0.5116615190816595,2
1006,-5.2709403225,43.0623616375,0.506829023361206,0.5145728599199487,2
1007,-72.0959376495,50.7790279955,0.458860605955124,0.4527073304179581,2
1008,-64.4792712875,51.5873612965,0.458464086055756,0.4530792345855047,2
1009,31.0457248915,67.6123606555,0.491321325302124,0.4816767015789106,2
1010,29.7873916085,69.5040272465,0.478684425354004,0.5222561969841341,2
1011,26.8040583945,70.0040272265,0.591212034225464,0.5448587955553054,2
1012,-8.56260685750001,38.5456951515,0.636187016963959,0.6627448561398204,2
1013,-75.1292708615,48.9623614015,0.457182198762894,0.44988137246783455,2
1014,-71.9292709895,-38.6043017625,0.58263486623764,0.5490304245170488,2
1015,27.7873916885,57.8623610455,0.782903909683228,0.49356862976776766,2
1016,-121.4459356755,47.1206948085,0.458473891019821,0.4552419997496798,2
1017,-115.4542692485,48.2040280985,0.436463177204132,0.4590785550056675,2
1018,-114.8209359405,45.6790281995,0.435285955667496,0.4243925473323168,2
1019,-115.5626025775,47.2206948045,0.42190158367157,0.455440951209098,2
1020,-115.0459359315,46.1706948465,0.429400205612183,0.4407886253019194,2
1021,-116.2459358835,48.0790281035,0.458812594413757,0.44111973664463644,2
1022,-115.6876025725,46.7123614915,0.43426126241684,0.4501644948769221,2
1023,-120.0959357295,48.1040281025,0.440121561288834,0.45239262113134754,2
1024,-116.8626025255,48.8956947375,0.34364840388298,0.42992653726259855,2
1025,-78.4709373945,49.7706947025,0.439078062772751,0.4488377882820448,2
1026,-111.3959360775,56.4040277705,0.370948135852814,0.4198739936947537,2
1027,-78.8709373785,50.3956946775,0.433858901262283,0.4491393044693536,2
1028,-98.3542699325,55.2956944815,0.427338659763336,0.44258131113117855,2
1029,-139.1959349655,68.2040272985,0.458860605955124,0.4504151860036576,2
1030,-82.3292705735,27.3123622675,0.620854496955872,0.5358369763977531,2
1031,-75.7792708355,49.1123613955,0.462764918804169,0.4490445207994538,2
1032,-128.5959353895,52.8040279145,0.441981434822083,0.45594416730596976,2
1033,32.9540581485,64.7040274385,0.520429730415344,0.4737221158676389,2
1034,31.5623915375,63.8623608055,0.475564926862717,0.47543923814202327,2
1035,33.2373914705,67.0040273465,0.423883050680161,0.4849502136305931,2
1036,-121.7959356615,64.4040274505,0.442185521125793,0.4414227558469678,2
1037,-118.9959357735,65.6040274025,0.42190033197403,0.45749833836836357,2
1038,-121.1959356855,62.0040275465,0.45505827665329,0.4398590889345565,2
1039,-123.9959355735,65.4040274105,0.466822624206543,0.4425551532515299,2
1040,-0.595940509499997,44.0956949295,0.50644713640213,0.5550602279017495,2
1041,-119.7959357415,57.4040277305,0.431305348873138,0.4207019016184929,2
1042,-133.1959352055,67.8040273145,0.458860605955124,0.4515214189646403,2
1043,37.4540579685,-3.2209698445,0.503747880458832,0.5551178615627215,2
1044,145.2790536555,-35.8376352065,0.714345395565033,0.6703101930301809,3
1045,-105.6542696405,46.4123615035,0.443830162286758,0.46043422116749755,3
1046,-2.5209404325,41.6373616945,0.512709259986877,0.6189468438672628,3
1047,-2.9792737475,37.4706951945,0.606798827648163,0.6120864215398085,3
1048,0.020726132499988,42.1123616755,0.61075359582901,0.6442009360563972,3
1049,-2.78760708850001,40.7956950615,0.788974702358246,0.6134562320080488,3
1050,-5.0792736635,40.9373617225,0.597933948040009,0.6146170812646546,3
1051,-108.1709362065,35.5790286035,0.565371692180634,0.508422436465603,3
1052,-117.8626024855,39.5706951105,0.48439833521843,0.4973286933546461,3
1053,-118.2959358015,35.2456952835,0.671780109405518,0.5868719543252824,3
1054,-87.2292703775,32.2706954025,0.390536487102509,0.5289479525501928,3
1055,9.70405907849999,50.8040279945,0.534496486186981,0.5331785292065486,3
1056,4.5040592865,52.2040279385,0.602287948131561,0.536781583532799,3
1057,-120.4042690505,43.9290282695,0.512682497501373,0.4795765531858054,3
1058,-108.9626028415,33.0206953725,0.531654000282288,0.5689660163622144,3
1059,-119.3626024255,43.7040282785,0.440121561288834,0.45362720843763965,3
1060,-106.2459362835,37.4456951955,0.432411730289459,0.4293493553949193,3
1061,-120.9542690285,44.6706949065,0.512682497501373,0.5366994007575858,3
1062,150.0623867975,-28.2959688415,0.62187135219574,0.6562379536594899,3
1063,-104.2792696955,42.8540283125,0.443899482488632,0.4609120147157358,3
1064,-104.0459363715,45.4623615415,0.396124988794327,0.4560096581667829,3
1065,-102.6959364255,48.7790280755,0.392515927553177,0.4481573966102323,3
1066,-102.0376031185,39.9790284275,0.408438384532928,0.486708594284222,3
1067,-89.4959369535,38.7790284755,0.548592627048492,0.5741207133472078,3
1068,-120.3459357195,35.8956952575,0.676557004451752,0.6327130463976446,3
1069,-108.9876028405,31.4790287675,0.629839718341827,0.6007281151486554,3
1070,-99.8542698725,27.8540289125,0.724089205265045,0.6927197023360885,3
1071,-113.2126026715,35.1290286215,0.509938538074493,0.5651385262004557,3
1072,-70.0959377295,-12.5959694695,0.512191295623779,0.569740094614067,3
1073,-89.3126036275,32.1956954055,0.494487643241882,0.5342763465688262,3
1074,175.5290524455,-36.7376351705,0.640231490135193,0.5814142498554616,3
1075,22.6707252265,58.8790276715,0.544239223003387,0.4921529488424926,3
1076,-76.5959374695,42.5790283235,0.52799928188324,0.5446855957400115,3
1077,-90.6209369085,45.1290282215,0.425558000802994,0.48608832965976,3
1078,-84.4792704875,42.2040283385,0.518513560295105,0.5292232266852551,3
1079,0.879059431499996,43.2456949635,0.583091676235199,0.6215221832224833,3
1080,-85.0042704665,39.6373617745,0.709007859230042,0.5707232527145435,3
1081,-84.2042704985,39.5290284455,0.616863012313843,0.5613838740755496,3
1082,1.25405941649998,48.8206947405,0.654327929019928,0.5791988214129424,3
1083,-0.887607164499997,46.6040281625,0.594079375267029,0.5757266319569151,3
1084,10.1040590625,48.0040281065,0.470452398061752,0.5297287205713727,3
1085,-84.9709371345,39.1706951265,0.73076343536377,0.5773223899985733,3
1086,-86.8626037255,39.0373617985,0.591241359710693,0.5705511600031258,3
1087,-1.49594047350001,46.4040281705,0.607405066490173,0.5440142695883973,3
1088,7.40405917050001,49.7040280385,0.594534695148468,0.5795998111328107,3
1089,-84.8792704715,41.5123616995,0.617256820201874,0.5394856954914803,3
1090,-85.5792704435,40.1706950865,0.586527109146118,0.5572967944280479,3
1091,-73.6376042545,43.1956949655,0.4689801633358,0.539466214167074,3
1092,9.1040591025,52.3040279345,0.603749394416809,0.5494171575352533,3
1093,-115.9709358945,43.9540282685,0.437369912862778,0.4598469863852949,3
1094,-106.2542696165,34.8290286335,0.570259809494019,0.5180455410565458,3
1095,6.7207258645,46.3873615045,0.499759584665298,0.5122822898397124,3
1096,-107.3709362385,40.8123617275,0.403276294469833,0.4228415081970241,3
1097,-114.0542693045,44.2623615895,0.45969420671463,0.4477160987802302,3
1098,-114.3959359575,50.8040279945,0.412886261940002,0.4350810403978021,3
1099,-128.3959353975,65.4040274105,0.458860605955124,0.44829591615516856,3
1100,-123.5959355895,61.8040275545,0.417730808258057,0.44136356610718325,3
1101,138.0873872765,-18.0126359195,0.698679506778717,0.6705619231702975,3
1102,149.2373868305,-25.6376356145,0.763307571411133,0.6561469192204455,3
1103,-100.4709365145,41.0123617195,0.45517897605896,0.4981721268165627,3
1104,-100.0126031995,29.3456955195,0.627615988254547,0.6820264554587966,3
1105,-98.1376032745,29.8623621655,0.722529232501984,0.6633312088917676,3
1106,-112.5876026965,45.0040282265,0.452545464038849,0.4255077145391121,3
1107,-101.0876031565,52.5956945895,0.42076912522316,0.42397420115651985,3
1108,-96.1209366885,38.7873618085,0.500133097171783,0.5683160505382188,3
1109,-96.9542699885,36.4706952345,0.681242346763611,0.6007064057254783,3
1110,-101.6209364685,48.3706947585,0.539883732795715,0.4939429050609051,3
1111,-93.4459367955,43.9623616015,0.563814103603363,0.5356854847912467,3
1112,-95.0709367305,38.1706951665,0.775858104228973,0.5929603269424312,3
1113,-97.6126032955,42.1623616735,0.458057820796967,0.5241881538284041,3
1114,-105.1542696605,48.0790281035,0.408438384532928,0.4734573044759619,3
1115,-99.4876032205,37.2790285355,0.408231526613235,0.531777495478649,3
1116,-98.9376032425,43.2206949645,0.520201444625854,0.5222219787780066,3
1117,-101.4292698095,47.4706947945,0.409199327230453,0.4879029909002789,3
1118,-94.6292700815,41.9706950145,0.567272841930389,0.533970748133644,3
1119,-90.0292702655,39.0623617975,0.424205124378204,0.5779064761344771,3
1120,-93.6376034545,38.4206951565,0.514150619506836,0.586949853473567,3
1121,-87.7042703585,40.6290284015,0.572644114494324,0.5653804289567619,3
1122,-98.7709365825,46.5706948305,0.518048048019409,0.522516707644305,3
1123,-96.7876033285,41.0290283855,0.519662797451019,0.5554345973117949,3
1124,-94.2792700955,38.3623618255,0.635626256465912,0.5779344109778264,3
1125,9.41239242349999,40.9956950535,0.646593868732452,0.6390074962982759,3
1126,-117.7042691585,33.7623620095,0.666599988937378,0.6566459308934838,3
1127,-4.6292736815,38.8790284715,0.50644713640213,0.6274552280056088,3
1128,-5.40427365049999,41.7790283555,0.518863379955292,0.6354487131791671,3
1129,-6.3209402805,36.8540285525,0.586789786815643,0.6203078601171084,3
1130,-0.629273841500009,38.7623618095,0.606798827648163,0.6295867660038624,3
1131,-72.7459376235,-4.2459698035,0.551504254341125,0.5910104452380157,3
1132,-62.6126046955,-14.6293027215,0.471911489963531,0.6136988549319737,3
1133,-75.4959375135,6.10402978249999,0.476095765829086,0.5508731748539726,3
1134,-74.9126042035,8.3373630265,0.591838955879211,0.5556575250009161,3
1135,-67.1459378475,18.4290292895,0.300325900316238,0.575337667837732,3
1136,-79.9626040015,-1.9959698935,0.339501172304153,0.585891751869882,3
1137,107.8123884875,15.4040294105,0.510154247283936,0.5740063463737465,3
1138,-60.6959381055,-14.6293027215,0.572253882884979,0.6008564619453425,3
1139,-61.8626047255,-16.7043026385,0.679511487483978,0.6649230978752833,3
1140,107.8457218195,15.8790293915,0.569999992847443,0.558067408835648,3
1141,-90.1959369255,47.7873614485,0.46096870303154,0.45226754132150654,3
1142,23.8123918475,52.7956945815,0.44550633430481,0.48234448579277583,3
1143,-75.1626041935,40.5040284065,0.613282918930054,0.5582589826432696,3
1144,18.2207254045,48.9623614015,0.645123243331909,0.5654672178047057,3
1145,149.9373868025,-36.5959685095,0.689139902591705,0.6832355728374847,3
1146,152.4623867015,-25.6709689465,0.787131786346436,0.7091222965733585,3
1147,112.0707216505,36.6540285605,0.4136603474617,0.46115298937819105,3
1148,29.1707249665,56.0956944495,0.586835503578186,0.5087114636763223,3
1149,96.1040556225,27.4206955965,0.515347242355347,0.5567921715984312,3
1150,-84.6376038145,38.4706951545,0.543145298957825,0.5791288921157275,3
1151,-90.3709369185,43.6706949465,0.764123201370239,0.5505537102487229,3
1152,9.50405908650001,49.6040280425,0.554169774055481,0.5720605557909707,3
1153,-0.829273833499997,47.2540281365,0.588780701160431,0.5763686146889015,3
1154,5.7790592355,46.8873614845,0.604116559028625,0.582344471299438,3
1155,127.0457210515,34.6790286395,0.614779472351074,0.5662528966517296,3
1156,8.50405912650001,48.1040281025,0.454788982868195,0.565265672243799,3
1157,-84.0292705055,38.5623618175,0.526054382324219,0.5848517817460543,3
1158,-90.6209369085,42.5123616595,0.423457264900208,0.5532099007342791,3
1159,-86.2709370825,36.2706952425,0.572787761688232,0.5664319282902788,3
1160,-3.07094041050001,48.7206947445,0.601235628128052,0.5573020149276086,3
1161,-91.9459368555,34.2206953245,0.609550654888153,0.555139087213813,3
1162,91.8207224605,27.6456955875,0.492363601922989,0.47025830400953705,3
1163,11.5040590065,47.5040281265,0.420257836580276,0.46533297539419727,3
1164,10.2123923915,59.4956943135,0.438353598117828,0.4923245738686454,3
1165,13.1040589425,-5.6209697485,0.615512132644653,0.6099253814899568,3
1166,-122.2126023115,40.5206950725,0.734195232391357,0.6038990435474688,3
1167,-103.4792697275,44.3206949205,0.447849631309509,0.46559079948664045,3
1168,-97.7792699555,33.3790286915,0.684280931949615,0.6641083798141497,3
1169,-100.5626031775,43.4373616225,0.596927106380463,0.4779473679903117,3
1170,-88.0126036795,41.1790283795,0.63861209154129,0.5450633672081973,3
1171,35.9207246965,7.4956963935,0.510295271873474,0.5860957674818285,3
1172,12.4373923025,42.3040283345,0.647088766098022,0.6255400930065167,3
1173,3.77072598250001,43.8540282725,0.725431978702545,0.6347574539066252,3
1174,14.7873922085,41.8706950185,0.567941665649414,0.635032322499337,3
1175,-98.8626032455,28.7540288765,0.724089205265045,0.6871069724133049,3
1176,-68.7959377815,-10.7959695415,0.608049392700195,0.5699742397482733,3
1177,-75.4126041835,-11.0793028635,0.585824847221375,0.5768896569261435,3
1178,-58.4709381945,-10.4793028875,0.543442368507385,0.6037556621534736,3
1179,-3.57927372349999,5.89569645749999,0.64708286523819,0.625590427010632,3
1180,-76.5459374715,3.6373632145,0.49911767244339,0.5506524266118651,3
1181,-90.2626035895,37.3706951985,0.537913203239441,0.5630949827575158,3
1182,-91.0792702235,38.0040285065,0.58427482843399,0.564745299496703,3
1183,-84.7126038115,36.4956952335,0.537099540233612,0.5286252702751353,3
1184,94.1873890325,27.9956955735,0.548489809036255,0.5540117098453633,3
1185,175.3040524545,-40.8293016735,0.572401940822601,0.5894243932214329,3
1186,152.3707200385,-31.2376353905,0.675775945186615,0.6311359889971415,3
1187,176.0207190925,-40.0376350385,0.773403942584991,0.5780104793124294,3
1188,-0.762607169500001,48.3040280945,0.677522897720337,0.5879004507333161,3
1189,32.0707248505,57.3790277315,0.449041187763214,0.4961904085746228,3
1190,3.9123926435,45.8123615275,0.45969420671463,0.5635295734457972,3
1191,-1.02094049249999,48.8206947405,0.480684638023376,0.5759366190673108,3
1192,-91.5792702035,36.5373618985,0.712100327014923,0.5631171755597149,3
1193,-88.6126036555,36.4373619025,0.565690934658051,0.5394801521044972,3
1194,7.3040591745,50.2040280185,0.661354422569275,0.5813517040447291,3
1195,-75.8292708335,40.1373617545,0.481294453144073,0.5640794223367199,3
1196,-91.5459368715,37.5873618565,0.580255806446075,0.5714930994603531,3
1197,-88.3459369995,36.9373618825,0.607933223247528,0.5522507335007946,3
1198,-94.6709367465,47.6623614535,0.435863137245178,0.4494800816707199,3
1199,127.3623877055,38.2456951635,0.526000022888184,0.5358295253090779,3
1200,-77.2792707755,39.3373617865,0.532040238380432,0.5638116305039989,3
1201,-122.7292689575,43.8373616065,0.455215364694595,0.5151840999537823,3
1202,-116.7292691975,46.2290281775,0.440121561288834,0.4537976120519479,3
1203,-92.6126034955,33.0290287055,0.53407222032547,0.5244477346062696,3
1204,-84.4626038215,31.4123621035,0.604427874088287,0.5322550380608775,3
1205,-116.3459358795,46.5956948295,0.440785318613052,0.4610312524664233,3
1206,-87.2792703755,30.8290287935,0.51976352930069,0.5122651143793484,3
1207,-124.1126022355,43.0540283045,0.459798693656921,0.5315775943436337,3
1208,-81.4209372765,27.5790289235,0.488000005483627,0.5827071862544584,3
1209,-131.3959352775,65.6040274025,0.458860605955124,0.4481037259122683,3
1210,-134.3959351575,59.6040276425,0.400529116392136,0.4427404501590433,3
1211,33.8457247795,61.5123608995,0.439096510410309,0.48424993780679604,3
1212,-101.6292698015,37.9373618425,0.603592991828918,0.5214155858721987,3
1213,-98.7626032495,41.8540283525,0.581285715103149,0.5061313715947986,3
1214,-135.8459350995,59.5123609795,0.449999988079071,0.5038414812925035,3
1215,-144.2792680955,61.0206942525,0.490130811929703,0.47626978373462464,3
1216,-3.47927372750001,37.7540285165,0.614308714866638,0.5803626238714881,3
1217,-51.4292718095,-1.72096990450001,0.69493579864502,0.6152006086910411,3
1218,-39.1209389685,-14.4793027275,0.598373115062714,0.6049219394793495,3
1219,-79.5459373515,37.8206951805,0.589478969573975,0.5357217467196503,3
1220,-4.71260701150001,42.8706949785,0.477901041507721,0.4878340422638263,3
1221,-79.9792706675,38.1456951675,0.376433223485947,0.5522087140587115,3
1222,-85.8876037645,33.1373620345,0.597127139568329,0.5251539813590017,3
1223,-94.4959367535,34.2373619905,0.548055529594421,0.5407528240374696,3
1224,-86.6209370685,38.1373618345,0.496274650096893,0.5660154190152948,3
1225,-81.4209372765,35.1123619555,0.534742593765259,0.5183407980013448,3
1226,16.8123921275,50.0290280255,0.43834525346756,0.48959530079328045,3
1227,-79.1709373665,38.8790284715,0.543607473373413,0.543222372027747,3
1228,127.3540543725,36.1206952485,0.618445694446564,0.5510019962793198,3
1229,149.8790534715,-35.5709685505,0.659931659698486,0.657150617459896,3
1230,-83.8209371805,36.7540285565,0.394980162382126,0.5488823359773091,3
1231,-78.8126040475,36.9206952165,0.474628150463104,0.5428680096036668,3
1232,-80.7209373045,34.5040286465,0.491871207952499,0.5332367062348182,3
1233,-95.2459367235,35.0290286255,0.653183043003082,0.5902085193531442,3
1234,-79.2792706955,39.6956951055,0.587729513645172,0.5483719607263988,3
1235,-86.7792703955,38.5790284835,0.515758574008942,0.5757915141745515,3
1236,-82.0792705835,35.1623619535,0.480648994445801,0.5282004031533889,3
1237,-80.7959373015,44.4040282505,0.392958283424377,0.5086667852126511,3
1238,-77.7459374235,36.5373618985,0.489933997392654,0.5165062914757598,3
1239,-2.5209404325,47.8123614475,0.544881463050842,0.5663340653201409,3
1240,11.0040590265,50.7040279985,0.463034212589264,0.5598393865901587,3
1241,-80.7626039695,36.0706952505,0.474573791027069,0.5330219401894071,3
1242,-82.1626039135,38.4456951555,0.508498191833496,0.578067089883679,3
1243,-77.8042707545,39.8373617665,0.569135963916779,0.5752482155757234,3
1244,-120.6876023725,42.0373616785,0.427056878805161,0.449600436228501,3
1245,-106.7459362635,40.5706950705,0.379031896591187,0.42201399064309975,3
1246,-124.1626022335,47.2290281375,0.443385362625122,0.511713334466783,3
1247,-124.6376022145,48.3373614265,0.43180638551712,0.5259575189068602,3
1248,-115.0542692645,51.4540279685,0.427048474550247,0.42482413938127833,3
1249,-120.9959356935,50.6040280025,0.41954493522644,0.4331630953901075,3
1250,-121.5959356695,51.2040279785,0.445629864931107,0.43651070659533747,3
1251,24.6207251485,45.6373615345,0.420306384563446,0.4566268587474461,3
1252,22.5373918985,49.0790280635,0.629095435142517,0.4974276296655934,3
1253,-107.8292695535,39.1790284595,0.38190084695816,0.42483866621146543,3
1254,-107.6376028945,39.9456950955,0.571099400520325,0.45311039231921185,3
1255,-131.3959352775,58.8040276745,0.527999997138977,0.4353529665512993,3
1256,-124.5959355495,56.8040277545,0.353626877069473,0.4230689178405945,3
1257,-127.9959354135,59.4040276505,0.423553824424744,0.42493079595947597,3
1258,-133.1959352055,59.4040276505,0.527999997138977,0.4349461395395993,3
1259,-111.9959360535,57.8040277145,0.458860605955124,0.4337642542174519,3
1260,24.4540584885,70.1040272225,0.591212034225464,0.5490071723208167,3
1261,-54.9876050005,5.5040298065,0.518073201179504,0.6090129394345298,3
1262,2.06239271749999,42.6956949855,0.478606760501862,0.49614501369738284,3
1263,-80.1876039925,34.8873619645,0.517739951610565,0.5176039623649821,3
1264,-86.6376037345,32.4706953945,0.498123049736023,0.5398749756445178,3
1265,15.5957255095,49.1290280615,0.421204209327698,0.49900535604239954,3
1266,-94.9209367365,35.6790285995,0.637363433837891,0.5906542782425577,3
1267,-75.4459375155,41.0623617175,0.472488164901733,0.5282661526997681,3
1268,-86.1126037555,43.5706949505,0.511460721492767,0.5074512180458708,3
1269,-76.1376041545,43.5873616165,0.63704240322113,0.5328900866180526,3
1270,-83.9626038415,43.6873616125,0.464820802211761,0.5205272214494798,3
1271,17.6040587625,50.0290280255,0.479422718286514,0.5101377090939736,3
1272,-78.5292707255,42.3873616645,0.463798940181732,0.5512896589721376,3
1273,-122.9959356135,41.7206950245,0.4711734354496,0.5666013358710389,3
1274,-88.1376036745,31.3790287715,0.491258561611176,0.5179435288828718,3
1275,-144.6459347475,60.3040276145,0.390979200601578,0.46088725342884623,3
1276,-123.3292689335,40.5540284045,0.461963176727295,0.46784253075394855,3
1277,-124.3959355575,53.2040278985,0.462657004594803,0.42845561768975515,3
1278,9.8623924055,46.4956948335,0.483345925807953,0.4813505403584108,3
1279,-122.9959356135,54.8040278345,0.411576896905899,0.4168691957836576,3
1280,-118.9792691075,37.0373618785,0.43205714225769,0.4632452580965806,3
1281,-75.9709374945,38.5040284865,0.530795633792877,0.5198423411934651,3
1282,-80.7959373015,50.0040280265,0.458860605955124,0.44236472244973735,3
1283,-80.1959373255,49.6040280425,0.427618145942688,0.4463549816846227,3
1284,-76.2376041505,52.3456945995,0.438210546970367,0.44677563809274307,3
1285,-80.5959373095,49.2040280585,0.458860605955124,0.4451614253622851,3
1286,-62.3959380375,53.2040278985,0.456125974655151,0.4544560641398928,3
1287,15.3373921865,68.0706939705,0.593798935413361,0.47318580442423885,3
1288,-7.3709402385,40.9956950535,0.556367635726929,0.5680732742681283,3
1289,-84.2376038305,44.7206949045,0.420685976743698,0.4726804201010355,3
1290,-78.5626040575,46.6873614925,0.703733921051025,0.45915482138994107,3
1291,-70.3542710525,46.3623615055,0.412290424108505,0.48283040589991244,3
1292,-69.5376044185,47.4373614625,0.400875717401505,0.49013702711161933,3
1293,-85.5876037765,46.2206948445,0.448897838592529,0.4854294251382267,3
1294,-74.8626042055,43.7873616085,0.73650723695755,0.5151254006918483,3
1295,-70.0292710655,44.9706948945,0.734854876995087,0.49981870322446453,3
1296,-79.1709373665,46.9040281505,0.43150395154953,0.4623037621171488,3
1297,-71.3542710125,43.8040282745,0.515306413173676,0.5066674875376278,3
1298,-69.3042710945,46.6123614955,0.376433223485947,0.4898761491354648,3
1299,-71.9542709885,46.7290281575,0.556752622127533,0.5041964092678022,3
1300,12.9040589505,50.5040280065,0.426696181297302,0.49445429219558645,3
1301,-81.7959372615,47.0040281465,0.472714453935623,0.4321129116316988,3
1302,9.20405909850001,54.2040278585,0.508196115493774,0.5235515465429269,3
1303,-64.9959379335,44.2040282585,0.381666660308838,0.48547866103008636,3
1304,-71.6626043335,45.4790282075,0.575544774532318,0.504749053409615,3
1305,-73.6542709205,46.6290281615,0.426327019929886,0.4627754325162364,3
1306,-83.7876038485,45.9706948545,0.685704529285431,0.4781810919665217,3
1307,-83.7376038505,45.0873615565,0.518996775150299,0.4863290914107979,3
1308,-72.7042709585,46.4706948345,0.418077856302261,0.5015630585422799,3
1309,4.3207259605,51.4623613015,0.607946693897247,0.543766745724115,3
1310,9.67905907950001,56.3623611055,0.548650681972504,0.5345921579651851,3
1311,-117.3959358375,51.6040279625,0.394162029027939,0.44402741405322754,3
1312,-77.8292707535,34.3623619855,0.533333361148834,0.5177149888141275,3
1313,-71.1959376855,49.5540280445,0.458175987005234,0.4669707186564599,3
1314,-60.9292714295,51.0623613175,0.454011201858521,0.45752727696687634,3
1315,-70.3792710515,50.7123613315,0.457052439451218,0.4539702959339803,3
1316,-66.5709378705,51.1706946465,0.454312592744827,0.4549672553762701,3
1317,13.5623922575,64.5540274445,0.496110647916794,0.5054082032308407,3
1318,-108.3459361995,53.7540278765,0.396836817264557,0.4148301515798491,3
1319,-85.5959371095,48.2040280985,0.468821704387665,0.45320609201598816,3
1320,-86.9959370535,51.6040279625,0.458860605955124,0.4466013514870967,3
1321,-113.3459359995,55.4040278105,0.423044204711914,0.4166300942107375,3
1322,-106.8542695925,55.4540278085,0.458860605955124,0.4312608447867003,3
1323,-90.1959369255,50.6040280025,0.44007197022438,0.4433405274322733,3
1324,-81.1959372855,48.4040280905,0.41574838757515,0.43712626212171357,3
1325,-129.5959353495,55.4040278105,0.464318484067917,0.4463944010675873,3
1326,-50.6709385065,-28.2626355095,0.629860103130341,0.5886312629518835,3
1327,-51.1209384885,-27.8126355275,0.651315867900848,0.5725649659197293,3
1328,-51.4792718075,-26.6376355745,0.542491018772125,0.5693184709480257,3
1329,-74.9459375355,43.3040282945,0.537821531295776,0.516365242089851,3
1330,-72.8292709535,42.4456949955,0.566936552524567,0.5055932244309171,3
1331,169.3457193595,-43.7709682225,0.563095033168793,0.5987589417078806,3
1332,-65.1959379255,45.8040281945,0.493033021688461,0.4939269901766118,3
1333,26.4790584075,57.6956943855,0.472791969776154,0.4817406381573922,3
1334,18.1957254055,51.5456946315,0.477901041507721,0.5172014129179087,3
1335,-65.1959379255,48.8040280745,0.457817018032074,0.46367397634691887,3
1336,-101.3959364775,56.2040277785,0.4217808842659,0.4421289337970223,3
1337,-95.7959367015,55.0040278265,0.434069216251373,0.44674702850902626,3
1338,-146.8292679935,64.8540274325,0.411218255758286,0.44829896181243173,3
1339,-80.9126039635,25.7873623285,0.395847827196121,0.5650031235242242,3
1340,8.79572578150001,60.6290276015,0.483961701393127,0.48665303365827517,3
1341,8.8707257785,62.6206941885,0.572918713092804,0.4970067606754064,3
1342,-77.1876041125,46.4873615005,0.473104506731033,0.4727084558655017,3
1343,-70.6376043745,42.6706949865,0.580697536468506,0.49970120993552347,3
1344,6.4123925435,52.3706945985,0.489270269870758,0.5429203012684553,3
1345,9.9873924005,60.1456942875,0.499119848012924,0.4699001339203958,3
1346,9.19572576549999,61.0540275845,0.427374690771103,0.4782381410092914,3
1347,-150.9042678305,60.1290276215,0.4518021941185,0.4509592111709319,3
1348,-96.5959366695,53.4040278905,0.458860605955124,0.44580634988955564,3
1349,-82.5959372295,50.0040280265,0.466020077466965,0.43928171309755565,3
1350,-96.7959366615,55.0040278265,0.455797851085663,0.4468832824615917,3
1351,-74.1042709025,48.8956947375,0.438678681850433,0.45134003291542385,3
1352,-94.0126034395,48.0123614395,0.362191051244736,0.4351764065515201,3
1353,10.2040590585,52.6040279225,0.496212124824524,0.5258371234481738,3
1354,-114.0459359715,45.7623615295,0.45969420671463,0.44205038048028006,3
1355,-115.4792692475,44.2706949225,0.424934685230255,0.4307104141741431,3
1356,-74.5542708845,49.4456947155,0.458860605955124,0.44856208794742447,3
1357,-78.1292707415,50.5373613385,0.458547174930573,0.4482768801514794,3
1358,-61.5876047365,50.1456946875,0.484021842479706,0.4524545883409609,3
1359,-111.8376027265,55.3290278135,0.419999986886978,0.41789646822023396,3
1360,-74.7542708765,50.3123613475,0.440556168556213,0.45157556841304825,3
1361,32.1290581815,62.7040275185,0.469626575708389,0.481609714058142,3
1362,29.3623916255,60.2706942825,0.447648972272873,0.49086587973442514,3
1363,-71.9876043205,45.0290282255,0.42377495765686,0.507571105847767,3
1364,-71.3209376805,46.1623615135,0.417736649513245,0.5020527062033495,3
1365,-76.2792708155,35.8123619275,0.43679091334343,0.5152598192139265,3
1366,-132.3959352375,53.4040278905,0.439661681652069,0.486736023098403,3
1367,-128.5959353895,53.4040278905,0.414291769266129,0.45557338715770024,3
1368,-82.3542705725,30.4123621435,0.515760719776154,0.537239363151839,3
1369,-135.9209350965,58.0540277045,0.449999988079071,0.48416666719132645,3
1370,15.6540588405,68.9873606005,0.591212034225464,0.4983130420877356,3
1371,7.02905918549999,62.9373608425,0.591212034225464,0.5129351319702949,3
1372,30.9957248935,66.4623607015,0.447295427322388,0.4788223676182223,3
1373,30.4540582485,56.5290277655,0.458786487579346,0.5106138023316749,3
1374,95.0540556645,28.5956955495,0.549554109573364,0.5372483343579869,3
1375,-76.6126041355,37.0290285455,0.493870288133621,0.5209922975871975,3
1376,13.9957255735,64.1206941285,0.420257836580276,0.49115750016485094,3
1377,-108.6709361865,37.8373618465,0.624875247478485,0.47019222621571766,4
1378,-109.2376028305,35.6373619345,0.465947687625885,0.5060423196714715,4
1379,147.7290535575,-23.2793023755,0.600658893585205,0.6672382011979283,4
1380,-106.4292696095,46.1373615145,0.466602772474289,0.4673508227082701,4
1381,-108.5876028565,45.6956948655,0.462029963731766,0.4748841498382195,4
1382,-110.5542694445,47.4540281285,0.427060097455978,0.44943767856064487,4
1383,-105.4959363135,44.9790282275,0.466602772474289,0.46170089522351854,4
1384,-103.5709363905,46.8123614875,0.408438384532928,0.4504294157775799,4
1385,-3.1542737405,40.4123617435,0.606798827648163,0.6015763730484314,4
1386,-3.9126070435,39.0290284655,0.686777651309967,0.6166148708371657,4
1387,-5.64594030750001,41.1956950455,0.776213586330414,0.6006526675935906,4
1388,-112.1709360465,40.0623617575,0.488407343626022,0.49583769452152854,4
1389,-108.3042695345,38.5540284845,0.509938538074493,0.5016790328304064,4
1390,13.2790589355,45.8456948595,0.669304192066193,0.5359151161050436,4
1391,3.52072599249999,51.5456946315,0.406793206930161,0.5445672357231504,4
1392,-119.7709357425,44.9456948955,0.440121561288834,0.47330799694247905,4
1393,-121.5876023365,44.3456949195,0.440790385007858,0.47980261120900347,4
1394,-112.0709360505,36.2456952435,0.415092587471008,0.46670276674537103,4
1395,-108.4626028615,32.6290287215,0.597147643566132,0.5583109772467484,4
1396,-105.8626029655,38.3956951575,0.450966089963913,0.446367578301395,4
1397,-119.3126024275,44.5623615775,0.49439150094986,0.4517119041344692,4
1398,-121.8042689945,41.9123616835,0.512682497501373,0.48449703934812444,4
1399,-104.7792696755,37.4040285305,0.486863374710083,0.48195017538741786,4
1400,151.0373867585,-27.7459688635,0.678716778755188,0.6636711611094558,4
1401,147.9373868825,-26.3293022535,0.6779505610466,0.6595219471450343,4
1402,-92.6209368285,30.0956954895,0.450299918651581,0.5256973105718332,4
1403,-95.9459366955,29.1373621945,0.558982074260712,0.5707267752196415,4
1404,-99.7959365415,33.6540286805,0.6255863904953,0.6138278379076517,4
1405,-104.2459363635,41.4790283675,0.440121561288834,0.4868588720733371,4
1406,-103.6126030555,42.7123616515,0.440121561288834,0.4701394459050261,4
1407,-104.1626030335,36.5956952295,0.466602772474289,0.49568098157218105,4
1408,-107.0209362525,48.3706947585,0.432027369737625,0.4706361593590788,4
1409,-99.4459365555,35.7790285955,0.629999995231628,0.568956752982322,4
1410,-100.1292698615,32.7790287155,0.721036016941071,0.6261869039911759,4
1411,-98.6292699215,34.2206953245,0.724089205265045,0.6252087213067311,4
1412,-99.9626032015,37.8540285125,0.568068981170654,0.5148675047756786,4
1413,117.0457214515,42.9956949735,0.414797693490982,0.44495911713149006,4
1414,-100.1459365275,39.3540284525,0.403990834951401,0.502255077743845,4
1415,-2.08760711650001,40.9540283885,0.788974702358246,0.5692136503678774,4
1416,-112.2292693775,36.8623618855,0.565371692180634,0.5192016551768229,4
1417,-110.0709361305,33.3040286945,0.538655042648315,0.5805793190918646,4
1418,-108.1792695395,37.2873618685,0.509984850883484,0.4685883133530996,4
1419,-115.6709359065,41.8206950205,0.392515927553177,0.4742417673764152,4
1420,8.82905911349999,5.0623631575,0.626195073127747,0.6265633475612185,4
1421,-69.0959377695,-12.4959694735,0.537716507911682,0.5792774364492811,4
1422,-73.4626042615,11.0873629165,0.448285758495331,0.6182822815310989,4
1423,152.1207200485,-30.6543020805,0.708417356014252,0.6824490757362683,4
1424,152.8957200175,-31.1626353935,0.776773631572723,0.6532981245940639,4
1425,8.90405911049999,51.8040279545,0.591319382190704,0.5741774723552051,4
1426,128.8873876445,47.1790281395,0.427349239587784,0.4539498055106448,4
1427,-91.5292702055,34.8123619675,0.694851517677307,0.546621459911481,4
1428,-122.9626022815,44.3123615875,0.566676795482635,0.549116760023627,4
1429,8.4040591305,47.6040281225,0.555755853652954,0.5533978687564375,4
1430,-80.4376039825,41.8040283545,0.47422257065773,0.5530967218803786,4
1431,10.4623923815,51.0706946505,0.645690441131592,0.551116260319667,4
1432,-0.879273831500001,43.2040282985,0.605624735355377,0.579148688529984,4
1433,26.4707250745,58.5706943505,0.455031514167786,0.5046453794942043,4
1434,-85.6876037725,39.0040284665,0.478527665138245,0.5806433001646442,4
1435,12.5123922995,45.6373615345,0.347329556941986,0.5383656311059817,4
1436,-88.3459369995,42.7956949815,0.537821531295776,0.531902374205179,4
1437,1.6373927345,43.6123616155,0.6552454829216,0.6146049047539489,4
1438,-84.3876038245,42.6873616525,0.601943790912628,0.5306726154136983,4
1439,-87.6876036925,44.5706949105,0.307142853736877,0.5370218778464617,4
1440,19.4040586905,48.2290280975,0.654572248458862,0.5705002823125358,4
1441,0.770726102499992,47.4873614605,0.66008448600769,0.5858510916180726,4
1442,10.3040590545,53.7040278785,0.578314661979675,0.5312551849288897,4
1443,-83.4626038615,41.1540283805,0.561648845672607,0.5538967346367815,4
1444,-77.8042707545,43.0540283045,0.579892694950104,0.5356160066750609,4
1445,-111.8292693935,45.0623615575,0.37933224439621,0.41656904430235625,4
1446,-120.3709357185,47.6956947855,0.446953892707825,0.44939196191922887,4
1447,-113.2126026715,48.5290280855,0.392515927553177,0.4376704162398537,4
1448,-129.5959353495,65.6040274025,0.474061965942383,0.4497080335139534,4
1449,-97.9292699495,26.5956956295,0.784829258918762,0.681422809996829,4
1450,-93.2792701355,30.0623621575,0.415516018867493,0.5141166620482437,4
1451,-95.4376033825,28.9540288685,0.607092559337616,0.5635105086954098,4
1452,-90.9876035605,38.6706951465,0.545611441135406,0.582108185015648,4
1453,-117.7542691565,47.7873614485,0.458743810653687,0.46529125279294425,4
1454,-98.0292699455,32.8706953785,0.682919859886169,0.6733859677254056,4
1455,-97.1459366475,35.9123619235,0.509498953819275,0.6024957971214264,4
1456,-99.5292698855,30.6540288005,0.627615988254547,0.677895168778338,4
1457,-71.9042709905,-46.8293014335,0.515999972820282,0.4969849115359329,4
1458,-98.3792699315,31.0290287855,0.631434738636017,0.6786058526792504,4
1459,-99.4042698905,29.9206954965,0.627615988254547,0.6690457908027457,4
1460,-98.9709365745,39.0290284655,0.552132785320282,0.5120145865163301,4
1461,-104.4626030215,48.1290281015,0.466602772474289,0.46804696591512684,4
1462,-99.8126032075,31.5373620985,0.724089205265045,0.6647809856183544,4
1463,-121.2126023515,38.1540285005,0.42899289727211,0.6539103111141078,4
1464,-95.8626033655,45.9206948565,0.622399747371674,0.5275115447663864,4
1465,-97.7709366225,40.6706950665,0.591902613639832,0.5389431005223007,4
1466,-98.2709366025,47.1290281415,0.529351115226746,0.5078214005611531,4
1467,-95.8709366985,36.1706952465,0.601928770542145,0.5819767980496391,4
1468,-92.9209368165,38.7040284785,0.632536649703979,0.5878207198046623,4
1469,-95.2709367225,37.7373618505,0.543766915798187,0.6082814805398933,4
1470,-97.2126033115,38.6040284825,0.539487302303314,0.5572808307155585,4
1471,-100.5209365125,46.6706948265,0.458057820796967,0.5017121583995894,4
1472,-99.7876032085,39.7373617705,0.482411026954651,0.5127978173895996,4
1473,-96.9376033225,41.9540283485,0.52665102481842,0.533370573471721,4
1474,-89.1126036355,41.3123617075,0.623923301696777,0.5648133645764863,4
1475,-90.1792702595,41.5290283655,0.55741161108017,0.558644931754317,4
1476,-90.5792702435,40.0040284265,0.608878493309021,0.5718534559188403,4
1477,-92.4876035005,39.0623617975,0.549783110618591,0.5870039517883324,4
1478,-93.1792701395,42.4873616605,0.61346423625946,0.5277177859944838,4
1479,0.262392789499984,40.7706950625,0.557400286197662,0.6210839648614329,4
1480,0.845726099499984,41.1206950485,0.616131544113159,0.6487241416618335,4
1481,-5.2126069915,37.9790285075,0.586789786815643,0.6455232344070062,4
1482,-122.7959356215,39.1623617935,0.483798295259476,0.5452452457697569,4
1483,-8.48760686049999,37.2290285375,0.703000009059906,0.6446084130146632,4
1484,-121.1959356855,36.8206952205,0.605672895908356,0.6325690368107981,4
1485,12.4040589705,41.7706950225,0.586789786815643,0.6515509739468869,4
1486,-3.87927371149999,40.0790284235,0.606798827648163,0.5890950680987271,4
1487,15.7373921705,40.1623617535,0.562749624252319,0.6216562998238396,4
1488,-118.7626024495,42.5373616585,0.512682497501373,0.47431448648947416,4
1489,-107.7292695575,42.3373616665,0.443424880504608,0.42668442299218307,4
1490,-98.4709365945,28.2790288955,0.724089205265045,0.6988227404895108,4
1491,-114.1376026345,35.4373619425,0.48439833521843,0.5615921061809183,4
1492,-98.9709365745,27.0206956125,0.724089205265045,0.689967347905911,4
1493,-61.3959380775,6.0873631165,0.683200120925903,0.5951837538662311,4
1494,28.9373916425,1.3540299725,0.696183085441589,0.5923430084859175,4
1495,-68.7626044495,-13.5793027635,0.571977734565735,0.5656589515260105,4
1496,-89.9959369335,16.2540293765,0.396499782800674,0.5676399502739051,4
1497,-76.1959374855,2.2706966025,0.533130824565887,0.5601652871445418,4
1498,-59.7209381445,-16.9459692955,0.686385631561279,0.6485678045939443,4
1499,106.3457218795,14.6290294415,0.667051136493683,0.5847997688994115,4
1500,-92.0959368495,47.1040281425,0.389137536287308,0.4417142532064546,4
1501,128.4540543285,35.2873619485,0.610749363899231,0.5560764945772211,4
1502,-89.7792702755,33.0540287045,0.493870288133621,0.5251938131100603,4
1503,150.9790534275,-24.3709689985,0.680564880371094,0.7116518127310243,4
1504,149.9207201365,-36.0876351965,0.711075782775879,0.6723674736091867,4
1505,153.1623866735,-29.4876354605,0.775307893753052,0.6396718384666401,4
1506,-95.8126033675,30.1040288225,0.514510989189148,0.5740104550765591,4
1507,32.6457248275,57.7956943815,0.44116747379303,0.5048102022684,4
1508,17.3540587725,51.6790279595,0.575555741786957,0.49973006003659115,4
1509,-86.3209370805,38.8706951385,0.552066147327423,0.5811917397173441,4
1510,17.8373920865,48.4540280885,0.74602884054184,0.5903917833914147,4
1511,11.4040590105,49.6040280425,0.571267306804657,0.5480359339577381,4
1512,-1.3542738125,45.9623615215,0.517276525497437,0.5577933564454568,4
1513,11.5040590065,52.2040279385,0.502359628677368,0.562745420053195,4
1514,-90.5542702445,44.1123615955,0.735352039337158,0.5574051831568164,4
1515,10.1290590615,55.4373611425,0.611386358737946,0.5301907426229479,4
1516,-89.6876036125,35.4373619425,0.585449159145355,0.5485023816544646,4
1517,15.7207255045,54.1790278595,0.493211567401886,0.5083581033155136,4
1518,-75.2209375245,44.8040282345,0.479272067546844,0.5457551154111843,4
1519,13.6457255875,41.8873616845,0.660357773303986,0.5047135710224115,4
1520,0.920726096500005,44.8623615655,0.601250350475311,0.6072170343511653,4
1521,-82.5792705635,29.1373621945,0.452398687601089,0.5380804929230816,4
1522,-121.7126023315,43.6040282825,0.439921021461487,0.45595714027235906,4
1523,9.8040590745,45.7873615285,0.623323321342468,0.5414302978137577,4
1524,-96.5376033385,31.8873620845,0.662430942058563,0.6533300424226111,4
1525,-87.2542703765,41.1456950475,0.595409512519836,0.5454057276400966,4
1526,-98.7959365815,42.7290283175,0.409768521785736,0.5252748188181817,4
1527,27.3873917045,70.5790272035,0.591212034225464,0.5337973939856114,4
1528,-121.1292690215,39.1290284615,0.565307676792145,0.6407018210480407,4
1529,-121.7792689955,39.9790284275,0.511049747467041,0.571876109481254,4
1530,-9.1709401665,39.1790284595,0.670728385448456,0.6454336160091051,4
1531,-7.00427358650001,38.3956951575,0.714345395565033,0.6549543344288281,4
1532,13.0040589465,41.8540283525,0.636129438877106,0.6017785527992998,4
1533,15.6040588425,41.8040283545,0.644326388835907,0.6355849246254804,4
1534,-112.7292693575,34.2290286575,0.767705202102661,0.5796007831343394,4
1535,16.2873921485,2.1123632755,0.56227844953537,0.6135503272485479,4
1536,12.0457256515,0.412363343500004,0.593118369579315,0.5966099449752744,4
1537,-78.6626040535,-4.29596980150001,0.561154782772064,0.5885911021833067,4
1538,-64.4959379535,-24.6626356535,0.567618846893311,0.6360371025625923,4
1539,-72.2959376415,-8.99596961350001,0.532849907875061,0.5652407504000774,4
1540,-76.5792708035,5.7706964625,0.556166291236877,0.5768218466278316,4
1541,-70.0709377305,8.70402967849999,0.540286540985107,0.5662235953833987,4
1542,-87.0292703855,35.9373619225,0.574686884880066,0.5616473099148789,4
1543,-80.2376039905,37.3790285315,0.507063448429108,0.5515095579232736,4
1544,174.7623858095,-38.4126351035,0.614408195018768,0.577898468521277,4
1545,-88.1792703395,33.2040286985,0.45383608341217,0.5272039001003349,4
1546,30.4540582485,55.9540277885,0.482064127922058,0.5133213405150991,4
1547,-87.6126036955,33.3123620275,0.536145925521851,0.5247968016041851,4
1548,-74.2042708985,45.4123615435,0.494730561971664,0.5118469174513092,4
1549,-87.5626036975,34.3623619855,0.485668271780014,0.5397418683009491,4
1550,-94.7792700755,47.1040281425,0.407755434513092,0.46649049871593856,4
1551,129.0207209725,35.4206952765,0.469249427318573,0.5548838860873164,4
1552,-88.3792703315,34.8206953005,0.494368046522141,0.5564873654294415,4
1553,1.62072606850001,46.4123615035,0.577509582042694,0.5843128708861709,4
1554,-123.1709356065,45.0123615595,0.459122747182846,0.5575483410947263,4
1555,-72.9792709475,45.2623615495,0.510826110839844,0.534592740116335,4
1556,-87.1376037145,34.8456952995,0.506754696369171,0.5570437526901008,4
1557,-86.1126037555,34.7206953045,0.573345422744751,0.561621357458714,4
1558,3.82905931350001,47.1456948075,0.45969420671463,0.5919033982434562,4
1559,-93.4209367965,46.1290281815,0.471175879240036,0.4844153162738414,4
1560,-79.9959373335,43.0040283065,0.689335823059082,0.5458601327179775,4
1561,-79.3626040255,40.6373617345,0.527911067008972,0.5515297650845594,4
1562,-84.0959371695,37.2790285355,0.564881026744843,0.5620167129966601,4
1563,-2.09594044950001,47.1790281395,0.44116747379303,0.572361806480235,4
1564,-123.0626022775,45.8956948575,0.45969420671463,0.5320205657420713,4
1565,26.0540584245,47.2956948015,0.491462469100952,0.5068504960818282,4
1566,-123.9542689085,40.6873617325,0.534598052501678,0.5525397553472883,4
1567,-93.1792701395,34.1456953275,0.528328359127045,0.5338236380812311,4
1568,-132.7042685585,54.8956944975,0.427964776754379,0.48378339275407245,4
1569,-123.4376022625,43.9706949345,0.460328340530396,0.5363685796198365,4
1570,-122.1126023155,45.9456948555,0.45423224568367,0.4614454926908853,4
1571,-123.6542689205,39.9456950955,0.613648593425751,0.5550190250481647,4
1572,-123.9876022405,41.1956950455,0.447072356939316,0.5729599139431666,4
1573,-151.8209344605,59.2290276575,0.390979200601578,0.46291750166173135,4
1574,-122.5959356295,56.0040277865,0.422025352716446,0.4200038675857416,4
1575,-79.7959373415,34.4790286475,0.543104648590088,0.523533679403707,4
1576,-93.1376034745,31.2790287755,0.491787731647491,0.5168932993890678,4
1577,-94.6709367465,31.8123620875,0.531123518943787,0.5419008797051801,4
1578,-123.7959355815,54.0040278665,0.427938848733902,0.4552973694602254,4
1579,-83.2709372025,31.2123621115,0.526117026805878,0.5299139269285178,4
1580,-94.8126034075,32.6706953865,0.490958333015442,0.5578151678544295,4
1581,-95.4209367165,32.5290287255,0.680282413959503,0.5970855601086601,4
1582,-80.5042706465,34.0540286645,0.522531867027283,0.5271981203310566,4
1583,-123.5959355895,61.2040275785,0.419553339481354,0.4411798962542747,4
1584,-122.9959356135,63.4040274905,0.368303805589676,0.44873777537099446,4
1585,-135.5376017785,58.7956943415,0.391333431005478,0.4498082572475978,4
1586,-143.2376014705,62.5290275255,0.420473158359528,0.45883957075111376,4
1587,-141.1126015555,62.6790275195,0.405870914459229,0.4511623093201841,4
1588,-8.08760687649999,39.7706951025,0.50644713640213,0.65014978450322,4
1589,-1.7542737965,40.0706950905,0.610732018947601,0.5596278630390926,4
1590,-6.7209402645,39.8956950975,0.714794754981995,0.6418087463304828,4
1591,114.4623882215,24.5373623785,0.52202296257019,0.5519720529766684,4
1592,-80.6126039755,38.8540284725,0.574353814125061,0.555272013214965,4
1593,-85.4459371155,31.9956954135,0.537591695785522,0.5263016074622807,4
1594,-8.1292735415,42.8123616475,0.50644713640213,0.5756151363861802,4
1595,-79.4459373555,37.1540285405,0.497169673442841,0.5214499969892233,4
1596,-84.0376038385,34.6706953065,0.525296032428741,0.5337666069289098,4
1597,175.6873857725,-38.6043017625,0.57366281747818,0.5873957142629674,4
1598,127.4373877025,35.6206952685,0.579312741756439,0.5579135309359647,4
1599,118.1290547415,29.2456955235,0.516705632209778,0.5581969190528089,4
1600,173.8873858445,-41.3709683185,0.68189924955368,0.61394112344487,4
1601,167.8373860865,-46.3043014545,0.593350648880005,0.5979335914464304,4
1602,13.9040589105,50.7040279985,0.480954766273499,0.5134772162579404,4
1603,-79.5792706835,36.5623618975,0.582637906074524,0.5253531100077287,4
1604,128.1123876755,36.2290285775,0.620432257652283,0.5428085806537631,4
1605,-7.69594022550001,43.6040282825,0.54155296087265,0.5761587944935486,4
1606,-8.57094019050001,43.1956949655,0.714794754981995,0.5689532278672434,4
1607,-8.6542735205,41.5373616985,0.600484013557434,0.5777604254508624,4
1608,-82.8626038855,35.5040286065,0.625827968120575,0.5506304647782939,4
1609,-75.5959375095,45.2040282185,0.428375691175461,0.5028895596324081,4
1610,-77.9126040835,38.0956951695,0.515750586986542,0.5295715896823863,4
1611,6.8207258605,49.1206947285,0.444499999284744,0.599053869351792,4
1612,2.00405938649999,48.5373614185,0.655797302722931,0.6006127029334497,4
1613,11.7040589985,50.6040280025,0.479671537876129,0.533787104013572,4
1614,-92.8292701535,35.9206952565,0.526349902153015,0.5911301781219439,4
1615,-124.3959355575,47.9123614435,0.39304906129837,0.4998776826049545,4
1616,-119.1709357665,45.1040282225,0.440195441246033,0.4515809101642648,4
1617,-121.7959356615,55.6040278025,0.425931572914124,0.42058985700937085,4
1618,-106.2626029495,36.8373618865,0.448199212551117,0.42249719520655454,4
1619,-115.9959358935,55.2040278185,0.428065836429596,0.4222243250281093,4
1620,-123.8292689135,46.7206948245,0.464972764253616,0.5073061221471952,4
1621,-102.6209364285,52.3290279335,0.408489972352982,0.4205803931349293,4
1622,16.4290588095,-2.5876365365,0.667900264263153,0.6062315701513722,4
1623,-47.6209386285,-22.2876357485,0.695730805397034,0.5820392975854113,4
1624,-71.2709376825,-51.7209679045,0.515999972820282,0.5114909376344733,4
1625,11.3873923445,62.8040275145,0.479290246963501,0.4849844636422466,4
1626,-7.17927357950001,42.3623616655,0.50644713640213,0.5643927222638904,4
1627,-49.3209385605,-27.8126355275,0.477416098117828,0.5693901440211564,4
1628,-49.6792718795,-26.5459689115,0.533004581928253,0.5595972834043066,4
1629,-88.0959370095,35.4790286075,0.555805921554565,0.5663136858093508,4
1630,21.0457252915,48.7373614105,0.420257836580276,0.5093931292268383,4
1631,-94.8542700725,36.3373619065,0.601601839065552,0.5998510774164066,4
1632,-84.8376038065,33.7206953445,0.527997016906738,0.5192842137048942,4
1633,17.2457254435,53.3873612245,0.478616446256638,0.49195518855449216,4
1634,-89.5626036175,34.8040286345,0.533056974411011,0.5561505306707728,4
1635,-85.9792704275,44.6790282395,0.454844444990158,0.5061887543513942,4
1636,16.4623921415,49.1373613945,0.482931286096573,0.5402898316874521,4
1637,16.9040587905,49.5290280455,0.655151128768921,0.5003601303372376,4
1638,-85.1792704595,43.1456949675,0.464791268110275,0.5140279036728815,4
1639,-84.8292704735,33.2706953625,0.548063099384308,0.5379621955292063,4
1640,-77.1042707825,42.0706950105,0.494539260864258,0.5502114713082442,4
1641,-75.6126041755,42.3873616645,0.541869342327118,0.5501946761131153,4
1642,-84.9792704675,34.3290286535,0.497921198606491,0.5382819049856762,4
1643,-113.7542693165,48.0456947715,0.429154604673386,0.4229728344319841,4
1644,-120.6126023755,38.6623618135,0.5625,0.6001950010835447,4
1645,-110.5542694445,46.3290281735,0.437477231025696,0.4285864138760018,4
1646,-112.3292693735,46.5873614965,0.444229960441589,0.43503227623760615,4
1647,-139.7042682785,59.5123609795,0.39783576130867,0.4744959575837041,4
1648,-122.0209356525,41.1956950455,0.440421104431152,0.5034826830529381,4
1649,-112.8459360195,47.2540281365,0.427994161844254,0.4286732493928982,4
1650,17.7957254215,49.3956947175,0.457946628332138,0.517850915778098,4
1651,18.6040587225,49.3373613865,0.422828912734985,0.5064474218923444,4
1652,-112.0876027165,45.4790282075,0.45969420671463,0.43916082101578435,4
1653,-126.3959354775,53.2040278985,0.4372578561306,0.4308635402495665,4
1654,-119.6376024145,38.5123618195,0.437941282987595,0.44968424992315725,4
1655,-75.1626041935,38.3373618265,0.553647220134735,0.5202424894154889,4
1656,-122.6209356285,48.9456947355,0.415892452001572,0.5303189644133123,4
1657,-63.6292713215,51.2873613085,0.453848332166672,0.45628956035965934,4
1658,-77.6876040925,49.7456947035,0.457159608602524,0.44717649189186925,4
1659,-145.3459347195,61.9706942145,0.397210478782654,0.4704586123699644,4
1660,-144.8376014065,62.4790275275,0.420473158359528,0.4594427950935593,4
1661,-150.5292678455,66.8790273515,0.427670657634735,0.4658408464413161,4
1662,13.8290589135,65.6040274025,0.627123534679413,0.503618412120334,4
1663,17.3623921055,68.4040272905,0.591212034225464,0.5039530316642212,4
1664,14.3540588925,67.1373606745,0.500817775726318,0.5042119468130771,4
1665,-122.6542689605,39.8706950985,0.516102075576782,0.6176789942471224,4
1666,-8.62927352150001,40.4956950735,0.405114948749542,0.5874841997178665,4
1667,-73.1376042745,42.9123616435,0.574563026428223,0.5327390391120435,4
1668,-69.5542710845,45.2790282155,0.451831996440887,0.5033447028585717,4
1669,-89.3959369575,46.2873615085,0.532978415489197,0.46043646217673323,4
1670,150.3873867845,-35.2126352315,0.746952712535858,0.668760191918063,4
1671,-69.5542710845,46.1373615145,0.57334977388382,0.47525825945338807,4
1672,-83.5959371895,46.8040281545,0.454467982053757,0.44795619144007354,4
1673,-71.5126043395,47.8123614475,0.447962164878845,0.4618834842851752,4
1674,-77.1959374455,45.0040282265,0.414700210094452,0.5089354726773805,4
1675,-83.3959371975,47.6040281225,0.459188163280487,0.44058840574908376,4
1676,-87.4292703695,45.5873615365,0.413481563329697,0.5026751758964093,4
1677,-74.0626042375,47.0790281435,0.437557399272919,0.4522809631626244,4
1678,172.6457192275,-41.3043016545,0.784094452857971,0.602283005251611,4
1679,-72.9959376135,44.7206949045,0.610515296459198,0.5239870584678893,4
1680,9.64572574749999,56.9206944165,0.61062890291214,0.5175971446493423,4
1681,-0.187607192499996,45.1123615555,0.556367635726929,0.5812868361500724,4
1682,2.92905934949999,44.7456949035,0.420257836580276,0.5327899195699733,4
1683,7.50405916649999,52.2040279385,0.529875814914703,0.5506142771166038,4
1684,20.7790586355,54.4290278495,0.526940166950226,0.49122205525096246,4
1685,-121.5959356695,50.0040280265,0.44571116566658,0.49706318142130207,4
1686,-121.9959356535,49.6040280425,0.455679714679718,0.45970768198944717,4
1687,-124.3959355575,52.6040279225,0.485029369592667,0.43245324244684524,4
1688,24.4873918205,47.8790281115,0.625127971172333,0.48395338960764495,4
1689,-126.3959354775,54.0040278665,0.431486487388611,0.43389744336963154,4
1690,-74.2626042295,40.0206950925,0.486666679382324,0.5213082454281737,4
1691,-69.4542710885,48.7873614085,0.458860605955124,0.4637097321970711,4
1692,-68.3459377995,48.2373614305,0.403194904327393,0.478343989395566,4
1693,-70.2042710585,48.7956947415,0.454896599054337,0.45938590225547055,4
1694,-104.5959363495,53.6540278805,0.39224711060524,0.42687097346598807,4
1695,-106.3626029455,54.4706945145,0.421144425868988,0.42376865252511353,4
1696,11.6540590005,59.9540276285,0.457540929317474,0.47932572961850534,4
1697,-79.4626040215,48.2206947645,0.461103051900864,0.4495177625927626,4
1698,-65.3459379195,50.4540280085,0.44961541891098,0.45565717122607424,4
1699,-61.9292713895,51.2290279775,0.456061184406281,0.4567763304222242,4
1700,-73.8876042445,50.0623613575,0.5,0.451660167309619,4
1701,-68.7542711165,50.8873613245,0.460509568452835,0.45550576038573315,4
1702,12.2040589785,63.7206941445,0.469749271869659,0.4968138700949973,4
1703,-99.1209365685,52.8873612445,0.460626125335693,0.44703237286368736,4
1704,-123.3959355975,58.4040276905,0.419107675552368,0.42827682445132753,4
1705,-109.7626028095,54.4790278475,0.417859941720963,0.4236996658482488,4
1706,-149.8792678715,65.1873607525,0.461955159902573,0.4547864210111575,4
1707,-54.5959383495,49.2040280585,0.461963504552841,0.469759277524929,4
1708,-119.3126024275,56.5540277645,0.401416689157486,0.41612716923830173,4
1709,8.04572581150001,59.7956943015,0.591212034225464,0.49069352854240206,4
1710,-50.1292718615,-28.1709688465,0.703099250793457,0.5703359535172391,4
1711,-68.4209377965,44.5623615775,0.482544481754303,0.4841047133199752,4
1712,-64.5959379495,45.0040282265,0.4676893055439,0.49646450005002457,4
1713,-86.9959370535,45.2540282165,0.370422452688217,0.48873877511440716,4
1714,-75.5209375125,43.9373616025,0.451928347349167,0.5578803679465328,4
1715,-62.3959380375,45.4040282105,0.498731672763824,0.4929700230818678,4
1716,6.1957258855,44.8206949005,0.597112834453583,0.5123926087942684,4
1717,-75.6542708405,47.9373614425,0.449669986963272,0.4492806514152468,4
1718,26.1040584225,59.5706943105,0.48090335726738,0.4864649977893735,4
1719,-121.3709356785,48.3290280935,0.450967788696289,0.46245251080579736,4
1720,-121.8542689925,44.7540282365,0.41352853178978,0.4366085235802666,4
1721,-73.2042709385,51.5206946325,0.424598723649979,0.45048800200230765,4
1722,-70.6209377085,51.4706946345,0.455384790897369,0.4535332195778942,4
1723,10.4707257145,60.7123609315,0.420257836580276,0.47149455971869514,4
1724,-81.7959372615,49.4040280505,0.407303005456924,0.43948015684342684,4
1725,-94.5959367495,53.6040278825,0.431366741657257,0.44647397325312815,4
1726,-96.2459366835,50.9790279875,0.400623381137848,0.43661636292811484,4
1727,28.1373916745,70.1790272195,0.591212034225464,0.5378011803352806,4
1728,29.3207249605,69.9373605625,0.591212034225464,0.5489495879245512,4
1729,-75.1542708605,48.4706947545,0.423617541790009,0.45394388714420597,4
1730,-117.7959358215,48.2373614305,0.439147382974625,0.47790721525925367,4
1731,-116.1292692215,48.8790280715,0.452424108982086,0.43703913931480093,4
1732,-122.1792689795,46.9123614835,0.45967236161232,0.4943936449066758,4
1733,-121.1959356855,48.9456947355,0.434348940849304,0.4332207261174816,4
1734,-114.3792692915,46.2206948445,0.376971811056137,0.4394228121780808,4
1735,-76.8792707915,50.5873613365,0.442492991685867,0.4481089395687166,4
1736,-77.5376040985,50.2040280185,0.458860605955124,0.4477726153214697,4
1737,-79.0459373715,51.4290279695,0.458860605955124,0.44567954828193196,4
1738,-97.5959366295,54.8040278345,0.454371958971024,0.4458546420920668,4
1739,-114.7959359415,58.2040276985,0.399531304836273,0.42825459438395946,4
1740,-108.7959361815,56.2040277785,0.427141487598419,0.4326972594259068,4
1741,-99.3959365575,54.2040278585,0.448575109243393,0.44694535477596226,4
1742,-78.3626040655,34.5373619785,0.542025983333588,0.5208021453597266,4
1743,-84.9792704675,29.8706954985,0.490389972925186,0.5237251390892034,4
1744,-82.0626039175,27.7790289155,0.579999983310699,0.5524396739458933,4
1745,-78.5042707265,33.9623620015,0.493870288133621,0.5224223086372997,4
1746,-81.8459372595,28.3123622275,0.553775608539581,0.5453011839973755,4
1747,31.0207248925,67.0373606785,0.449568599462509,0.4805157774877565,4
1748,-9.16260683350001,38.4873618205,0.536322832107544,0.6263327496988266,4
1749,153.0457200115,-25.6626356135,0.717797994613647,0.6493471712874573,4
1750,34.6373914145,66.6873606925,0.479423493146896,0.48475976284679656,4
1751,-133.2959352015,57.2290277375,0.442650467157364,0.46042020586444027,4
1752,-134.1709351665,56.1123611155,0.436167538166046,0.4709193243725,4
1753,-128.7959353815,66.4040273705,0.426099330186844,0.44542804516202084,4
1754,-74.6126042155,52.5706945905,0.439788311719894,0.4522246801230932,4
1755,-108.1042695425,34.9456952955,0.465656340122223,0.5163693868402012,5
1756,-106.9042695905,45.0956948895,0.466602772474289,0.4677654685621373,5
1757,-106.1459362875,44.8790282315,0.453572779893875,0.4631694444011307,5
1758,-104.3876030245,47.3706947985,0.408438384532928,0.4593914948523281,5
1759,-1.01260715949999,39.1206951285,0.606798827648163,0.6304737364048556,5
1760,-3.81260704749999,41.4706950345,0.771317541599274,0.6231246191428391,5
1761,3.4373926625,43.3706949585,0.655179262161255,0.6201367230793555,5
1762,-114.4542692885,36.9540285485,0.494953364133835,0.5193731087725271,5
1763,-109.9959361335,36.2623619095,0.569166779518127,0.5157972182673606,5
1764,10.9040590305,47.7040281185,0.488736987113953,0.504367709762275,5
1765,4.27905929549999,46.3873615045,0.701584756374359,0.6093870985163886,5
1766,6.1207258885,48.2456947635,0.693997085094452,0.596460885425239,5
1767,8.10405914250001,50.5040280065,0.540593683719635,0.5854547808679965,5
1768,-88.7209369845,37.9206951765,0.616776347160339,0.5660540989063361,5
1769,5.52072591250001,45.0040282265,0.516923487186432,0.4925635610479074,5
1770,-112.7709360225,34.7540286365,0.509938538074493,0.5617691652826153,5
1771,150.6790534395,-26.3376355865,0.591699779033661,0.662900339736927,5
1772,-57.9959382135,-26.9959688935,0.696740806102753,0.5720221902408467,5
1773,-92.4209368365,30.5290288055,0.528269290924072,0.5433041631836509,5
1774,-104.2209363645,37.6790285195,0.54301118850708,0.527899772974604,5
1775,144.5790536835,-35.3376352265,0.714345395565033,0.6660309074869605,5
1776,143.7790537155,-34.3459685995,0.714345395565033,0.6677342633979241,5
1777,-105.2542696565,45.6540282005,0.408438384532928,0.45474001552249366,5
1778,-103.1792697395,45.4790282075,0.440121561288834,0.4742385694173874,5
1779,-97.3126033075,29.3206955205,0.64314478635788,0.6543505069805179,5
1780,-89.6709369465,38.1123618355,0.542144060134888,0.5571298839312521,5
1781,-116.6209358685,33.1456953675,0.52398282289505,0.581320803764029,5
1782,-120.7542690365,36.3956952375,0.659594714641571,0.5927696578428563,5
1783,-107.5292695655,36.9706952145,0.513272285461426,0.5176312186500157,5
1784,-114.8709359385,40.3123617475,0.498057126998901,0.505102291554862,5
1785,-115.4709359145,39.7790284355,0.497338324785233,0.5070599269491686,5
1786,-117.4959358335,36.1123619155,0.48439833521843,0.5087079415514807,5
1787,-103.7709363825,30.6456954675,0.694165229797363,0.5845779203947482,5
1788,-110.6459361075,33.2456953635,0.565371692180634,0.601123802636143,5
1789,-100.5459365115,29.1956955255,0.711263060569763,0.6833906789487095,5
1790,-89.9959369335,16.7540293565,0.551480948925018,0.5775353714662407,5
1791,-78.6626040535,-6.16263639350001,0.490258544683456,0.619909640229958,5
1792,-82.9376038825,39.2206951245,0.57753986120224,0.5576409380234062,5
1793,20.1040586625,48.2206947645,0.756583154201508,0.5694250469192053,5
1794,140.1540538605,35.1540286205,0.620684206485748,0.557090727204954,5
1795,14.4040588905,52.3040279345,0.477901041507721,0.527991347979432,5
1796,-85.4959371135,41.3706950385,0.486892014741898,0.5551476669445217,5
1797,-92.3292701735,45.6623615335,0.547611355781555,0.49689062840412096,5
1798,0.137392794499988,47.0623614775,0.642639815807343,0.5853871301310849,5
1799,-88.0626036775,44.0540282645,0.541375398635864,0.5187762392504773,5
1800,-79.1626040335,42.5290283255,0.592855036258698,0.5280928386539009,5
1801,11.3040590145,48.9040280705,0.518112897872925,0.5455338975743619,5
1802,-3.66260705350001,48.0790281035,0.438745766878128,0.5800617272154623,5
1803,9.8040590745,49.1040280625,0.561668038368225,0.5623893285708753,5
1804,10.4040590505,50.0040280265,0.595356166362762,0.5438878951667541,5
1805,0.712392771499992,44.3706949185,0.663930714130402,0.5968607224814998,5
1806,3.69572598549999,48.2123614315,0.67395555973053,0.6110101511167243,5
1807,-92.7709368225,45.3206948805,0.390113800764084,0.5162598960776517,5
1808,-83.6876038525,42.6373616545,0.545334994792938,0.5261024102716353,5
1809,-110.8459360995,34.0873619965,0.587317764759064,0.5571120157592581,5
1810,-109.2959361615,44.6456949075,0.448266088962555,0.4441868357013606,5
1811,-106.5626029375,41.6290283615,0.417990267276764,0.4272214178095774,5
1812,-111.2709360825,34.3790286515,0.539762377738953,0.5641853241269984,5
1813,-112.7542693565,44.3706949185,0.451287150382996,0.4266552455011342,5
1814,-93.6042701225,32.6706953865,0.507408261299133,0.5312889005032845,5
1815,-110.5792694435,42.0206950125,0.392515927553177,0.4263108739066363,5
1816,-123.1876022725,39.5540284445,0.598710834980011,0.5244601421592202,5
1817,11.2207256845,63.4790274875,0.451237559318542,0.4964306126672979,5
1818,-97.9626032815,27.1873622725,0.724089205265045,0.6919001000946274,5
1819,147.4873869005,-25.7876356085,0.66799122095108,0.6523052003206273,5
1820,-98.9459365755,47.9873614405,0.456620156764984,0.4506813811691967,5
1821,-98.7209365845,33.1290287015,0.495042830705643,0.6585837570006536,5
1822,-108.5792695235,48.0123614395,0.439842343330383,0.4397832026443677,5
1823,-98.7709365825,32.6373620545,0.724089205265045,0.6793907185054826,5
1824,-98.6542699205,30.1623621535,0.733520925045013,0.6618625883766345,5
1825,-99.9542698685,30.3290288135,0.627615988254547,0.650271279119785,5
1826,-90.6126035755,39.1373617945,0.65696781873703,0.5524992054521956,5
1827,-91.1292702215,42.2540283365,0.474024623632431,0.5571879485752533,5
1828,-88.5626036575,42.1706950065,0.388503104448318,0.5578609560080194,5
1829,-91.9042701905,38.9706951345,0.558244943618774,0.5732633633246357,5
1830,-94.0626034375,42.4373616625,0.460399597883224,0.5481679005345432,5
1831,-92.8209368205,41.2373617105,0.64625483751297,0.5636431132690453,5
1832,-91.6376035345,39.7623617695,0.559610605239868,0.5708019092947211,5
1833,-96.0709366905,40.1540284205,0.552068948745728,0.5612663070674461,5
1834,-98.2459366035,42.9373616425,0.567991614341736,0.533659526190704,5
1835,-92.6292701615,43.3290282935,0.458057820796967,0.5481961358373872,5
1836,-99.2209365645,45.7706948625,0.483532279729843,0.5131581561942191,5
1837,-122.5709356305,37.9540285085,0.621838986873627,0.5935957651937632,5
1838,0.587392776499996,41.9623616815,0.778188467025757,0.622818465331583,5
1839,6.0623925575,43.9456949355,0.615563929080963,0.6307366559107463,5
1840,13.7790589155,42.6956949855,0.524864315986633,0.6265806950354119,5
1841,16.4207254765,40.2206950845,0.606798827648163,0.645475335291937,5
1842,-112.1792693795,42.1956950055,0.509938538074493,0.4781787098650557,5
1843,-112.7709360225,42.6706949865,0.410204589366913,0.4772355281576986,5
1844,-98.8209365805,26.4456956355,0.724089205265045,0.6889974107953285,5
1845,11.1123923555,-1.2376365905,0.576945245265961,0.596959943013751,5
1846,-71.5876043365,-13.1793027795,0.604576766490936,0.5943379730417414,5
1847,-75.4959375135,4.00402986649999,0.543924629688263,0.5632560163505794,5
1848,-71.0126043595,7.4623630615,0.474917829036713,0.5688193460123868,5
1849,177.5373856985,-17.6793025995,0.549869120121002,0.5797130876524049,5
1850,-59.5959381495,-17.9376359225,0.729010999202728,0.6524884440050386,5
1851,-90.5959369095,46.4623615015,0.453264057636261,0.48175615808258615,5
1852,-91.9376035225,47.5373614585,0.447497457265854,0.43522910528499736,5
1853,-88.6459369875,37.4706951945,0.605199575424194,0.5556591368731184,5
1854,152.8040533545,-27.4126355435,0.770757734775543,0.6703165563254211,5
1855,15.4957255135,44.9206948965,0.587123036384583,0.5191299192497779,5
1856,-91.2959368815,32.8456953795,0.62008261680603,0.5470433577852876,5
1857,-86.1459370875,39.3206951205,0.565017342567444,0.5676104190236076,5
1858,0.537392778499992,48.6873614125,0.696206510066986,0.582359694767016,5
1859,-97.0459366515,30.1540288205,0.689235627651215,0.6680640279232717,5
1860,-90.6792702395,33.0956953695,0.590755760669708,0.5371480390308714,5
1861,3.22905933749999,49.2373613905,0.639354169368744,0.6041332654085705,5
1862,-96.1876033525,32.2540287365,0.613229334354401,0.6460155089434426,5
1863,10.3207257205,57.6040277225,0.45139479637146,0.5232344115317586,5
1864,-84.2626038295,46.3623615055,0.501854419708252,0.4953697715296601,5
1865,4.34572595949999,49.2290280575,0.60536003112793,0.6074931993263224,5
1866,-0.1209405285,45.5623615375,0.591612219810486,0.5973343996779443,5
1867,2.94572601549999,49.6540280405,0.631667852401733,0.5737152137745468,5
1868,17.1540587805,51.2040279785,0.477901041507721,0.5291314692367685,5
1869,6.3040592145,49.9040280305,0.497554421424866,0.5821297647944969,5
1870,-1.9876071205,43.2206949645,0.556367635726929,0.5692196117986922,5
1871,-89.6292702815,43.4290282895,0.536816537380219,0.5518398234089171,5
1872,-1.27094048250001,43.5540282845,0.556367635726929,0.563437644253951,5
1873,-85.0542704645,38.0206951725,0.468892693519592,0.5783480152497426,5
1874,5.12072592850001,45.5206948725,0.668549358844757,0.5899282563008007,5
1875,-1.8792737915,47.9790281075,0.600832223892212,0.5683480723904037,5
1876,-90.7209369045,35.3956952775,0.608352243900299,0.5596693196605039,5
1877,-90.2626035895,42.1373616745,0.628772497177124,0.5667286096734238,5
1878,13.3040589345,51.9040279505,0.477901041507721,0.5392725808810362,5
1879,2.0373927185,49.7123613715,0.619774878025055,0.6008818602881674,5
1880,-78.9459373755,38.1540285005,0.519172072410583,0.5796516747072628,5
1881,0.4040594505,46.0040281865,0.496076583862305,0.6083333598260029,5
1882,-0.745940503500009,45.7623615295,0.499206811189651,0.5722514256273057,5
1883,-118.5792691235,35.6623619335,0.47131609916687,0.5331411670292879,5
1884,-120.9959356935,51.6040279625,0.435993283987045,0.44561013647908426,5
1885,-104.0792697035,43.5290282855,0.440121561288834,0.4751012556190244,5
1886,-100.0292698655,43.7540282765,0.408438384532928,0.490986914113614,5
1887,-106.4876029405,53.3456945595,0.419999986886978,0.4268478856784271,5
1888,7.2957258415,59.5456943115,0.591212034225464,0.5005002774712352,5
1889,8.02072581249999,61.1623609135,0.591212034225464,0.5168522321724526,5
1890,10.4373923825,44.1373615945,0.598839521408081,0.6002508343771098,5
1891,9.82905907349999,44.7540282365,0.670021414756775,0.5551239672562652,5
1892,15.9207254965,38.2040284985,0.614486873149872,0.5883267313727993,5
1893,15.3707255185,37.9956951735,0.648665428161621,0.6380840872922374,5
1894,2.96239268150001,42.8956949775,0.574050307273865,0.6367675995640166,5
1895,-14.0459399715,28.4040288905,0.610000014305115,0.6286776394803437,5
1896,13.0207256125,43.5206949525,0.486018717288971,0.5964934322929873,5
1897,-113.5292693255,43.4206949565,0.443424880504608,0.4824999818412479,5
1898,-58.6209381885,5.02069649249999,0.766166388988495,0.6278517079568078,5
1899,-65.5959379095,-10.2959695615,0.532559812068939,0.5849805805103268,5
1900,101.9707220545,3.1123632355,0.449999988079071,0.6015540144289907,5
1901,-55.9376049625,-9.5959695895,0.586121022701263,0.6075408164623242,5
1902,-53.1959384055,3.6373632145,0.697996139526367,0.6001474632367882,5
1903,-61.6876047325,8.1123630355,0.710212051868439,0.6101521803822538,5
1904,147.5040535665,-9.49596959350001,0.544268608093262,0.583522515055332,5
1905,-76.9292707895,45.9290281895,0.451945722103119,0.4839446947624071,5
1906,4.29572596150001,45.2123615515,0.477901041507721,0.5419116087266025,5
1907,-79.7209373445,38.7456951435,0.684863865375519,0.5377023584910523,5
1908,153.3373866665,-28.6126354955,0.751178205013275,0.6389257183362858,5
1909,128.8873876445,37.1873618725,0.534934282302856,0.5425478156297029,5
1910,-84.1709371665,32.7790287155,0.576055347919464,0.5282923268263744,5
1911,29.9373916025,58.2540276965,0.482036083936691,0.5181510318782176,5
1912,-73.2959376015,-40.2293016975,0.528606474399567,0.559090064527136,5
1913,34.5707247505,58.1706943665,0.58493560552597,0.47971724409782684,5
1914,21.9790585875,44.1290282615,0.655151128768921,0.5292428128890656,5
1915,-88.1459370075,34.2123619915,0.492192834615707,0.5289612037744634,5
1916,-95.5542700445,50.0706946905,0.419999986886978,0.43087573093094933,5
1917,-81.5959372695,43.6040282825,0.569610178470612,0.5411839622142564,5
1918,-94.2209367645,46.0123615195,0.435994833707809,0.5118056045909374,5
1919,-94.8459367395,46.3706948385,0.491304993629456,0.5130721290585541,5
1920,29.4207249565,56.5290277655,0.509293496608734,0.5049132795438682,5
1921,-91.4209368765,35.5373619385,0.376666665077209,0.5556413826601783,5
1922,-92.7959368215,37.1790285395,0.658526301383972,0.5852158338033271,5
1923,-92.4709368345,31.6290287615,0.500104486942291,0.5233041833238334,5
1924,-124.2792688955,40.2873617485,0.556154787540436,0.5520853974620998,5
1925,-114.5959359495,50.2540280165,0.421243578195572,0.42527531546534875,5
1926,14.9290588695,67.5373606585,0.477901041507721,0.49820863366367835,5
1927,-82.0042705865,31.8956954175,0.517943739891052,0.5357408104170286,5
1928,-93.7792701155,31.2456954435,0.564940690994263,0.5295783464456495,5
1929,-86.7209370645,31.0290287855,0.579406559467316,0.5173641227187662,5
1930,-86.9209370565,30.4706954745,0.624202191829681,0.5126606457889035,5
1931,-95.3876033845,30.8123621275,0.548614799976349,0.5629951940198368,5
1932,-82.4959372335,32.4373620625,0.522978901863098,0.5235143321113528,5
1933,-95.1959367255,33.0040287065,0.558842480182648,0.571992834458999,5
1934,-80.1959373255,33.6373620145,0.588976860046387,0.523595293246186,5
1935,-95.1876033925,32.0290287455,0.545454502105713,0.5930528898794966,5
1936,-84.0042705065,31.8706954185,0.493870288133621,0.5449625745941592,5
1937,-77.1876041125,36.6873618925,0.516826927661896,0.5165685966642155,5
1938,-95.4626033815,51.0123613195,0.459833115339279,0.43292204272143225,5
1939,-144.1959347655,63.6873608125,0.414443045854568,0.44446487783425664,5
1940,10.0123923995,59.0373609985,0.494370371103287,0.4959956066524053,5
1941,-126.7959354615,59.0040276665,0.481696546077728,0.43431123346461065,5
1942,-129.9959353335,59.8040276345,0.418647617101669,0.4407791630143615,5
1943,34.8790580715,60.3290276135,0.497255474328995,0.4662189879120063,5
1944,110.0040550665,48.6123614155,0.487532556056976,0.4313449049590185,5
1945,2.7957260215,43.6456949475,0.574845314025879,0.5453565435084999,5
1946,-5.97927362749999,40.5956950695,0.556367635726929,0.6176676919148939,5
1947,146.1290536215,-19.0459692115,0.658632159233093,0.6831340993636782,5
1948,157.1207198485,-7.8959696575,0.573353350162506,0.5567908469216747,5
1949,167.0040527865,-15.4959693535,0.421421140432358,0.5726450493671696,5
1950,-80.6959373055,37.8040285145,0.585853517055511,0.5344496287971158,5
1951,-83.4376038625,35.3290286135,0.477928191423416,0.5319490053037337,5
1952,-73.1876042725,-50.1293013015,0.515652656555176,0.5111759280435594,5
1953,-9.19594016549999,43.0123616395,0.714794754981995,0.5893689239639802,5
1954,-80.4209373165,36.6873618925,0.535228431224823,0.5264105098730075,5
1955,152.1623867135,-27.4043022105,0.767947614192963,0.7037282278732565,5
1956,-73.0459376115,43.3956949575,0.756198346614838,0.5046304657756703,5
1957,-0.554273844499988,42.8206949805,0.577353477478027,0.5088966795685818,5
1958,128.2123876715,36.8706952185,0.573951542377472,0.5517694388951077,5
1959,-92.5209368325,34.7706953025,0.630146443843842,0.5611422795249698,5
1960,-72.3292709735,-51.1793012595,0.515652656555176,0.49615600807599713,5
1961,-6.35427361250001,42.9456949755,0.501690685749054,0.5600726574555739,5
1962,-85.7959371015,35.1790286195,0.471541583538055,0.5669832822592894,5
1963,-7.09594024949999,43.4706949545,0.61316192150116,0.5768501739633416,5
1964,-82.3292705735,36.4206952365,0.575835227966309,0.5732428606782173,5
1965,16.6123921355,50.570694670500004,0.508922219276428,0.49519527886381476,5
1966,16.0790588235,50.9956946535,0.641058802604675,0.5066519289929727,5
1967,-78.1292707415,36.9540285485,0.509900391101837,0.5276700099704017,5
1968,-123.5126022595,47.1123614755,0.418079406023026,0.49631255700689547,5
1969,-88.7542703165,31.5873620965,0.524408519268036,0.5342228126930593,5
1970,-105.5042696465,35.5706952705,0.449567198753357,0.47051852164103014,5
1971,-110.1126027955,44.4290282495,0.351913422346115,0.42208155863451674,5
1972,-105.4126029835,40.4290284095,0.44140762090683,0.4382902619241316,5
1973,-106.0459362915,39.3790284515,0.436143159866333,0.4356415209865556,5
1974,-116.1959358855,52.6040279225,0.394366472959518,0.4246109981226996,5
1975,-115.7876025685,54.7373611705,0.441390156745911,0.4238105581392374,5
1976,-119.0626024375,44.1123615955,0.440121561288834,0.4589277681556247,5
1977,-123.1376022745,42.3956949975,0.48768949508667,0.6155784541809894,5
1978,-106.6959362655,39.6123617755,0.392515927553177,0.43072932884436643,5
1979,10.9707256945,62.2956942015,0.479017645120621,0.46888864443419426,5
1980,-117.3876025045,58.6790276795,0.437874048948288,0.42872395553845905,5
1981,-101.7959364615,52.4040279305,0.368107944726944,0.4196542809071738,5
1982,-130.9959352935,59.4040276505,0.34064906835556,0.4447741411668481,5
1983,32.4873915005,59.6706943065,0.543394148349762,0.4828769723712406,5
1984,147.9457202155,-25.2626356295,0.620297729969025,0.6642817082092336,5
1985,-104.6042696825,39.0206951325,0.440121561288834,0.4776998232222818,5
1986,-4.9209403365,40.3540284125,0.490164995193481,0.5478074568465138,5
1987,-48.6876052525,-26.4626355815,0.548430323600769,0.589815238403413,5
1988,-55.7709383025,5.2623631495,0.625640392303467,0.6195875738864649,5
1989,-50.3126051875,-26.5543022445,0.517374277114868,0.5669490652298412,5
1990,-84.2626038295,34.1540286605,0.484020322561264,0.5230754706544845,5
1991,-89.6626036135,32.5456953915,0.493494182825089,0.5310858619371222,5
1992,-93.4292701295,36.8290285535,0.513861477375031,0.5788839114941381,5
1993,13.8040589145,50.1123613555,0.425789386034012,0.5067598008548688,5
1994,14.8540588725,49.8706946985,0.4733866751194,0.5179712985467604,5
1995,19.8623920055,42.3540283325,0.660195469856262,0.4757186530872079,5
1996,28.0707250105,57.3790277315,0.499633193016052,0.5077082750319495,5
1997,12.5040589665,49.9040280305,0.43706277012825,0.48686863248015905,5
1998,13.7040589185,48.5040280865,0.581075370311737,0.5246941048946271,5
1999,15.9707254945,49.8456946995,0.661899626255035,0.5383075326036553,5
2000,15.7040588385,50.5956946695,0.476271599531174,0.5224969663201561,5
2001,20.6457253075,49.2540280565,0.435496628284454,0.48547165441688134,5
2002,-110.4876027805,46.8456948195,0.449524730443954,0.44054551803003095,5
2003,-121.1542690205,39.9040284305,0.391908347606659,0.45544688126152943,5
2004,-123.4042689305,41.3456950395,0.679459452629089,0.5469746368667905,5
2005,-121.2459356835,41.5373616985,0.440121561288834,0.5015785022983807,5
2006,-89.2376036305,30.6456954675,0.523929178714752,0.515967094023517,5
2007,-122.0209356525,37.1706952065,0.494796603918076,0.6143182104230384,5
2008,-118.7959357815,51.8040279545,0.451849520206451,0.45603074111051534,5
2009,-89.3376036265,31.2123621115,0.572129726409912,0.5225121727365393,5
2010,-110.2376027905,45.9373615225,0.459616333246231,0.43294413374577706,5
2011,-77.7376040905,48.7373614105,0.456102848052979,0.4437183292497118,5
2012,-64.1626046335,49.8456946995,0.426449239253998,0.46332860702745116,5
2013,-73.7292709175,52.4623612615,0.456302016973495,0.4509694180665871,5
2014,-117.0876025165,59.7290276375,0.402210295200348,0.4380588624144583,5
2015,-93.8959367775,37.1040285425,0.535710990428925,0.5836723701058145,5
2016,-149.4876012205,63.1040275025,0.420473158359528,0.453850669695214,5
2017,13.4623922615,66.7123606915,0.572275698184967,0.5068234276431722,5
2018,6.90405919049999,58.6040276825,0.479008197784424,0.4933781963103591,5
2019,-49.5876052165,-27.0876355565,0.551849365234375,0.5642519689229176,5
2020,-70.6126043755,46.8706948185,0.749055027961731,0.49363358714996936,5
2021,-71.8709376585,47.3623614655,0.524724364280701,0.47636900520531317,5
2022,-69.8709377385,44.0206949325,0.434546440839767,0.50164731951497,5
2023,-74.8959375375,41.2956950415,0.536603569984436,0.528661753389823,5
2024,-74.3542708925,41.0373617185,0.531716585159302,0.5419009817362899,5
2025,-92.9959368135,49.2040280585,0.458860605955124,0.43236249310655206,5
2026,-78.3959373975,45.4040282105,0.637197315692902,0.47989401242671337,5
2027,-80.9959372935,46.8040281545,0.44563364982605,0.4444309032748532,5
2028,-64.7959379415,46.4040281705,0.452643424272537,0.4979349739887296,5
2029,14.8373922065,52.8456945795,0.477901041507721,0.5079054080967611,5
2030,-77.1709374465,37.2706952025,0.438867598772049,0.5201620836788767,5
2031,8.4040591305,48.8040280745,0.525593757629395,0.5311691483526133,5
2032,-67.9459378155,45.7206948645,0.356323271989822,0.5009963638472595,5
2033,-69.1792710995,48.0456947715,0.421458899974823,0.4694412600219926,5
2034,10.3040590545,50.5040280065,0.613436341285706,0.5376928541974003,5
2035,-62.7959380215,46.4040281705,0.493421524763107,0.5033888686001043,5
2036,-79.1626040335,33.6040286825,0.509051322937012,0.509571284800423,5
2037,-76.7459374635,34.8873619645,0.506182253360748,0.5102955749771292,5
2038,-126.7959354615,51.2040279785,0.429147243499756,0.43533133678322805,5
2039,-81.2376039505,32.2623620695,0.497135072946548,0.5153775622426316,5
2040,10.5207257125,46.2873615085,0.485073298215866,0.48451975598632124,5
2041,-71.9542709885,49.7040280385,0.450745761394501,0.4490911367406373,5
2042,-65.1959379255,51.5123612995,0.437279909849167,0.4548983204885144,5
2043,8.9373924425,59.5790276435,0.481168836355209,0.48686229150427834,5
2044,-83.7959371815,49.2040280585,0.467407286167145,0.4381446739439105,5
2045,-90.9959368935,49.6040280425,0.419999986886978,0.4426856171909098,5
2046,-105.9376029625,54.0790278635,0.408806085586548,0.4222461213632988,5
2047,-105.3542696525,53.6790278795,0.458860605955124,0.4194589619308163,5
2048,-88.5959369895,51.4040279705,0.460965722799301,0.4448284347152186,5
2049,-93.9959367735,50.8040279945,0.484801054000854,0.44044600312129273,5
2050,-90.9959368935,50.4040280105,0.464058756828308,0.44210523554862485,5
2051,-97.4209366365,51.5456946315,0.419999986886978,0.4354644370730068,5
2052,11.6957256655,43.6623616135,0.563384056091309,0.555497167925749,5
2053,-49.7709385425,-27.5376355385,0.536935210227966,0.5665013255688708,5
2054,-71.6959376655,41.6123616955,0.505637347698212,0.5141363521220926,5
2055,17.9623920815,52.0290279455,0.477901041507721,0.5076371601091066,5
2056,-72.3042709745,42.1540283405,0.45015075802803,0.5469841607947801,5
2057,-148.1959346055,64.7123607715,0.416817456483841,0.45013990635492773,5
2058,-146.5209346725,64.3123607875,0.458789974451065,0.4459421746097632,5
2059,-115.5959359095,62.0040275465,0.410941451787949,0.4457707390607803,5
2060,12.0623923175,63.1790274995,0.591212034225464,0.504606078194496,5
2061,-76.6209374685,47.9706947745,0.5030517578125,0.4478490701629886,5
2062,13.9040589105,51.5040279665,0.518355846405029,0.5314684624615902,5
2063,-122.1126023155,44.1040282625,0.460103511810303,0.45542372792926167,5
2064,-122.2209356445,42.8873616445,0.43136864900589,0.44302195475726486,5
2065,-73.9459375755,51.1790279795,0.459825724363327,0.4509313005621362,5
2066,-96.7959366615,56.4040277705,0.458860605955124,0.44648757671990846,5
2067,25.5790584435,68.9123606035,0.591212034225464,0.5049014745776028,5
2068,-150.0459345315,62.1373608745,0.516724765300751,0.47102452490460234,5
2069,-93.1959368055,52.8040279145,0.417014330625534,0.44770543514226707,5
2070,-85.9959370935,49.8040280345,0.370195388793945,0.43889508126682913,5
2071,-101.7959364615,55.8040277945,0.458860605955124,0.442664522863462,5
2072,-98.5959365895,56.4040277705,0.458860605955124,0.44451379245083805,5
2073,-66.9459378555,48.6873614125,0.511300563812256,0.4749118736191463,5
2074,25.8957250975,70.5040272065,0.591212034225464,0.5480413759771792,5
2075,-8.5959401895,39.0540284645,0.783245503902435,0.6390584187765883,5
2076,-75.8709374985,48.5040280865,0.458828508853912,0.4480760822544943,5
2077,-121.4292690095,47.8623614455,0.436907142400742,0.44671911270421705,5
2078,-120.8709356985,46.2373615105,0.45623055100441,0.45497697523704833,5
2079,-119.8209357405,48.9123614035,0.449537128210068,0.4375539862840446,5
2080,-120.9959356935,47.5040281265,0.415469467639923,0.43514683165129797,5
2081,-74.3959375575,51.9206946165,0.458860605955124,0.45106324663822184,5
2082,-98.9959365735,55.6040278025,0.413109570741653,0.44772113971727623,5
2083,-79.5959373495,50.4040280105,0.458860605955124,0.44609226036264615,5
2084,-71.9626043215,-38.0543017845,0.552742063999176,0.5279393414177983,5
2085,-80.7209373045,27.4706955945,0.438742458820343,0.5704215802637803,5
2086,-81.2792706155,28.1706955665,0.579999983310699,0.5771529081470157,5
2087,32.6207248285,61.2540275765,0.509581863880157,0.4814102998651545,5
2088,31.6373915345,65.3040274145,0.477901041507721,0.4796079288087231,5
2089,30.2623915895,65.3123607475,0.477901041507721,0.4758894340421164,5
2090,36.1707246865,64.0290274655,0.477901041507721,0.48006068533996316,5
2091,-124.9959355335,49.4040280505,0.454519629478455,0.4946892831272963,5
2092,-130.3959353175,54.0040278665,0.424102693796158,0.48129149146817146,5
2093,-89.7292702775,29.5123621795,0.584304332733154,0.5136684318442881,5
2094,-133.1459352075,56.2456944435,0.426915854215622,0.46439371304840027,5
2095,-130.5626019775,55.0206944925,0.425248324871063,0.46363286804316894,5
2096,-134.2209351645,57.2040277385,0.447509855031967,0.4506195019514002,5
2097,-118.9959357735,61.8040275545,0.39640748500824,0.44359611369848867,5
2098,29.5540582845,67.0373606785,0.580626845359802,0.4669206208359893,5
2099,-79.4626040215,47.3040281345,0.393541246652603,0.4703889816879961,5
2100,-84.0876038365,45.4873615405,0.40004163980484,0.4865022297705415,5
2101,-102.5209364325,47.5540281245,0.525014936923981,0.4954056794316383,6
2102,-108.9959361735,47.6623614535,0.457272917032242,0.45911537929599494,6
2103,146.3873869445,-34.6376352545,0.714345395565033,0.6765204483034202,6
2104,-100.1709365265,33.3206953605,0.586602628231049,0.6577864844120411,6
2105,-105.7792696355,45.9206948565,0.440121561288834,0.464183267855119,6
2106,-2.59594042949999,38.2956951615,0.614486873149872,0.5712407869684984,6
2107,0.012392799499992,38.7456951435,0.606798827648163,0.6243033665323269,6
2108,-0.820940500500001,38.0540285045,0.606798827648163,0.6204116312028172,6
2109,-116.7126025315,40.1123617555,0.502349019050598,0.5009773992106393,6
2110,-117.3042691745,39.7123617715,0.501822233200073,0.5040004874740199,6
2111,-117.4709358345,39.2123617915,0.484560251235962,0.4912703201094985,6
2112,-114.1542693005,34.2623619895,0.724089205265045,0.6402422423741927,6
2113,-113.4959359935,42.5040283265,0.509938538074493,0.48310988690982287,6
2114,-117.3042691745,44.9706948945,0.446191400289536,0.4475011716469946,6
2115,-112.2542693765,35.0123619595,0.511916756629944,0.5715737716599245,6
2116,-117.8042691545,45.4623615415,0.442971915006638,0.4533120241030707,6
2117,-120.9292690295,43.0123616395,0.440121561288834,0.47381627393254133,6
2118,-120.2126023915,42.3706949985,0.440121561288834,0.44691069120612886,6
2119,-120.8542690325,41.0873617165,0.38537323474884,0.4798880040415825,6
2120,-103.4292697295,36.8623618855,0.569781422615051,0.5205054703355358,6
2121,-101.3876031445,45.2790282155,0.529057621955872,0.4715908895101908,6
2122,-100.8959364975,34.6290286415,0.435560882091522,0.6114433188855215,6
2123,-2.31260710750001,40.5123617395,0.619028449058533,0.6058506059978631,6
2124,-2.88760708449999,36.8790285515,0.606798827648163,0.593713168550543,6
2125,-6.1376069545,36.3540285725,0.586789786815643,0.632258237965344,6
2126,-114.1126026355,37.9540285085,0.498990803956985,0.4990612678637713,6
2127,-116.1292692215,39.5290284455,0.508509576320648,0.4931015225514959,6
2128,-102.9709364145,29.1873621925,0.724089205265045,0.6562467744194607,6
2129,-112.4542693685,41.3123617075,0.79172146320343,0.4908638897489167,6
2130,-51.8376051265,-27.3626355455,0.535357773303986,0.5681693705479386,6
2131,-52.1959384455,-26.9959688935,0.5295370221138,0.5642891621175343,6
2132,-89.7459369435,14.5040294465,0.494894564151764,0.5976723497964784,6
2133,-90.4959369135,15.2540294165,0.597866177558899,0.5641965598676344,6
2134,-98.0376032785,28.6790288795,0.749583780765533,0.6890133004803812,6
2135,-89.9709369345,45.5706948705,0.416155755519867,0.4804347919859566,6
2136,-88.9709369745,36.9206952165,0.485298544168472,0.5465091285187643,6
2137,126.4123877435,37.7956951815,0.505410313606262,0.5446647662557261,6
2138,-94.4292700895,45.5373615385,0.512031733989716,0.4855163519334722,6
2139,-93.8876034445,44.5873615765,0.566858530044556,0.5439024281494134,6
2140,2.08739271650001,46.8706948185,0.667758584022522,0.5825602836246903,6
2141,10.8040590345,52.0040279465,0.609912037849426,0.5706422450452812,6
2142,4.33739262649999,47.4456947955,0.557810187339783,0.6054450164503344,6
2143,-82.8209372205,40.0373617585,0.736578345298767,0.5660683724778729,6
2144,-86.5792704035,40.4373617425,0.472644448280334,0.5741468710103624,6
2145,3.82072598049999,47.7373614505,0.615117788314819,0.6150643200569086,6
2146,2.12905938149999,50.6206946685,0.644356727600098,0.5779264518117816,6
2147,3.28739266849999,45.6956948655,0.667899608612061,0.6051363716294866,6
2148,-86.2209370845,42.3040283345,0.514458537101746,0.5306416139104048,6
2149,-114.2209359645,44.7623615695,0.45969420671463,0.4302253512589668,6
2150,-114.6292692815,44.0040282665,0.416997134685516,0.42297882514608653,6
2151,-109.5292694855,43.4373616225,0.459421008825302,0.4379148407193978,6
2152,8.42072579649999,46.9540281485,0.420257836580276,0.5276214863374669,6
2153,19.9623920015,48.7623614095,0.593145668506622,0.46963384311799905,6
2154,-115.3542692525,43.7123616115,0.410926252603531,0.4418613466632742,6
2155,-111.6459360675,39.7873617685,0.396540611982346,0.47244335347366473,6
2156,-107.3292695735,39.4123617835,0.489264011383057,0.43831428034027364,6
2157,150.9957200935,-24.9626356415,0.789203107357025,0.682104583582975,6
2158,-100.0709365305,41.5123616995,0.490319162607193,0.4959596714855355,6
2159,-97.6209366285,32.1790287395,0.693960249423981,0.6693869824755041,6
2160,-100.3959365175,52.0040279465,0.442581027746201,0.4296915085011697,6
2161,-96.4459366755,36.2706952425,0.674651324748993,0.5979475942440985,6
2162,-96.7959366615,39.1790284595,0.462046444416046,0.5623210371148634,6
2163,-102.6626030935,45.1456948875,0.408438384532928,0.4620370034731907,6
2164,-88.7959369815,39.9123617635,0.640405058860779,0.5781114748417535,6
2165,-99.6876032125,35.2623619495,0.400686502456665,0.5828558705288105,6
2166,-96.3209366805,39.6540284405,0.601339995861053,0.5624761414928726,6
2167,-98.2042699385,36.8206952205,0.618236660957336,0.5667737817335523,6
2168,-94.5876034165,44.3790282515,0.530882060527802,0.5284139623293759,6
2169,-95.0209367325,39.4040284505,0.614684760570526,0.5767884517959609,6
2170,-93.2376034705,39.4790284475,0.599815607070923,0.5775868959900955,6
2171,-88.5626036575,41.6373616945,0.513551414012909,0.5618630759483657,6
2172,-94.1959367655,43.0040283065,0.512454867362976,0.5287272129369809,6
2173,-94.7959367415,39.8790284315,0.524699211120605,0.5702273351415463,6
2174,-98.9876032405,45.3290282135,0.562505841255188,0.5058794159209336,6
2175,-96.5626033375,43.8623616055,0.538348197937012,0.531086687363908,6
2176,-95.3959367175,41.1290283815,0.629999995231628,0.5531546031938945,6
2177,-92.0292701855,42.2040283385,0.594703793525696,0.5401882919328092,6
2178,-94.2959367615,39.6040284425,0.639040172100067,0.5734596478792763,6
2179,-98.9292699095,47.3456947995,0.568501830101013,0.5020169710400408,6
2180,-91.6626035335,40.3290284135,0.563447117805481,0.5785855372034788,6
2181,-98.1042699425,43.9790282675,0.623333334922791,0.5036420457380676,6
2182,-94.2959367615,40.1873617525,0.624044895172119,0.5738777216549708,6
2183,-95.4459367155,39.7540284365,0.55367511510849,0.5673170129780527,6
2184,-97.8959366175,46.5706948305,0.629999995231628,0.5013317598678002,6
2185,-90.2209369245,40.4123617435,0.455522924661636,0.5763396390429852,6
2186,-122.5792689635,38.5540284845,0.483402371406555,0.6321720528818606,6
2187,35.9957246935,35.8706952585,0.511049747467041,0.6273854971585395,6
2188,9.2873924285,39.8540284325,0.612353563308716,0.6304034303248579,6
2189,17.2207254445,40.8456950595,0.767705202102661,0.6239835194462898,6
2190,-1.4626071415,40.6123617355,0.516577780246735,0.5457318686151288,6
2191,-7.34594023950001,38.9956951335,0.696700632572174,0.6672146235287105,6
2192,8.61239245549999,39.9956950935,0.703000009059906,0.6032508402931094,6
2193,7.09572584949998,43.7956949415,0.514699578285217,0.5992949698214701,6
2194,-4.8459403395,42.4040283305,0.64487099647522,0.5825512691500836,6
2195,-116.8042691945,42.7290283175,0.583975911140442,0.4491508974977221,6
2196,-107.5959362295,33.9623620015,0.526408672332764,0.5266499753167783,6
2197,-108.5042695265,39.6956951055,0.392515927553177,0.45180867693058685,6
2198,-62.5459380315,-15.3209693605,0.431643307209015,0.6377579656026809,6
2199,10.8707256985,0.095696689500002,0.710790634155273,0.5900327221828405,6
2200,10.4123923835,0.620696668500003,0.591032326221466,0.5803865127967215,6
2201,-91.7459368635,16.0040293865,0.68026202917099,0.5768389089306268,6
2202,-89.9959369335,15.7540293965,0.545814275741577,0.5675349396223903,6
2203,165.1373861945,-20.8126358075,0.604828417301178,0.5906800054679795,6
2204,149.2623868295,-37.1293018215,0.678190767765045,0.6601802965499907,6
2205,127.9207210165,34.7873619685,0.653551757335663,0.5630883535867347,6
2206,0.670726106499984,49.4290280495,0.648421823978424,0.5652570251092863,6
2207,14.6623922135,45.4373615425,0.595948040485382,0.5159190931888449,6
2208,19.4873920205,43.7540282765,0.477901041507721,0.5544906078312688,6
2209,-98.3709365985,29.0206955325,0.612022221088409,0.6879768523224351,6
2210,127.9457210155,37.4540285285,0.583433926105499,0.55289039454564,6
2211,-90.4709369145,29.5290288455,0.485246658325195,0.5133939422016817,6
2212,2.40405937049999,49.3123613875,0.525204360485077,0.5923721126827942,6
2213,9.41239242349999,45.2123615515,0.52202969789505,0.5258718926439248,6
2214,-89.7042702785,36.7956952215,0.376666665077209,0.5232991296051226,6
2215,9.8040590745,47.6040281225,0.458533406257629,0.5454286504337784,6
2216,-91.1876035525,33.3623620255,0.471163809299469,0.5562376355784601,6
2217,14.2290588975,41.6540283605,0.664312183856964,0.615475840831025,6
2218,13.3373922665,42.2956950015,0.642639815807343,0.5883123539758195,6
2219,-2.53760709849999,48.2623614295,0.60115259885788,0.5718673925249383,6
2220,-91.9792701875,43.7040282785,0.558113217353821,0.5542618595627258,6
2221,-88.9959369735,35.8290285935,0.623199820518494,0.5418847879897214,6
2222,8.27072580250001,45.6373615345,0.660566926002502,0.5717211674580904,6
2223,92.1790557795,27.2956956015,0.470523715019226,0.4739868802454598,6
2224,6.6457258675,44.1206949285,0.488238483667374,0.4734804640921757,6
2225,-112.6542693605,37.6123618555,0.441371858119965,0.47697926667827073,6
2226,-111.6209360685,41.6706950265,0.488270670175552,0.4687536312684545,6
2227,30.8373915665,61.8540275525,0.446653842926025,0.4831991068787088,6
2228,-102.9709364145,53.3790278915,0.409581214189529,0.4259203866107747,6
2229,-99.1959365655,32.3206954005,0.687366127967834,0.6747637702092963,6
2230,-120.5792690435,37.4873618605,0.694222867488861,0.639771994841984,6
2231,-97.2209366445,46.0623615175,0.58103221654892,0.5046814975262451,6
2232,-97.1292699815,46.5790281635,0.458057820796967,0.5035034455249445,6
2233,9.00405910649999,44.5623615775,0.564381837844849,0.5953844881315775,6
2234,-121.8959356575,37.8706951785,0.676147639751434,0.6352339096797239,6
2235,-119.9542690685,37.2206952045,0.721933245658875,0.6532919154669548,6
2236,4.4373926225,43.7373616105,0.698998093605042,0.63455873121689,6
2237,4.3790592915,44.2790282555,0.726330459117889,0.6266892234777136,6
2238,-89.2459369635,15.2540294165,0.585579633712769,0.5862365867473345,6
2239,-115.2792692555,43.2540282965,0.392515927553177,0.46049565178202423,6
2240,-11.1709400865,7.38736306449999,0.622916460037231,0.6149576439723481,6
2241,-84.0459371715,10.3123629475,0.591777861118317,0.5650341473407837,6
2242,12.8040589545,0.504030006500003,0.653490781784058,0.5872337212930026,6
2243,-39.9209389365,-19.1876358725,0.630379199981689,0.6120637966713374,6
2244,-64.7626046095,-17.0876359565,0.555993854999542,0.6001014367933526,6
2245,-74.9959375335,-8.8293029535,0.637743175029755,0.5716799996973841,6
2246,156.8123865275,-6.9709696945,0.538803935050964,0.5585658319457015,6
2247,12.4957256335,3.3123632275,0.64826625585556,0.5921690755788374,6
2248,104.4123886235,-5.63763641450001,0.513286232948303,0.5708728284914423,6
2249,-65.7626045695,18.1873626325,0.425003975629807,0.5585210243752763,6
2250,-82.1709372465,33.1623620335,0.547938644886017,0.5242711654714081,6
2251,129.0123876395,36.5706952305,0.464327245950699,0.5497468574177201,6
2252,148.1207202085,-35.7209685445,0.585027754306793,0.5797007869535805,6
2253,151.8623867255,-31.3793020515,0.639818251132965,0.6625443710838822,6
2254,152.5290533655,-26.7876355685,0.791569113731384,0.7013908622035582,6
2255,152.5623866975,-31.6626353735,0.749640285968781,0.6316798085529918,6
2256,7.6457258275,48.3873614245,0.634210467338562,0.5648507324081875,6
2257,-93.8292701135,46.8373614865,0.438530474901199,0.4834295219925004,6
2258,-86.4376037425,32.9373620425,0.578896045684814,0.529300715751655,6
2259,128.8623876455,37.6956951855,0.470305591821671,0.566812574345692,6
2260,-84.5459371515,32.0456954115,0.503851354122162,0.5348092712849413,6
2261,-82.7209372245,33.3706953585,0.497690469026566,0.5283157342942685,6
2262,-0.054273864500004,49.2706947225,0.680228710174561,0.5718674645496131,6
2263,-3.72094038450001,48.5623614175,0.601179718971252,0.5647170412147084,6
2264,18.7040587185,48.3456947595,0.656663000583649,0.5548170898755652,6
2265,21.5540586045,54.4040278505,0.468752980232239,0.5092589969387608,6
2266,-77.9959374135,44.4040282505,0.743455529212952,0.5331823934313049,6
2267,1.3873927445,45.9623615215,0.556367635726929,0.5535327038429789,6
2268,-87.7209370245,36.4373619025,0.579756617546082,0.5637027689210367,6
2269,-73.7209375845,45.7206948645,0.445343613624573,0.5272702735062789,6
2270,2.17072604649999,46.0956948495,0.601125478744507,0.5630447330553355,6
2271,-91.1876035525,36.0623619175,0.561083078384399,0.5451523016221053,6
2272,-85.8792704315,30.8290287935,0.517353892326355,0.5243287535625696,6
2273,-122.9376022825,47.6956947855,0.439427345991135,0.5124499697185088,6
2274,-84.5876038165,30.2956954815,0.559256017208099,0.5285194367980693,6
2275,-113.3876026645,44.4123615835,0.457014352083206,0.4289008795847049,6
2276,-122.4959356335,46.3456948395,0.443526268005371,0.48932017172096953,6
2277,-122.3959356375,52.6040279225,0.441078722476959,0.4497324038489073,6
2278,-86.3126037475,30.5623621375,0.515787541866302,0.5183045397537713,6
2279,-93.9209367765,30.8123621275,0.501604020595551,0.5291474277845767,6
2280,19.3207253605,49.4123613835,0.420257836580276,0.48617372025301786,6
2281,-81.5209372725,33.4706953545,0.509610533714294,0.5219252244453838,6
2282,-79.2209373645,34.4956953135,0.543202221393585,0.5195211099942014,6
2283,-84.3542704925,30.9290287895,0.54685115814209,0.5281602968198648,6
2284,-81.6376039345,28.7206955445,0.593543112277985,0.5629265756085982,6
2285,-77.9959374135,35.3123619475,0.554160475730896,0.519625714016736,6
2286,37.5957246295,61.9373608825,0.477901041507721,0.48007223986948805,6
2287,-122.7959356215,62.6040275225,0.458860605955124,0.4409944291160111,6
2288,-132.3959352375,58.6040276825,0.34064906835556,0.44872974779219915,6
2289,13.7290589175,-1.3959699175,0.543216109275818,0.6048808019708948,6
2290,145.4790536475,-17.6126359355,0.771961212158203,0.6496721197108266,6
2291,168.5540527245,-45.0376348385,0.615466594696045,0.5645134901909544,6
2292,-145.1876013925,61.2456942435,0.461606383323669,0.48323298554458216,6
2293,6.43739254249999,43.3373616265,0.758049607276917,0.6298701122941864,6
2294,-47.9792719475,-1.49596991350001,0.695485711097717,0.5713368751818554,6
2295,-85.1876037925,35.8623619255,0.514250040054321,0.5273899749691341,6
2296,-77.2459374435,40.8040283945,0.542444109916687,0.5497989088075076,6
2297,-80.3709373185,40.5956950695,0.489952564239502,0.563405988159143,6
2298,-84.5959371495,34.7123619715,0.492880403995514,0.5290872736361784,6
2299,-80.5376039785,39.7456951035,0.531003832817078,0.5663640344569922,6
2300,-83.2876038685,35.7956952615,0.518452703952789,0.5336779688589547,6
2301,175.9373857625,-38.0209684525,0.589974462985992,0.5816382050148531,6
2302,-81.2792706155,38.8873618045,0.566249012947083,0.5606849493618202,6
2303,-94.8126034075,34.6706953065,0.689158618450165,0.5707564168705148,6
2304,-72.8959376175,-49.2543013365,0.515652656555176,0.4806523396903317,6
2305,-95.4376033825,34.5790286435,0.581685483455658,0.5696694333459827,6
2306,-80.3209373205,39.2456951235,0.547907769680023,0.5632722180459491,6
2307,127.8623876855,38.0290285055,0.46442911028862,0.5583994586841798,6
2308,-76.0792708235,40.8790283915,0.50324958562851,0.5363449390547126,6
2309,-81.4376039425,36.5623618975,0.590839147567749,0.5281916897656889,6
2310,-71.6959376655,-40.0959683695,0.563703119754791,0.5367794066288765,6
2311,0.970726094500009,42.3956949975,0.549017906188965,0.5808532088532304,6
2312,-86.6709370665,35.1706952865,0.569054484367371,0.5467602421754925,6
2313,-81.4376039425,35.6373619345,0.552556693553925,0.5329610986100161,6
2314,-82.1376039145,40.1123617555,0.549552977085114,0.5593348407860469,6
2315,-124.0626022375,43.9206949365,0.456269651651382,0.5414884653561988,6
2316,-106.8042695945,37.2206952045,0.396516054868698,0.4443799699201981,6
2317,21.7373919305,49.1456947275,0.56852525472641,0.5547596690732134,6
2318,-108.0292695455,37.8706951785,0.410190433263779,0.4236737700018097,6
2319,-109.2876028285,42.9873616405,0.439916670322418,0.4250064881803684,6
2320,-116.2459358835,54.3206945205,0.423175245523453,0.41815204558592184,6
2321,-122.4042689705,42.3290283335,0.425776660442352,0.47899178374224544,6
2322,-106.0459362915,39.8290284335,0.427060097455978,0.42610604969328475,6
2323,-111.1959360855,43.2623616295,0.456985294818878,0.42942696145857545,6
2324,-106.9042695905,36.6290285615,0.462862819433212,0.4999713695980383,6
2325,-111.1292694215,42.7623616495,0.432999342679977,0.42382074241611006,6
2326,-99.7959365415,50.8040279945,0.396481513977051,0.42398213769091947,6
2327,-81.7959372615,48.8040280745,0.440921694040298,0.4392512704358156,6
2328,-87.2709370425,46.0373615185,0.368986368179321,0.46747742602045206,6
2329,-76.0876041565,41.4706950345,0.524756848812103,0.5273623374413344,6
2330,-88.9459369755,32.5373620585,0.501041293144226,0.5204751564141702,6
2331,-85.0459371315,44.8040282345,0.712843775749207,0.47707307392673287,6
2332,-87.8542703525,32.0206954125,0.584380388259888,0.5203008320901615,6
2333,-79.7792706755,41.9456950155,0.571071922779083,0.5501771796034577,6
2334,174.3373858265,-35.5293018855,0.509032905101776,0.5873022855025511,6
2335,12.5040589665,49.4040280505,0.43999183177948,0.5247716858691682,6
2336,13.2040589385,48.9040280705,0.421929031610489,0.5129971969581197,6
2337,-86.3959370775,36.8290285535,0.769032955169678,0.563674554202298,6
2338,13.8623922455,49.1706947265,0.479082226753235,0.5258113175294404,6
2339,-84.6376038145,45.2040282185,0.72320544719696,0.47909283220051296,6
2340,2.7373926905,47.6956947855,0.593870401382446,0.5792666321835546,6
2341,-88.6709369865,33.9706953345,0.628832638263702,0.5394196197904054,6
2342,-111.0042694265,43.8040282745,0.450444668531418,0.4419830654614318,6
2343,-118.1126024755,36.0373619185,0.48439833521843,0.5162565581804461,6
2344,-114.7542692765,48.9706947345,0.412811368703842,0.4270966836962244,6
2345,-111.1292694215,45.0206948925,0.445831567049026,0.4241019451766482,6
2346,-121.3959356775,53.2040278985,0.375707745552063,0.4361074979215969,6
2347,-110.4376027825,42.5790283235,0.392515927553177,0.4260919362996538,6
2348,-120.6792690395,40.4290284095,0.447301834821701,0.5117525445391182,6
2349,-58.9542715085,51.5706946305,0.456977218389511,0.45868149923888807,6
2350,-60.2126047915,50.7290279975,0.455477118492126,0.4580795870323283,6
2351,-79.7959373415,49.0040280665,0.458860605955124,0.44650320143428995,6
2352,-120.9959356935,60.8040275945,0.458860605955124,0.4411203863769873,6
2353,-56.3959382775,52.4040279305,0.453754752874374,0.46050969856572677,6
2354,19.4290586895,68.9956939335,0.578178703784943,0.5099091280985605,6
2355,-72.4876043005,47.0123614795,0.614006757736206,0.4846312778467814,6
2356,-76.1792708195,46.1456948475,0.416523903608322,0.49658654136138647,6
2357,-72.2292709775,47.7706947825,0.53991711139679,0.45707327353014426,6
2358,-88.4626036615,46.5373614985,0.458860605955124,0.44812887839430393,6
2359,-71.1459376875,44.2456949235,0.602428019046783,0.47226887573450027,6
2360,-81.7959372615,47.8040281145,0.347334384918213,0.4414369593811657,6
2361,172.1623859135,-41.5876349765,0.604071974754333,0.5961950190418309,6
2362,-71.8542709925,44.2623615895,0.391233652830124,0.511320986581319,6
2363,-90.9959368935,48.6040280825,0.410793364048004,0.43561986982262607,6
2364,-74.1626042335,43.4623616215,0.693588256835938,0.49978102965822147,6
2365,-68.8292711135,45.2790282155,0.455162405967712,0.49472078650625684,6
2366,22.5290585655,54.3790278515,0.422376543283463,0.49213932468519467,6
2367,12.4040589705,53.6040278825,0.480117559432983,0.5229006271623661,6
2368,12.6040589625,53.0040279065,0.495490849018097,0.5245284471334086,6
2369,-88.3876036645,44.9290282295,0.386711806058884,0.5100093999354368,6
2370,-67.5209378325,45.2040282185,0.433412879705429,0.49627450954137947,6
2371,-85.8459370995,42.6623616535,0.42324686050415,0.527832846686123,6
2372,9.37072575849999,54.8540278325,0.713904798030853,0.5383901665580315,6
2373,-128.3959353975,56.2040277785,0.357723027467728,0.4383387269320644,6
2374,-81.7459372635,30.5040288065,0.513411223888397,0.5226061248269754,6
2375,-73.5459375915,49.5873613765,0.41770413517952,0.44949912909772083,6
2376,-72.8792709515,50.7373613305,0.453509986400604,0.4548165962208722,6
2377,-62.9126046835,51.1456946475,0.456527262926102,0.45340387914084535,6
2378,-78.6459373875,48.1956947655,0.452864974737167,0.45126273658183524,6
2379,-62.7209380245,50.4873613405,0.460890084505081,0.4564023902725474,6
2380,-58.5959381895,48.8040280745,0.463711380958557,0.45394216792741704,6
2381,11.3623923455,60.9540275885,0.422843784093857,0.4713286054116808,6
2382,-115.5626025775,56.7706944225,0.39320096373558,0.41461807250184435,6
2383,-56.1959382855,51.2040279785,0.45301279425621,0.4541992888223771,6
2384,-91.1959368855,51.6040279625,0.459570497274399,0.4483871891852179,6
2385,-87.5959370295,49.2040280585,0.467501074075699,0.44531835185516455,6
2386,-57.1959382455,49.6040280425,0.458481073379517,0.4543660243584749,6
2387,-83.7959371815,48.2040280985,0.471346080303192,0.4445158629270838,6
2388,-91.9959368535,52.2040279385,0.454361647367477,0.44740591590598666,6
2389,-88.9959369735,49.0040280665,0.472525149583817,0.4398471487298372,6
2390,-66.7959378615,46.8040281545,0.634163677692413,0.4813733310629151,6
2391,-103.7959363815,53.6040278825,0.400324106216431,0.4276075952973688,6
2392,-5.76260696950001,37.3123618675,0.685999989509583,0.6319289729166985,6
2393,19.4207253565,51.1956946455,0.477901041507721,0.5201370585126892,6
2394,-81.5709372705,26.8706956185,0.749973714351654,0.5378799610608428,6
2395,-81.8626039255,26.4873623005,0.613051116466522,0.5406766020418239,6
2396,-66.1376045545,48.8040280745,0.463935375213623,0.4683164813160643,6
2397,-102.2376031105,54.8706944985,0.42013218998909,0.4404118498537995,6
2398,-123.9959355735,58.8040276745,0.435680389404297,0.4239027427165234,6
2399,-115.5959359095,60.8040275945,0.437345296144485,0.44248023968708694,6
2400,-69.0542711045,44.7790282355,0.44496762752533,0.4953525524169626,6
2401,-71.4209376765,42.0123616795,0.445595979690552,0.5185825830043267,6
2402,8.49572579349999,56.3956944375,0.482601255178452,0.5358978526322278,6
2403,9.30405909449999,53.7040278785,0.424857705831528,0.5391066258774692,6
2404,9.44572575550001,55.9040277905,0.422974199056625,0.537930838833533,6
2405,6.04572589149998,52.8206945805,0.497988373041153,0.544647716338658,6
2406,-122.4042689705,47.9706947745,0.403216600418091,0.5403967769616111,6
2407,-122.5542689645,43.3956949575,0.452825039625168,0.4842846033571583,6
2408,-62.3792713715,49.4290280495,0.440623104572296,0.45999434253685545,6
2409,-66.7542711965,52.4290279295,0.437707126140594,0.4540091554576742,6
2410,32.8540581525,63.8456941395,0.463267594575882,0.4759838261424952,6
2411,-98.7959365815,57.2040277385,0.458860605955124,0.44479315385741813,6
2412,30.1123915955,62.4206941965,0.45039239525795,0.4854462954754085,6
2413,-96.1959366855,52.8040279145,0.467426359653473,0.4433253336385154,6
2414,-72.5959376295,51.1873613125,0.443006664514542,0.45180518278374354,6
2415,-70.0126043995,52.6706945865,0.458860605955124,0.4549498387820793,6
2416,-94.2459367635,48.5290280855,0.459910690784454,0.4306874186187713,6
2417,-119.2209357645,48.5206947525,0.497036993503571,0.43660649272937463,6
2418,-115.2126025915,45.3123615475,0.455588012933731,0.4321347742019319,6
2419,-76.8709374585,50.0623613575,0.455332726240158,0.447194368126442,6
2420,-77.0292707855,48.5790280835,0.458860605955124,0.44593855417572764,6
2421,-112.5042693665,55.7206944645,0.498513728380203,0.4146421501927103,6
2422,-105.7126029715,54.7123611715,0.458569198846817,0.4295036308203423,6
2423,-66.0709378905,50.2623613495,0.447996228933334,0.47822183065129387,6
2424,-109.3959361575,56.8040277545,0.398161798715591,0.43418935528226726,6
2425,-81.2792706155,29.1706955265,0.488000005483627,0.553993668118871,6
2426,-82.4459372355,28.1373622345,0.488000005483627,0.5438359288570127,6
2427,-85.2459371235,30.2706954825,0.479526311159134,0.5206714724903462,6
2428,35.5707247105,61.0206942525,0.432437181472778,0.4858090952239046,6
2429,33.3123914675,59.2206943245,0.477901041507721,0.4871241140573235,6
2430,33.1457248075,60.5206942725,0.480288058519363,0.48777199179615843,6
2431,-72.3876043045,45.5123615395,0.507813811302185,0.5026607717754861,6
2432,-123.7959355815,48.6040280825,0.45969420671463,0.4811872883019623,6
2433,-91.7709368625,29.7956955015,0.516246199607849,0.5348905416378059,6
2434,-135.1792684595,57.5790277235,0.451850712299347,0.4392804419676056,6
2435,-126.1959354855,66.4040273705,0.433928221464157,0.4444425402517394,6
2436,-122.3959356375,61.8040275545,0.458860605955124,0.4406031371499788,6
2437,-119.7959357415,65.0040274265,0.453893095254898,0.44173853958249054,6
2438,-0.920940496500009,44.5206949125,0.50644713640213,0.5306713114041778,6
2439,34.2957247615,64.6706941065,0.485839694738388,0.48323983264224335,6
2440,33.4707247945,68.7373606105,0.601725876331329,0.5335538239720438,6
2441,32.1707248465,63.2790274955,0.506341278553009,0.4785153100060345,6
2442,-74.7459375435,51.4040279705,0.444322019815445,0.4494567115170439,6
2443,-107.5292695655,38.4956951535,0.364008784294128,0.42468503072263575,7
2444,-100.6376031745,37.0540285445,0.408438384532928,0.5390835847284949,7
2445,-101.0876031565,33.4790286875,0.724089205265045,0.6004236276084517,7
2446,-105.0042696665,46.1873615125,0.461219072341919,0.4713263271242921,7
2447,-118.5959357895,34.7123619715,0.632512211799622,0.585355788579878,7
2448,0.104059462500004,41.4123617035,0.606798827648163,0.6264312345156696,7
2449,-5.4959403135,36.6540285605,0.793844938278198,0.6406261352658921,7
2450,-2.6376070945,39.3623617855,0.586789786815643,0.6079252610123718,7
2451,-3.3876070645,42.3956949975,0.771317541599274,0.5832079426919679,7
2452,-4.89594033750001,36.8790285515,0.606798827648163,0.6378986226392294,7
2453,-71.9959376535,-47.3959680775,0.515652656555176,0.4740650477701008,7
2454,21.9623919215,48.6373614145,0.447102010250092,0.5312609124946637,7
2455,8.50405912650001,53.3040278945,0.471427619457245,0.5392552851168475,7
2456,-117.9376024825,44.5623615775,0.440380126237869,0.4537532376612671,7
2457,-111.3792694115,33.7623620095,0.728763222694397,0.5504523146219911,7
2458,12.1290589815,46.0540281845,0.49902081489563,0.5908837541504051,7
2459,-97.0292699855,28.5123622195,0.499889642000198,0.650316112463375,7
2460,-95.6376033745,29.5040288465,0.660000026226044,0.547462596775381,7
2461,-111.9959360535,47.1790281395,0.440121561288834,0.46335551686364307,7
2462,-101.0459364915,47.0290281455,0.629999995231628,0.4942694342543475,7
2463,-101.5292698055,43.4373616225,0.478835225105286,0.48931615946278195,7
2464,-114.6292692815,39.0623617975,0.491953819990158,0.49170921580559246,7
2465,-113.4876026605,36.1206952485,0.511455655097961,0.5260477185760654,7
2466,-116.3042692145,37.2373618705,0.499707043170929,0.5032493359118212,7
2467,-116.0626025575,40.0206950925,0.494256317615509,0.5073806490139146,7
2468,-118.2459358035,37.6956951855,0.443424880504608,0.4788841007784268,7
2469,-114.5626026175,39.5540284445,0.492731958627701,0.5050471744861877,7
2470,-53.3042717345,-26.4293022495,0.592057943344116,0.5833943993167978,7
2471,-73.1376042745,44.1706949265,0.535032510757446,0.5524479349574649,7
2472,126.9540543885,36.8456952195,0.459002017974854,0.560072105681301,7
2473,-88.7126036515,33.1873620325,0.537189960479736,0.5299143012348676,7
2474,31.0290582255,58.1123610355,0.44116747379303,0.501437341393182,7
2475,1.3873927445,49.5623613775,0.602736830711365,0.5917011947376566,7
2476,6.3040592145,47.3956947975,0.571214854717255,0.5926378733421953,7
2477,-85.7126037715,38.5290284855,0.668669164180756,0.5607554635988699,7
2478,-83.8626038455,39.0040284665,0.548918008804321,0.5697774974212396,7
2479,-88.6209369885,44.3206949205,0.55367910861969,0.5376180277713114,7
2480,-92.1459368475,45.1540282205,0.456157863140106,0.5046487255590698,7
2481,-89.8876036045,42.5873616565,0.569262146949768,0.5544080735132126,7
2482,-84.3292704935,41.1873617125,0.543205380439758,0.5665816917650643,7
2483,3.0957260095,46.5623614975,0.528827130794525,0.6050750792333225,7
2484,27.1123917155,59.3206943205,0.683719754219055,0.49636414625119224,7
2485,12.3290589735,44.2706949225,0.586127758026123,0.5765662293329094,7
2486,0.612392775499984,46.6790281595,0.56995165348053,0.6237677465597801,7
2487,10.5040590465,48.8040280745,0.579828381538391,0.5553698368450919,7
2488,-83.6376038545,40.1706950865,0.505296349525452,0.5729645615933696,7
2489,-116.1959358855,44.3873615845,0.440789848566055,0.44853324467657985,7
2490,-111.4542694085,46.7623614895,0.455946505069733,0.43492619880810146,7
2491,-112.9792693475,46.7456948235,0.45969420671463,0.43538951988436825,7
2492,100.2290554575,27.1456956075,0.397249847650528,0.5056961280811902,7
2493,-105.4792696475,33.6706953465,0.533952593803406,0.5325534732731153,7
2494,-91.6792701995,33.5706953505,0.567788064479828,0.5381713877995228,7
2495,94.0457223715,28.6206955485,0.430165976285934,0.5571375119024332,7
2496,-107.3126029075,35.2623619495,0.56868577003479,0.51801076429298,7
2497,7.68739249250001,45.2540282165,0.589028835296631,0.5793549263520378,7
2498,-93.8626034455,33.5206953525,0.623333334922791,0.5476628380720956,7
2499,29.1123916355,58.5456943515,0.601725876331329,0.5015102382106437,7
2500,-127.1959354455,65.0040274265,0.432686597108841,0.4416463668357736,7
2501,-112.9959360135,60.4040276105,0.387209087610245,0.440850227214404,7
2502,150.8623867655,-28.4709688345,0.627377212047577,0.6573363508011346,7
2503,-116.7876025285,45.3456948795,0.441901832818985,0.4570953780797766,7
2504,-98.0876032765,37.6373618545,0.648558378219604,0.5170366392220636,7
2505,-99.2459365635,31.7373620905,0.608937680721283,0.687826014513192,7
2506,-98.6876032525,37.2623618695,0.602020084857941,0.5407371392602583,7
2507,-97.9292699495,38.2790284955,0.648638725280762,0.5216317484433061,7
2508,-98.5959365895,35.6623619335,0.500695586204529,0.590655329397317,7
2509,-96.4542700085,35.8040285945,0.511953294277191,0.5883715042465977,7
2510,-121.7209356645,39.2206951245,0.75,0.6303301322322563,7
2511,-89.1209369685,40.6623617335,0.538482487201691,0.5832917537689412,7
2512,-94.3126034275,37.4123618635,0.603919088840485,0.5902555890894099,7
2513,-94.3876034245,44.9123615635,0.545240640640259,0.5216006562804015,7
2514,-89.7459369435,40.1373617545,0.573901116847992,0.5650683840994363,7
2515,-97.5292699655,44.8623615655,0.577260613441467,0.5216190101131729,7
2516,-97.4876033005,44.3706949185,0.408438384532928,0.5262903903359493,7
2517,-95.6959367055,42.3123616675,0.565609216690063,0.5461269839000201,7
2518,-92.4376035025,42.7206949845,0.491996079683304,0.5398527664957554,7
2519,-92.2959368415,38.6123618155,0.575276672840118,0.5882943368409087,7
2520,-93.8542701125,41.5123616995,0.4356949031353,0.5746489529791345,7
2521,-96.6876033325,43.2540282965,0.373925238847733,0.535988102637308,7
2522,-100.0459365315,47.6456947875,0.430019468069077,0.504533072852922,7
2523,-99.7709365425,40.2623617495,0.480356961488724,0.504334786865234,7
2524,-96.1209366885,37.1456952075,0.697193443775177,0.6073517503378869,7
2525,-117.9959358135,55.2040278185,0.392515927553177,0.4372358504459462,7
2526,-95.0626033975,43.7206949445,0.584039866924286,0.5292373841027792,7
2527,-100.8376031665,48.1040281025,0.479791462421417,0.5025017189532744,7
2528,-97.8876032845,35.0206952925,0.663918673992157,0.6199292687494816,7
2529,-95.4542700485,35.8123619275,0.679978609085083,0.60693272531292,7
2530,-93.4876034605,38.9123618035,0.656368911266327,0.5791622149221055,7
2531,-96.6709366665,44.7623615695,0.557507574558258,0.521750751306715,7
2532,-92.6542701605,39.6456951075,0.56827300786972,0.5776206862986586,7
2533,29.6207249485,-1.4126365835,0.490785121917725,0.5527030893740738,7
2534,-7.7209402245,37.1623618735,0.547114193439484,0.6537193307537518,7
2535,15.0790588635,40.1873617525,0.703000009059906,0.6170982835226975,7
2536,-8.08760687649999,38.8040284745,0.717038691043854,0.6628405684247478,7
2537,-8.19594020549999,38.1706951665,0.642181217670441,0.661590508107833,7
2538,16.4373921425,41.0290283855,0.642639815807343,0.630518689516441,7
2539,-107.7376028905,34.5873619765,0.573309123516083,0.5132742459818844,7
2540,-75.2626041895,10.6790295995,0.464808136224747,0.6386105655757663,7
2541,-96.9459366555,19.5040292465,0.620586037635803,0.5681638402910313,7
2542,164.4373862225,-20.3043024945,0.650210320949554,0.5968446841895232,7
2543,102.0040553865,14.5040294465,0.691835165023804,0.6250528525975904,7
2544,-80.6959373055,-1.5959699095,0.61481648683548,0.6214861018785652,7
2545,-91.0209368925,31.7373620905,0.554390728473663,0.5227353608160294,7
2546,-91.2209368845,31.1956954455,0.494078010320663,0.533765475351141,7
2547,-90.6876035725,30.8873621245,0.549575984477997,0.5304781041760066,7
2548,174.6873858125,-38.9876350805,0.587322592735291,0.592393193623378,7
2549,151.8457200595,-24.7876356485,0.77370697259903,0.7110127894563097,7
2550,126.6873877325,36.4123619035,0.510456383228302,0.5648601130158422,7
2551,8.62072578850001,57.0706944105,0.527787327766418,0.5318267273980106,7
2552,35.7290580375,58.5623610175,0.481901258230209,0.4792503563532343,7
2553,-91.6042702025,31.5873620965,0.583078324794769,0.5539528503943912,7
2554,11.4957256735,45.4623615415,0.655515670776367,0.5926842366682262,7
2555,11.2040590185,53.3040278945,0.483959466218948,0.5239160617122514,7
2556,-96.1542700205,31.3206954405,0.648729026317596,0.6290727965206232,7
2557,-84.2709371625,37.8540285125,0.55572921037674,0.5886100142444776,7
2558,-92.9376034825,46.5706948305,0.507142841815948,0.47543978519333396,7
2559,-96.6042700025,29.4123621835,0.718366503715515,0.6309729948520553,7
2560,15.3873921845,51.1623613135,0.469257056713104,0.5216796776749385,7
2561,-91.5626035375,45.3706948785,0.533884048461914,0.4841731026878054,7
2562,12.2790589755,55.3040278145,0.420742809772491,0.5434709107968613,7
2563,8.90405911049999,50.4040280105,0.634674310684204,0.571988894287205,7
2564,-93.7959367815,45.4373615425,0.513123452663422,0.5030847986296832,7
2565,12.3790589715,43.5706949505,0.781321942806244,0.5999304052452971,7
2566,-120.9542690285,42.5540283245,0.413503438234329,0.4546355511685009,7
2567,-103.6959363855,43.8956949375,0.440121561288834,0.4554328933121862,7
2568,-121.1959356855,52.2040279385,0.420067518949509,0.4219194784232685,7
2569,-121.0626023575,43.6290282815,0.440121561288834,0.45653064531876786,7
2570,-83.1376038745,29.4373621825,0.556995868682861,0.5631488595849009,7
2571,7.42905916949999,44.3040282545,0.480047047138214,0.5646796696002578,7
2572,33.6457247875,59.6456943075,0.43110066652298,0.4863991712346756,7
2573,-89.6709369465,30.2206954845,0.482111841440201,0.5071317332432245,7
2574,-62.0959380495,-19.6959691855,0.543587327003479,0.6425551334383384,7
2575,-96.0792700235,33.5373620185,0.500695586204529,0.6135564550395266,7
2576,-104.2459363635,44.6706949065,0.459677964448929,0.45902861205178436,7
2577,-90.4376035825,38.4206951565,0.487504988908768,0.5838001189287513,7
2578,-86.7792703955,40.8706950585,0.588088572025299,0.5455633297778254,7
2579,-98.4542699285,31.9290287495,0.54612535238266,0.669853963357485,7
2580,7.1790591795,60.4290276095,0.547433972358704,0.5136908606874413,7
2581,22.8373918865,70.3040272145,0.591212034225464,0.5349385250189347,7
2582,-120.4209357165,35.1540286205,0.666599988937378,0.6536373255624455,7
2583,13.0373922785,41.3373617065,0.687757015228271,0.6053374635066722,7
2584,11.5790590035,44.1873615925,0.556651651859283,0.5950728079935882,7
2585,5.11239259550001,44.4206949165,0.494698852300644,0.6097221927585152,7
2586,17.5957254295,40.4623617415,0.606798827648163,0.6300519370024676,7
2587,16.3623921455,39.1790284595,0.55835086107254,0.6025921357117078,7
2588,12.2457256435,42.8373616465,0.744584977626801,0.6314431037541196,7
2589,13.8123922475,45.5873615365,0.636607110500336,0.545599401358995,7
2590,-65.3209379205,10.0123629595,0.636478781700134,0.6562160086142391,7
2591,148.4790535275,-21.1793024595,0.782447874546051,0.6859612999001645,7
2592,-71.3959376775,8.6373630145,0.563193440437317,0.564146835989068,7
2593,-69.8959377375,-3.9959698135,0.624056577682495,0.5957875679380623,7
2594,-76.9959374535,3.9206965365,0.603757858276367,0.5753704647039712,7
2595,-91.4959368735,15.5040294065,0.455371379852295,0.5500151890904936,7
2596,124.7040544785,11.0373629185,0.511142790317535,0.5696126078177061,7
2597,-83.6626038535,37.9873618405,0.483977079391479,0.5602246151272856,7
2598,94.7040556785,28.1206955685,0.630281805992126,0.5544125459539021,7
2599,-90.9626035615,36.6206952285,0.505947709083557,0.5625164904914643,7
2600,-87.3042703745,32.9206953765,0.551525712013245,0.5281056281818781,7
2601,-80.9376039625,38.3456951595,0.545308649539948,0.5409832641058315,7
2602,178.3707189985,-37.6459684675,0.704887926578522,0.5963980557135802,7
2603,9.4040590905,51.3040279745,0.573474705219269,0.5403529263172507,7
2604,152.5790533635,-28.5293021655,0.711219787597656,0.688826310498772,7
2605,169.2790526955,-46.4293014495,0.751637399196625,0.5620582443394697,7
2606,-84.0792705035,32.3373620665,0.519943237304688,0.5259180972046859,7
2607,-79.2376040305,41.1373617145,0.543978154659271,0.5457271540907227,7
2608,-92.4959368335,46.1623615135,0.469908684492111,0.4764282057090413,7
2609,-77.6876040925,37.5790285235,0.527500331401825,0.5199532983236864,7
2610,-76.9959374535,44.2040282585,0.57251513004303,0.538626460430145,7
2611,-86.8626037255,33.2706953625,0.493870288133621,0.5323383124753889,7
2612,-92.9542701485,47.5456947915,0.391195982694626,0.4351131977043626,7
2613,-0.204273858499988,46.6206948285,0.601052165031433,0.5838623401925078,7
2614,16.9707254545,48.5290280855,0.477901041507721,0.534427397626938,7
2615,-81.1959372855,44.0040282665,0.612693607807159,0.5368902694996344,7
2616,174.9373858025,-37.9709684545,0.557859182357788,0.5730291882699192,7
2617,-3.19594040550001,47.7290281175,0.50644713640213,0.5482897404966552,7
2618,2.00405938649999,44.0790282635,0.58161860704422,0.6216601688967808,7
2619,33.4957247935,58.2123610315,0.445363223552704,0.4770420376464097,7
2620,-93.9376034425,31.9706954145,0.550772190093994,0.5388954945680053,7
2621,-94.3626034255,31.4206954365,0.494233280420303,0.5354886216231567,7
2622,-92.7792701555,32.0123620795,0.52904087305069,0.5269308465528498,7
2623,-120.7959357015,54.6040278425,0.410111546516418,0.43530051585602764,7
2624,-77.4376041025,36.0623619175,0.524787485599518,0.5151719572717027,7
2625,-123.5959355895,60.6040276025,0.40438637137413,0.43503395423532976,7
2626,-124.9959355335,65.0040274265,0.458860605955124,0.44082300389977164,7
2627,-125.1959355255,59.8040276345,0.412338465452194,0.44172746877682834,7
2628,-123.7959355815,57.8040277145,0.405647099018097,0.4271225508451353,7
2629,11.6207256685,-0.2209699645,0.610167264938354,0.6135842738296653,7
2630,-101.6626031335,42.8123616475,0.441113620996475,0.476709406677478,7
2631,170.7790526355,-45.3209681605,0.70451956987381,0.6252259124024756,7
2632,-100.8459364995,41.8540283525,0.381558746099472,0.49278477057773834,7
2633,-142.4709348345,63.4623608215,0.458860605955124,0.4488093606754689,7
2634,-133.4542685285,58.0706943705,0.445943742990494,0.48866253651798097,7
2635,-129.1959353655,65.0040274265,0.458860605955124,0.44640962626955144,7
2636,-6.03760695849999,41.8706950185,0.50644713640213,0.6252313810148272,7
2637,-4.52927368550002,38.1790284995,0.632602155208588,0.6292114251306217,7
2638,-7.4792735675,39.7706951025,0.703000009059906,0.6312544507600905,7
2639,-7.03760691849999,39.4206951165,0.714345395565033,0.6384669673840967,7
2640,-5.4959403135,40.2540284165,0.771317541599274,0.5311248314983129,7
2641,-52.3959384375,-12.7959694615,0.665852546691895,0.5947153852225554,7
2642,-54.9126050035,-2.5293032055,0.55328893661499,0.5980130483508259,7
2643,-85.6792704395,36.4790285675,0.631771147251129,0.5479589373910567,7
2644,-80.1376039945,35.5623619375,0.496760934591293,0.5231194279969328,7
2645,-86.6459370675,37.2540285365,0.55544376373291,0.565700649392626,7
2646,-93.6126034555,36.2373619105,0.556193351745605,0.5749929270008406,7
2647,-82.4542705685,34.0040286665,0.490854769945145,0.5256861363691518,7
2648,-72.2959376415,-40.7126350115,0.511031448841095,0.5249708442187849,7
2649,-76.3959374775,45.0040282265,0.37199804186821,0.4930954491870843,7
2650,-85.2042704585,32.5706953905,0.504546701908112,0.5451285718081493,7
2651,-7.82094022050001,40.6956950655,0.512006819248199,0.5561421622852396,7
2652,128.1040543425,35.7540285965,0.609848737716675,0.5437869060004004,7
2653,-92.9626034815,36.5540285645,0.645789504051208,0.5795085489531293,7
2654,-81.1042706225,40.3623617455,0.493236660957336,0.5699847384742901,7
2655,-82.0792705835,39.5040284465,0.631467342376709,0.5710160670246093,7
2656,7.77905915549999,47.1040281425,0.446102470159531,0.5470281767618783,7
2657,-78.3542707325,40.0040284265,0.567644000053406,0.57131061234102,7
2658,-76.7209374645,40.3040284145,0.589644432067871,0.5647592762218062,7
2659,-106.2792696155,38.7956951415,0.423819363117218,0.42964902999869387,7
2660,-117.7126024915,46.1706948465,0.42375436425209,0.45319460023456365,7
2661,-110.3042694545,44.9706948945,0.437700718641281,0.4322870355465762,7
2662,-125.1959355255,53.2040278985,0.429229646921158,0.4293810093288037,7
2663,-123.1626022735,43.2956949615,0.585205912590027,0.5719695635471758,7
2664,-107.5876028965,44.6373615745,0.426556587219238,0.4205942135271156,7
2665,-106.6459362675,37.8540285125,0.437700718641281,0.42756860597288254,7
2666,-126.7959354615,55.2040278185,0.34064906835556,0.4224545395596039,7
2667,-125.1959355255,55.8040277945,0.425435900688171,0.42067033399754883,7
2668,-124.5959355495,55.4040278105,0.421210378408432,0.416750440904547,7
2669,-123.9542689085,45.8956948575,0.390867620706558,0.5013641732854228,7
2670,-108.9542695085,43.9206949365,0.466602772474289,0.43304570742686815,7
2671,-106.9459362555,38.2956951615,0.392515927553177,0.4234746079800752,7
2672,29.9373916025,58.9790276675,0.561368644237518,0.48520519752471575,7
2673,28.8123916475,59.1206943285,0.477901041507721,0.49716143630125353,7
2674,9.72905907750001,61.6706942265,0.450332552194595,0.4831898306139955,7
2675,-96.3709366785,48.5040280865,0.40427553653717,0.4419253551425654,7
2676,23.7540585165,69.6956939055,0.591212034225464,0.544758664870506,7
2677,16.5540588045,67.9790273075,0.527811765670776,0.517411042465028,7
2678,-3.8542737125,40.8456950595,0.477901041507721,0.4789446403238103,7
2679,-59.7959381415,-2.42930320950001,0.680920541286469,0.6174024067578979,7
2680,16.6207254685,2.65402992049999,0.677275061607361,0.6113035764054917,7
2681,169.2623860295,-18.8959692175,0.593313574790955,0.5621582084930973,7
2682,-81.8626039255,34.0790286635,0.493635982275009,0.5266618404363621,7
2683,-86.3292704135,46.4123615035,0.598004460334778,0.4744407619484697,7
2684,21.6123919355,54.9873611605,0.488141089677811,0.5059659465817864,7
2685,-83.6626038535,34.2456953235,0.506741046905518,0.5176019879964984,7
2686,13.1957256055,49.4623613815,0.579835057258606,0.5340209235032434,7
2687,-88.3876036645,35.9373619225,0.524339318275452,0.5620498101408352,7
2688,2.82905935349999,46.1290281815,0.701310813426971,0.5796905125565042,7
2689,-74.1626042335,42.8623616455,0.56949782371521,0.5443067416705138,7
2690,-77.6376040945,42.6123616555,0.496079742908478,0.5461257646160522,7
2691,-75.6959375055,39.5540284445,0.528474509716034,0.5191938363007138,7
2692,-110.3292694535,43.8456949395,0.40644159913063,0.4390207181329425,7
2693,5.1290592615,61.0290275855,0.591212034225464,0.4977136801901008,7
2694,-112.3626027055,45.9123615235,0.459175139665604,0.4390009789626971,7
2695,-92.2459368435,33.5790286835,0.598723173141479,0.5288633625264407,7
2696,-120.3709357185,40.0373617585,0.439265429973602,0.45815871088192284,7
2697,18.9790587075,48.7790280755,0.508545279502869,0.48310201685720683,7
2698,-110.9876027605,45.9623615215,0.400801867246628,0.4276436642572684,7
2699,-87.8292703535,30.7790287955,0.493870288133621,0.5348611214347201,7
2700,-74.7292708775,39.5456951115,0.491796344518661,0.5139799662259215,7
2701,-70.3292710535,48.1790280995,0.436809569597244,0.4744836956091074,7
2702,-79.0709373705,49.1540280605,0.427195817232132,0.44661416865056847,7
2703,-77.0126041195,49.5706947105,0.460894346237183,0.446824674253473,7
2704,19.4623920215,68.5373606185,0.591212034225464,0.5381521527104184,7
2705,14.3957255575,66.4123607035,0.457019835710526,0.5069757700086102,7
2706,-142.5626014975,60.2290276175,0.390979200601578,0.47635373775092665,7
2707,-122.7626022895,40.3290284135,0.567081928253174,0.6000634394510185,7
2708,-91.7459368635,14.7540294365,0.561337947845459,0.5558200627561533,7
2709,-73.2876042685,47.2290281375,0.467147380113602,0.4596094556637785,7
2710,-84.8876038045,46.1456948475,0.398422241210938,0.46502698214570803,7
2711,-74.3459375595,48.3956947575,0.461783170700073,0.45026568321592525,7
2712,-78.5792707235,41.0873617165,0.551880896091461,0.5336655519254084,7
2713,-82.3959372375,46.6040281625,0.418979942798615,0.4512448209115372,7
2714,9.70405907849999,50.2040280185,0.573822677135468,0.5209341258842848,7
2715,-75.2792708555,41.9456950155,0.396482080221176,0.5447197063399509,7
2716,93.5123890595,27.0123622795,0.455865621566772,0.5475966633212495,7
2717,92.8790557515,27.2790289355,0.457703977823257,0.5446341430014788,7
2718,-74.1209375685,41.4790283675,0.668829500675201,0.5363696259311493,7
2719,22.6123918955,54.9540278285,0.466620832681656,0.4992174557273831,7
2720,9.00405910649999,50.9040279905,0.489663362503052,0.5330988817132614,7
2721,13.6373922545,53.0956945695,0.478470057249069,0.5143493968400562,7
2722,-85.1626037935,44.2706949225,0.660913228988647,0.4901959937804842,7
2723,-79.7209373445,33.3790286915,0.494601905345917,0.5352518854434831,7
2724,-127.5959354295,52.0040279465,0.428543865680695,0.48662107861529763,7
2725,-94.3876034245,30.5040288065,0.536257028579712,0.513901176586694,7
2726,5.7207259045,58.5540276845,0.475867360830307,0.5266477727577408,7
2727,-79.0792707035,34.0623619975,0.488523811101913,0.5186863684675005,7
2728,-75.3709375185,38.7790284755,0.567616283893585,0.5139964207452884,7
2729,-75.7709375025,50.3540280125,0.438003987073898,0.44878029701878147,7
2730,12.1540589805,62.2123608715,0.591212034225464,0.4935848259704827,7
2731,-67.9542711485,51.2373613105,0.452781945466995,0.4601961506834921,7
2732,-62.0292713855,50.7790279955,0.452065736055374,0.454239932894897,7
2733,-67.4376045025,48.0790281035,0.69543045759201,0.4589582281624825,7
2734,-71.9042709905,51.4623613015,0.464217662811279,0.45367129942741735,7
2735,-71.0709376905,48.7873614085,0.479785442352295,0.45904336049694616,7
2736,-72.7459376235,50.0373613585,0.452781409025192,0.44777613466659644,7
2737,-67.8709378185,51.9623612815,0.458860605955124,0.45812459128124583,7
2738,7.98739248050001,59.1956943255,0.429450213909149,0.47724828444536854,7
2739,-61.5042714065,51.6873612925,0.441023856401443,0.4572263002985942,7
2740,-148.8626012455,65.4290274095,0.497537046670914,0.4443339044252983,7
2741,-85.7959371015,48.8040280745,0.436308056116104,0.4357774322642017,7
2742,-73.3042709345,50.3540280125,0.456505924463272,0.45293366941403507,7
2743,-69.7042710785,48.3456947595,0.4586501121521,0.4543729175932579,7
2744,-92.9959368135,51.0040279865,0.460339039564133,0.44422205010205557,7
2745,-92.7959368215,52.2040279385,0.458860605955124,0.44776484516121123,7
2746,10.5040590465,63.1040275025,0.477901041507721,0.48720442099431205,7
2747,-67.6292711615,48.7706947425,0.390666216611862,0.4759110888663817,7
2748,-98.9042699105,52.3373612665,0.419999986886978,0.4424380971140404,7
2749,-112.7709360225,55.0456944915,0.400588721036911,0.4189787353281998,7
2750,-50.9376051625,-26.4626355815,0.57868105173111,0.5662342603332217,7
2751,7.3623925055,46.7456948235,0.420257836580276,0.5150185410926583,7
2752,168.6290527215,-44.0293015455,0.579334616661072,0.5877756893881266,7
2753,167.7873860885,-46.8126347675,0.727408409118652,0.5712643831688868,7
2754,16.1373921545,52.1540279405,0.477901041507721,0.509824810748261,7
2755,-73.4042709305,41.6956950255,0.639592707157135,0.5446060421124888,7
2756,-91.5959368695,45.9873615205,0.434375107288361,0.48413012279377515,7
2757,-123.5959355895,55.6040278025,0.430245876312256,0.42387006937714494,7
2758,-99.9959365335,55.2040278185,0.422787457704544,0.44033842309189514,7
2759,-124.3959355575,59.2040276585,0.439269036054611,0.42890401066194767,7
2760,-121.9959356535,59.4040276505,0.460840463638306,0.43923389632531734,7
2761,-101.0459364915,54.5456945115,0.458704829216003,0.43875982524775975,7
2762,-76.4709374745,46.6206948285,0.435700237751007,0.45832333727399105,7
2763,2.2790593755,45.6290282015,0.471427619457245,0.525158042507187,7
2764,-70.9292710295,41.7206950245,0.481557369232178,0.515767083963809,7
2765,2.78739268850001,45.3540282125,0.689349889755249,0.5555363606343006,7
2766,4.1957259655,44.7456949035,0.476533114910126,0.506067120348588,7
2767,6.6457258675,51.9373612825,0.628437221050262,0.5284900609028411,7
2768,8.50405912650001,52.6040279225,0.526322901248932,0.5355462876120112,7
2769,12.3040589745,54.2040278585,0.529215335845947,0.5252408221489184,7
2770,-149.0292679055,61.7373608905,0.459470152854919,0.47718207312165295,7
2771,-71.0959376895,50.9540279885,0.457534909248352,0.4526752911199621,7
2772,-74.0792709035,50.7373613305,0.428682774305344,0.4529091274823172,7
2773,-69.7959377415,51.6040279625,0.419999986886978,0.4489584665951825,7
2774,30.3457249195,62.8706941785,0.477901041507721,0.48528373144158965,7
2775,-66.1626045535,51.5540279645,0.455312877893448,0.456074786565333,7
2776,-87.9959370135,49.6040280425,0.465988218784332,0.4361354526370697,7
2777,8.95405910849999,42.4206949965,0.50644713640213,0.5871900117645057,7
2778,-118.3292691335,48.9373614025,0.443191856145859,0.4448951424100923,7
2779,-118.4959357935,48.1040281025,0.444643795490265,0.4619493671284481,7
2780,-121.0376023585,46.7206948245,0.457112431526184,0.4394201252826929,7
2781,-123.5626022575,47.8873614445,0.443014562129974,0.4734041424884555,7
2782,-121.9042689905,47.4456947955,0.453069061040878,0.491423646829099,7
2783,-115.9959358935,49.4040280505,0.485481470823288,0.4468727983154091,7
2784,-76.5626041375,49.0540280645,0.434525698423386,0.44821149787855596,7
2785,-77.7709374225,51.3623613055,0.436588108539581,0.44797042268222265,7
2786,-97.3959366375,55.6040278025,0.45824345946312,0.44296260502918733,7
2787,151.8457200595,-32.6209686685,0.752288103103638,0.6602927072182938,7
2788,153.0207200125,-26.3793022515,0.67572808265686,0.6607443456515208,7
2789,-81.2959372815,29.6206955085,0.488000005483627,0.538541407509958,7
2790,33.3957247975,60.0790276235,0.491255134344101,0.4904867793389438,7
2791,29.1207249685,62.5373608585,0.507391095161438,0.4876663959661803,7
2792,34.0540581045,67.5623606575,0.428887188434601,0.48522840514231,7
2793,35.0540580645,61.4790275675,0.502308011054993,0.4796679014586063,7
2794,-82.2959372415,30.8873621245,0.407257348299026,0.5307667075126855,7
2795,-125.7959355015,49.8040280345,0.431176334619522,0.4675538223363521,7
2796,-129.3959353575,53.6040278825,0.425449222326279,0.4745972659943472,7
2797,33.4123914635,62.9623608415,0.468552947044373,0.48126421750269927,7
2798,-131.1459352875,55.3623611455,0.410745561122894,0.4593151671061312,7
2799,-131.4126019435,54.9290278295,0.418976783752441,0.49123848262143593,7
2800,-147.7376012905,59.8373609665,0.449999988079071,0.46597593070452087,7
2801,-120.3959357175,62.6040275225,0.469721436500549,0.43858456478050706,7
2802,-78.1792707395,51.8956946175,0.45831486582756,0.4462821251610765,7
2803,-127.5959354295,66.6040273625,0.507142841815948,0.440899020931219,7
2804,-120.7959357015,58.2040276985,0.491956472396851,0.4213046816931835,7
2805,-130.3959353175,67.4040273305,0.420473158359528,0.44049541717603236,7
2806,-93.1209368085,38.2206951645,0.604223966598511,0.5873730667937889,7
2807,5.44572591549999,52.4623612615,0.641568660736084,0.5323232052400442,8
2808,-112.2626027095,38.6206951485,0.531988024711609,0.50551141812303,8
2809,12.2040589785,47.6040281225,0.478174984455109,0.5512291768914738,8
2810,145.8373869665,-34.5543019245,0.714345395565033,0.679377109769238,8
2811,-109.4959361535,45.8373615265,0.442243635654449,0.45676722254737007,8
2812,-105.9542696285,45.3706948785,0.440121561288834,0.45919495915982544,8
2813,-100.9876031605,34.0540286645,0.600893318653107,0.5963341072584237,8
2814,-107.8209362205,45.8873615245,0.440121561288834,0.4623282457922257,8
2815,-0.487607180499992,40.4623617415,0.47978475689888,0.5128955288029772,8
2816,-2.95427374850001,37.9290285095,0.519108712673187,0.6134889566095884,8
2817,-3.6292737215,39.6540284405,0.597933948040009,0.5939409743860008,8
2818,-6.75427359650001,38.9123618035,0.714345395565033,0.6213697424314173,8
2819,-118.2126024715,40.5790284035,0.509938538074493,0.5082285621555632,8
2820,-108.9209361765,40.5956950695,0.514906644821167,0.4782481365565958,8
2821,-116.3292692135,38.7040284785,0.535808563232422,0.4945015595634657,8
2822,-112.3126027075,43.2456949635,0.418509840965271,0.4838814961021231,8
2823,18.6957253855,47.8790281115,0.781321942806244,0.5817653893889574,8
2824,4.6040592825,45.8706948585,0.685043931007385,0.5881572772355314,8
2825,-118.3459357995,43.9956949335,0.440121561288834,0.4606370162036217,8
2826,-104.8376030065,31.9790287475,0.493397265672684,0.5368587224303427,8
2827,-116.3376025465,41.3290283735,0.392515927553177,0.44378024060593735,8
2828,149.5457201515,-26.7293022375,0.582422137260437,0.6564099152764283,8
2829,-114.3376026265,47.5540281245,0.466602772474289,0.4778213457669434,8
2830,-104.6292696815,35.5123619395,0.56997537612915,0.5355360251694714,8
2831,-101.6709364665,35.6706952665,0.724089205265045,0.5516334344819971,8
2832,-98.2876032685,33.8290286735,0.724089205265045,0.6488586488590985,8
2833,-98.4626032615,34.6623619735,0.657695472240448,0.6361926677814588,8
2834,-100.6209365085,31.3790287715,0.724089205265045,0.6485654285951241,8
2835,-101.5042698065,34.8623619655,0.535913407802582,0.5855773684895037,8
2836,-101.3709364785,46.5790281635,0.581285715103149,0.48149997907622755,8
2837,-88.7792703155,38.5040284865,0.639427483081818,0.5580210461964532,8
2838,-101.4792698075,44.5456949115,0.500695586204529,0.48884598756312003,8
2839,-117.0626025175,33.4123620235,0.692908763885498,0.6454988081566188,8
2840,-0.829273833499997,37.5956951895,0.606798827648163,0.6247627399052252,8
2841,-2.03760711850001,39.5206951125,0.606798827648163,0.6278234304767385,8
2842,35.2540580565,33.1790286995,0.767705202102661,0.6208250303788099,8
2843,2.30405937449999,43.1456949675,0.647927701473236,0.6097312002760471,8
2844,-116.8292691935,38.4373618225,0.486667364835739,0.5014807517207579,8
2845,-114.8626026055,41.0373617185,0.712058186531067,0.4766586590284797,8
2846,-112.7459360235,39.9123617635,0.509938538074493,0.5076096899409258,8
2847,-119.6042690825,40.7623617295,0.509938538074493,0.49762209012617925,8
2848,-117.5376024985,41.6873616925,0.392515927553177,0.47156999785910236,8
2849,-98.9042699105,27.920695576500002,0.724089205265045,0.6939880738816763,8
2850,-101.5959364695,30.7123621315,0.5469029545784,0.6383073765543302,8
2851,-90.4959369135,17.5040293265,0.576607167720795,0.590585736785209,8
2852,-52.5626050975,-26.4626355815,0.566897332668304,0.5760095475045676,8
2853,-61.4959380735,-14.4959693935,0.57257217168808,0.6111867799216253,8
2854,-89.9876036005,45.1123615555,0.483678966760635,0.49479777529761326,8
2855,175.7290524375,-37.3043018145,0.554127097129822,0.5868446545398198,8
2856,-90.6292702415,45.6040282025,0.478894621133804,0.4798113429003341,8
2857,5.7123925715,47.8790281115,0.682703733444214,0.5969902225883614,8
2858,1.4623927415,50.0290280255,0.481289029121399,0.5848607414393566,8
2859,3.75405931649999,49.8123613675,0.611115217208862,0.6117858476595499,8
2860,-81.7042705985,41.2873617085,0.706482172012329,0.5544062486866944,8
2861,-90.4042702505,44.5956949095,0.412537693977356,0.5173688768786665,8
2862,-85.1459371275,40.5956950695,0.627857208251953,0.563983856203063,8
2863,-84.9959371335,40.1373617545,0.448730975389481,0.5616243043883773,8
2864,-1.4709404745,49.5373613785,0.565528035163879,0.5594369960794584,8
2865,-88.0042703465,43.4206949565,0.546636164188385,0.5302850778372598,8
2866,-85.3209371205,42.0623616775,0.549434185028076,0.5312734756841347,8
2867,-84.4292704895,40.6540284005,0.591596662998199,0.5704707121288433,8
2868,-95.0792700635,45.3373615465,0.500695586204529,0.5084371009830273,8
2869,14.6040588825,50.9040279905,0.496723353862762,0.5386443386056486,8
2870,7.40405917050001,50.7040279985,0.583014488220215,0.5743001127230907,8
2871,-85.1792704595,42.6040283225,0.586706042289734,0.5177725753192605,8
2872,12.9040589505,47.7040281185,0.477770090103149,0.5106533155339024,8
2873,145.5707203105,-17.0793026235,0.597365379333496,0.6544766142477632,8
2874,-95.0459367315,29.3540288525,0.343823492527008,0.559736822288163,8
2875,-96.9792699875,37.0373618785,0.599724352359772,0.6041234773348709,8
2876,-98.7626032495,29.7206955045,0.627615988254547,0.675770254593878,8
2877,-98.6876032525,37.9706951745,0.431656748056412,0.5303631853531505,8
2878,-96.2292700175,38.1706951665,0.527912795543671,0.5760983845048205,8
2879,-97.1709366465,34.9956952935,0.747363984584808,0.6266380692693406,8
2880,-99.6376032145,38.5706951505,0.650031745433807,0.5030301400717302,8
2881,-97.7792699555,36.3790285715,0.608776211738586,0.5887315264701105,8
2882,-97.0459366515,37.8790285115,0.559802889823914,0.5576456208571349,8
2883,-92.1626035135,39.9956950935,0.540182888507843,0.5794092000839665,8
2884,-95.1376033945,41.7123616915,0.461164325475693,0.5554152095606649,8
2885,-89.2209369645,42.1540283405,0.634887278079987,0.5528755656181407,8
2886,-94.0876034365,44.0540282645,0.541946172714233,0.5446817386618246,8
2887,-94.1126034355,39.0373617985,0.553877711296082,0.5805100218606992,8
2888,-93.4042701305,43.2373616305,0.629999995231628,0.5266025854623884,8
2889,-97.3626033055,40.2873617485,0.644932925701141,0.5456750386607216,8
2890,-98.6876032525,41.1373617145,0.557193994522095,0.5290649151858522,8
2891,-99.2709365625,41.5790283635,0.458000004291534,0.5099190272056477,8
2892,-95.3626033855,38.7873618085,0.636305391788483,0.5931571785656464,8
2893,-100.1959365255,46.2456948435,0.538398802280426,0.4937800921902548,8
2894,-97.1792699795,48.8373614065,0.56333315372467,0.4682980074530777,8
2895,-89.6292702815,41.8123616875,0.56026291847229,0.5490326997784187,8
2896,-97.6209366285,37.0206952125,0.466752678155899,0.574901117135053,8
2897,-16.5376065385,28.3373622265,0.610000014305115,0.6345862970042521,8
2898,-3.58760705649999,38.3373618265,0.586789786815643,0.6305681090840334,8
2899,-120.4542690485,34.5956953095,0.703071296215057,0.6366169134036227,8
2900,16.7123921315,39.5540284445,0.516408562660217,0.6528458849228547,8
2901,-5.9542736285,38.6123618155,0.714345395565033,0.6493370025994438,8
2902,13.5457255915,43.1540283005,0.589870035648346,0.5993825814160063,8
2903,11.5623923375,42.7956949815,0.760585129261017,0.6349247230988527,8
2904,14.1623922335,42.2290283375,0.667213976383209,0.6393764817811541,8
2905,15.1873921925,41.2706950425,0.764278411865234,0.6368135055565444,8
2906,-119.6126024155,45.8873615245,0.359819918870926,0.5713180269131111,8
2907,-114.1459359675,42.1873616725,0.34064906835556,0.4684210518348735,8
2908,-73.5959375895,-4.8959697775,0.663871169090271,0.5819143850321854,8
2909,-84.5292704855,9.7706963025,0.569782853126526,0.574882342633881,8
2910,-95.1292700615,18.5873626165,0.567792534828186,0.5642271911621292,8
2911,152.1790533795,-29.3543021325,0.746754944324493,0.6598417456668327,8
2912,175.3290524535,-41.5709683105,0.56402450799942,0.5998150789291622,8
2913,-90.8626035655,46.9123614835,0.405225574970245,0.4868345711164975,8
2914,-90.3959369175,35.9373619225,0.512991786003113,0.5435902462464892,8
2915,-91.2876035485,43.6373616145,0.523751199245453,0.5690630193532623,8
2916,-91.0292702255,29.7540288365,0.443157851696014,0.5141401308698248,8
2917,-96.2126033515,30.6956954655,0.655675232410431,0.6315464716440008,8
2918,-90.2709369225,32.6623620535,0.574361205101013,0.5577966215887945,8
2919,-91.8626035255,30.8123621275,0.62153160572052,0.5437657825693579,8
2920,-91.3626035455,32.3873620645,0.509652018547058,0.5621111070557698,8
2921,-89.0792703035,44.8706948985,0.791617512702942,0.4903420605525789,8
2922,3.66239265350001,46.2290281775,0.54729288816452,0.5973911093093148,8
2923,-90.2042702585,33.4456953555,0.566931664943695,0.5481565411116958,8
2924,-0.270940522500013,48.7790280755,0.644990861415863,0.5961034756403429,8
2925,12.7040589585,51.6040279625,0.52758651971817,0.5375496491562907,8
2926,8.7040591185,45.0706948905,0.422160387039185,0.5380640348384685,8
2927,11.1207256885,59.5790276435,0.495292007923126,0.4840256826976253,8
2928,11.9040589905,48.0040281065,0.515674114227295,0.5405158517005676,8
2929,-91.7792701955,46.6706948265,0.438263028860092,0.500316285082216,8
2930,-91.1459368875,44.3790282515,0.520593523979187,0.5371876598684837,8
2931,-89.1376036345,44.0706949305,0.507142841815948,0.5102262012643233,8
2932,5.11239259550001,49.0290280655,0.517947852611542,0.593320779341782,8
2933,-90.9626035615,30.2790288155,0.479885667562485,0.5297869903737273,8
2934,13.0040589465,54.4040278505,0.488404482603073,0.5258455722009624,8
2935,10.6790590395,54.8040278345,0.563789665699005,0.5310321108346553,8
2936,-91.0042702265,34.6790286395,0.5860236287117,0.5362236519659284,8
2937,-95.3792700515,46.7206948245,0.442827194929123,0.5036808754524558,8
2938,-90.2126035915,43.1623616335,0.561007499694824,0.5585409208673713,8
2939,12.9040589505,48.3040280945,0.540106952190399,0.5360124897964401,8
2940,-110.8709360985,40.0456950915,0.458181440830231,0.44175167058476605,8
2941,13.6123922555,46.5290281655,0.660357773303986,0.5177900700941721,8
2942,7.2457258435,45.6706948665,0.601725876331329,0.49612802014529417,8
2943,10.3040590545,47.3040281345,0.494170665740967,0.5003175388364551,8
2944,-111.4876027405,40.3373617465,0.627603888511658,0.47965660478471894,8
2945,-83.4709371945,29.8123621675,0.493942975997925,0.5332208095338066,8
2946,-123.1959356055,52.2040279385,0.427060097455978,0.44237138150366073,8
2947,11.1457256875,46.5956948295,0.62352842092514,0.5234735929114226,8
2948,-98.0709366105,27.6706955865,0.724089205265045,0.6855358778797613,8
2949,-119.3459357595,36.6706952265,0.75,0.6512380867158245,8
2950,-99.0709365705,30.8873621245,0.747088551521301,0.6699780763766521,8
2951,-99.6876032125,42.6706949865,0.466975837945938,0.5007697184231661,8
2952,-95.9959366935,33.0623620375,0.55139285326004,0.621930245145269,8
2953,8.04572581150001,44.0290282655,0.613797962665558,0.6397301187322114,8
2954,14.8373922065,37.1540285405,0.740722000598907,0.6417960410540516,8
2955,-7.57927356350001,38.5456951515,0.642181217670441,0.663841474105873,8
2956,8.72905911749999,41.9623616815,0.451254099607468,0.6530437177315117,8
2957,-59.7126048115,-0.912636603500005,0.67600691318512,0.6044016134760142,8
2958,-58.7959381815,4.5040298465,0.739145219326019,0.6141587696300187,8
2959,-68.3126044675,-10.5459695515,0.49352702498436,0.5653580450334513,8
2960,-72.9959376135,7.1040297425,0.550792753696442,0.5662488238040283,8
2961,151.6290534015,-31.8959686975,0.785588502883911,0.6343786207551769,8
2962,-92.1292701815,36.6706952265,0.445926308631897,0.5567230219557355,8
2963,8.30405913449999,51.2040279785,0.479534149169922,0.516520610213964,8
2964,-83.4292705295,37.1040285425,0.494064748287201,0.5347515697723897,8
2965,23.9040585105,59.0956943295,0.477901041507721,0.4840752259273237,8
2966,-94.7959367415,49.8040280345,0.419999986886978,0.43772232364390423,8
2967,-77.2626041095,38.0123618395,0.478201329708099,0.5240521400936956,8
2968,-88.2709370025,33.6623620135,0.50995796918869,0.5228140292678065,8
2969,-85.1542704605,31.5540287645,0.591294705867767,0.532599856634792,8
2970,129.2540542965,35.8873619245,0.463010549545288,0.5518616796845486,8
2971,-83.6959371855,41.7290283575,0.611944437026978,0.5506017164578891,8
2972,-94.2376034305,32.7456953835,0.572402358055115,0.5539277764903813,8
2973,-123.8626022455,42.6456949875,0.459691017866135,0.509354517058602,8
2974,-82.6709372265,29.9956954935,0.610236644744873,0.534279885610735,8
2975,-92.1709368465,32.0290287455,0.491040945053101,0.5329695831808134,8
2976,-114.4792692875,49.6706947065,0.427060097455978,0.43117416138019593,8
2977,-122.3959356375,54.0040278665,0.46376034617424,0.43971892503881604,8
2978,-83.3542705325,30.3373621465,0.488000005483627,0.5255241967103411,8
2979,-93.3126034675,32.2206954045,0.516537189483643,0.536445406885203,8
2980,-81.6876039325,32.8873620445,0.556477248668671,0.5275092048017503,8
2981,-94.4542700885,32.2956954015,0.493467509746552,0.5400613980285658,8
2982,-82.0292705855,29.8373621665,0.479657202959061,0.5415283273374538,8
2983,34.3790580915,60.9206942565,0.589691340923309,0.47592836152761697,8
2984,-114.4542692885,56.7956944215,0.393119543790817,0.42366315818149736,8
2985,-127.9959354135,60.0040276265,0.525710880756378,0.43586285544839287,8
2986,173.7957191815,-41.9543016285,0.749000012874603,0.6120675174220221,8
2987,171.4373859425,-43.5293015655,0.64666211605072,0.5842851154673675,8
2988,-71.3126043475,-11.8459694995,0.561151027679443,0.5698795213413553,8
2989,-10.7709401025,7.7290297175,0.712799727916718,0.6062429003603222,8
2990,-81.6459372675,34.5706953105,0.493726789951324,0.5184975746736025,8
2991,-82.0292705855,38.9456951355,0.547194719314575,0.555769196624436,8
2992,-82.3376039065,35.6706952665,0.559468686580658,0.541098099585045,8
2993,127.3457210395,35.1123619555,0.710856139659882,0.559213687415086,8
2994,-82.7542705565,36.8206952205,0.487193703651428,0.5362981881614549,8
2995,-84.5626038175,35.9706952545,0.422879457473755,0.5416804540403453,8
2996,127.8790543515,35.2540286165,0.487434387207031,0.5486719633970443,8
2997,-86.6709370665,32.0040287465,0.492007702589035,0.538199170165293,8
2998,-84.0292705055,36.1873619125,0.485905259847641,0.5519043680996397,8
2999,-8.77927351549999,42.6790283195,0.641105055809021,0.5678727804719578,8
3000,-85.1876037925,36.9373618825,0.580185055732727,0.568158348765965,8
3001,-85.1709371265,38.6956951455,0.639758706092834,0.5773190496534301,8
3002,-7.79594022149999,42.4206949965,0.574644565582275,0.5600126503761779,8
3003,-81.1959372855,44.8040282345,0.338334530591965,0.5039043988245611,8
3004,-83.4876038605,36.2873619085,0.610641241073608,0.5593633588872943,8
3005,-93.1209368085,35.4123619435,0.538132548332214,0.5715143200115944,8
3006,-7.46260690150001,43.0456949715,0.549082815647125,0.5345942920314137,8
3007,-79.4709373545,35.9206952565,0.533497750759125,0.5270698679985611,8
3008,-92.3876035045,35.2790286155,0.544026434421539,0.5511275357781463,8
3009,-123.3542689325,45.4540282085,0.45969420671463,0.4930105892095702,8
3010,-106.5292696055,40.1040284225,0.367044478654861,0.42654954683560925,8
3011,-115.9459358955,52.1623612735,0.398995041847229,0.42594268677693153,8
3012,-110.1626027935,45.4623615415,0.427060097455978,0.4249705462150959,8
3013,-105.2042696585,38.8373618065,0.456052094697952,0.43409771313791407,8
3014,-122.8292689535,42.8873616445,0.439872443675995,0.47926382568923487,8
3015,-106.8959362575,41.1873617125,0.424463748931885,0.427779875546748,8
3016,-105.9959362935,40.6956950655,0.426129907369614,0.4236678663615474,8
3017,-115.3376025865,53.3456945595,0.416359752416611,0.42400858918663975,8
3018,-117.7959358215,49.4040280505,0.419948935508728,0.4254998067575731,8
3019,-115.7959359015,50.2040280185,0.454010665416718,0.4334847298218947,8
3020,-117.9959358135,53.6040278825,0.413975834846497,0.4265411316885287,8
3021,-124.9959355335,54.0040278665,0.370524108409882,0.4541132440165733,8
3022,-118.5542691245,45.5040282065,0.440121561288834,0.4673098041853583,8
3023,-128.5959353895,58.0040277065,0.458860605955124,0.43554426912673044,8
3024,30.5040582465,59.5540276445,0.592049658298492,0.4886112302916452,8
3025,-126.1959354855,57.4040277305,0.394507169723511,0.4240609268447558,8
3026,-7.80427355450001,41.9623616815,0.489118456840515,0.5310384705296297,8
3027,-48.9626052415,-27.4459688755,0.607633054256439,0.5788685455987371,8
3028,-60.2126047915,-2.6209698685,0.697882652282715,0.6176895773965851,8
3029,-50.1292718615,-29.2459688035,0.535446345806122,0.5804764936757476,8
3030,-79.6292706815,-1.0959699295,0.557219088077545,0.5580355280446743,8
3031,-83.2209372045,34.5206953125,0.527920305728912,0.5219958426460224,8
3032,-89.2626036295,32.9290287095,0.499256581068039,0.5267137956709662,8
3033,-88.4209369965,32.0290287455,0.518022298812866,0.5332229232700716,8
3034,-94.0292701055,36.5956952295,0.619662821292877,0.5692054260952183,8
3035,-85.6376037745,34.3623619855,0.540301084518433,0.5305576127114208,8
3036,-89.8292702735,32.0623620775,0.501762628555298,0.5235247044137562,8
3037,-8.4126068635,40.9123617235,0.69514673948288,0.5503974593683775,8
3038,-84.5209371525,35.4790286075,0.474499076604843,0.5463333669859904,8
3039,-86.2959370815,44.2790282555,0.645914375782013,0.5059306974412049,8
3040,-86.9292703895,33.8540286725,0.54407811164856,0.5254114456884682,8
3041,-85.7459371035,37.0706952105,0.545567512512207,0.5840896349066255,8
3042,-119.3709357585,37.8706951785,0.427060097455978,0.43984861202595504,8
3043,-81.2542706165,31.8040287545,0.47608956694603,0.5459957206304318,8
3044,-93.2792701355,33.1123620355,0.494923710823059,0.5340859204745833,8
3045,9.24572576349999,46.7290281575,0.420257836580276,0.5055117165567344,8
3046,-113.8042693145,46.4706948345,0.448802679777145,0.4671137048992738,8
3047,-111.7709360625,46.3206948405,0.45622780919075,0.4461516075316796,8
3048,-125.1959355255,55.0040278265,0.387338429689407,0.42151751511846813,8
3049,-124.9959355335,50.8040279945,0.454219818115234,0.45626727748380064,8
3050,-127.7959354215,55.0040278265,0.424428462982178,0.44822539263080247,8
3051,-121.4626023415,40.9873617205,0.522896230220795,0.5399532597525889,8
3052,-123.5959355895,50.4040280105,0.422327518463135,0.4368340581399458,8
3053,-89.6542702805,31.5873620965,0.498368501663208,0.5328939821383013,8
3054,-75.5626041775,37.8373618465,0.500815331935883,0.5247689354324787,8
3055,-63.4126046635,49.6956947055,0.456605792045593,0.45959826993646075,8
3056,-78.6542707205,48.7040280785,0.460611432790756,0.44957559984444884,8
3057,-64.5542712845,48.4123614235,0.417942702770233,0.48212809560865205,8
3058,-59.6709381465,51.2956946415,0.450230002403259,0.4632721836340114,8
3059,-66.1542712205,50.7373613305,0.453642219305038,0.45710207120433083,8
3060,6.1790592195,59.7373609705,0.483459025621414,0.5104174213983594,8
3061,-145.4959347135,62.9790275075,0.423653721809387,0.453930108186746,8
3062,2.71239269149999,42.4456949955,0.651950895786285,0.6169582383268454,8
3063,-72.7209376245,48.4040280905,0.41712948679924,0.4487093605413913,8
3064,-68.4542711285,46.6290281615,0.401003152132034,0.4958796868321513,8
3065,-72.7792709555,43.8040282745,0.75907176733017,0.5257568829435251,8
3066,-77.8542707525,46.3040281745,0.402939826250076,0.4980693670280424,8
3067,-71.7792709955,43.2373616305,0.464132368564606,0.5093663197750616,8
3068,-74.6959375455,41.7540283565,0.538483262062073,0.5370254938167892,8
3069,-69.0292711055,47.0873614765,0.52126145362854,0.4925016131236883,8
3070,-73.8042709145,44.1540282605,0.542385578155518,0.5025602975729073,8
3071,-71.1209376885,48.1790280995,0.39856493473053,0.4475226796661324,8
3072,-70.0876043965,45.6290282015,0.402350664138794,0.49805041844177866,8
3073,-85.7542704365,43.9706949345,0.350805312395096,0.49095528540770195,8
3074,-77.3459374395,41.2706950425,0.549801826477051,0.5335441663931053,8
3075,172.6457192275,-40.7959683415,0.569835662841797,0.6066724295437791,8
3076,-72.1042709825,-48.4709680345,0.515999972820282,0.48637184363219704,8
3077,-63.5959379895,45.0040282265,0.458329290151596,0.4973161920971205,8
3078,-80.3959373175,48.2040280985,0.49947065114975,0.4422842290357603,8
3079,-77.5959374295,45.8040281945,0.428901851177216,0.49047264322446577,8
3080,-82.3959372375,47.6040281225,0.425732642412186,0.43606902071739173,8
3081,-90.8876035645,46.0123615195,0.457749664783478,0.47964855412472857,8
3082,14.6040588825,51.6040279625,0.525859773159027,0.5151790060164775,8
3083,-71.9709376545,46.2373615105,0.539881944656372,0.49740191365365266,8
3084,-61.3959380775,45.2040282185,0.445196837186813,0.5006267316320732,8
3085,-72.6126042955,-50.6126346155,0.515652656555176,0.4877244327730919,8
3086,18.5123920595,53.5206945525,0.477901041507721,0.4974549388340532,8
3087,-70.6959377055,45.8790281915,0.405333757400513,0.5034920747404943,8
3088,-88.3709369985,47.2540281365,0.584298610687256,0.4798235787171969,8
3089,-90.2042702585,30.6206954685,0.491745710372925,0.5263315614646766,8
3090,-93.5792701235,30.4373621425,0.575002491474152,0.5304292242911537,8
3091,25.1873917925,47.0623614775,0.420257836580276,0.474618081765876,8
3092,-117.9459358155,57.1623610735,0.413773208856583,0.41939139674855996,8
3093,-124.5959355495,51.8040279545,0.427060097455978,0.4401475334871249,8
3094,-116.3959358775,49.8040280345,0.405071377754211,0.42175497424382324,8
3095,23.9290585095,48.5956947495,0.422433078289032,0.46041315321911497,8
3096,-80.0209373325,32.9456953755,0.695352077484131,0.5336060569027559,8
3097,-83.0542705445,31.6623620935,0.461673080921173,0.5312674562289234,8
3098,-67.0459378515,51.5123612995,0.45706707239151,0.46251802444537243,8
3099,-71.3709376785,50.3123613475,0.458173811435699,0.4541584701199752,8
3100,-69.3126044275,51.2290279775,0.46217742562294,0.4546369070023943,8
3101,-67.1959378455,50.0540280245,0.454984754323959,0.4583638200008753,8
3102,-101.3792698115,54.1373611945,0.419765681028366,0.43746756186017544,8
3103,-68.9209377765,51.8456946195,0.451338022947311,0.4558065641681164,8
3104,-87.1959370455,49.6040280425,0.331811428070068,0.44398741728088065,8
3105,-89.3959369575,51.2040279785,0.469768166542053,0.4469968011946923,8
3106,-57.3126049075,51.9206946165,0.459205269813538,0.461976925620996,8
3107,-64.6126046155,50.9790279875,0.482623130083084,0.45340821581276486,8
3108,-111.5959360695,54.8540278325,0.396435171365738,0.4198687866544934,8
3109,-113.7959359815,55.0040278265,0.396523475646973,0.4204600182104821,8
3110,-109.1959361655,54.0040278665,0.447893589735031,0.42241634419174645,8
3111,-117.5959358295,57.8040277145,0.393216490745544,0.41822571965648897,8
3112,171.2707192825,-42.6626349335,0.580950498580933,0.5814659370232076,8
3113,8.5290591255,63.1290275015,0.478477418422699,0.5092208951317991,8
3114,12.3123923075,64.7623607695,0.492470324039459,0.5049724745444316,8
3115,-110.5959361095,58.6040276825,0.46540179848671,0.4392592720917071,8
3116,-116.9959358535,61.0040275865,0.423852056264877,0.4385527347634954,8
3117,-81.4709372745,26.0790289835,0.430344611406326,0.5567829272540268,8
3118,13.3207256005,65.0706940905,0.505797624588013,0.49652124276575893,8
3119,-74.8292708735,45.6623615335,0.42764014005661,0.521355101447275,8
3120,-78.6959373855,47.3623614655,0.385482251644135,0.45294003748623973,8
3121,-73.7542709165,44.7623615695,0.426549404859543,0.502132854119391,8
3122,7.7040591585,53.1040279025,0.436279863119125,0.543431457920914,8
3123,8.80405911450001,55.2956944815,0.485198736190796,0.5344262325916422,8
3124,-150.1459345275,61.4373609025,0.469090610742569,0.47089632372796,8
3125,-120.5959357095,59.4040276505,0.397877007722855,0.43917367088112813,8
3126,-72.6209376285,51.7873612885,0.45586884021759,0.45404459408621944,8
3127,10.4123923835,61.2706942425,0.483799695968628,0.48125162807431054,8
3128,-84.5376038185,44.2790282555,0.413952380418777,0.47416426614750246,8
3129,-96.2792700155,50.2623613495,0.407560259103775,0.4319093807559191,8
3130,-92.8376034865,47.0956948095,0.493900090456009,0.4602132723717402,8
3131,-115.3709359185,44.7290282375,0.422468334436417,0.42640472961510184,8
3132,-114.6542692805,46.6623614935,0.42008376121521,0.4364285714483557,8
3133,-116.1542692205,47.4790281275,0.410165220499039,0.45273084679217496,8
3134,-115.9626025615,53.0456945715,0.42674845457077,0.428890834887306,8
3135,-77.9542707485,47.9956947735,0.474510371685028,0.46314399185482535,8
3136,-79.2792706955,50.8956946575,0.434968173503876,0.4468394794097001,8
3137,-77.1876041125,50.9956946535,0.457439541816711,0.4476969386312942,8
3138,-76.1459374875,49.9706946945,0.436638683080673,0.4489376493080616,8
3139,-78.4459373955,51.1623613135,0.456147760152817,0.4485313188507556,8
3140,-72.6042709625,-38.6543017605,0.566855907440186,0.5397484221779469,8
3141,-120.5126023795,47.1706948065,0.445732116699219,0.44833972883027357,8
3142,36.3790580115,61.9956942135,0.536035537719727,0.4759749274954566,8
3143,36.7290579975,66.3206940405,0.575871050357819,0.47277404356991987,8
3144,31.6790581995,65.8790273915,0.514570116996765,0.47188427527910726,8
3145,-4.42094035650001,41.1456950475,0.50644713640213,0.6009657102626625,8
3146,-70.8959376975,45.2790282155,0.55493152141571,0.5093632461999613,8
3147,-132.5959352295,55.6540278005,0.41125214099884,0.4619522545925421,8
3148,-77.0792707835,51.7123612915,0.458860605955124,0.44739004140529937,8
3149,-0.929273829500005,45.1790282195,0.50644713640213,0.5398015988697926,8
3150,31.8873915245,68.7623606095,0.491888284683228,0.4893550371525615,8
3151,-131.9959352535,67.6040273225,0.420473158359528,0.4512906007982966,8
3152,-119.9959357335,60.2040276185,0.433654129505157,0.43905593926242303,8
3153,-129.5959353495,68.2040272985,0.420473158359528,0.4508548140140449,8
3154,-122.9959356135,58.8040276745,0.460904389619827,0.4224430277758718,8
3155,33.7457247835,65.5540274045,0.482267439365387,0.4720125512408583,8
3156,31.9623915215,60.1290276215,0.51666921377182,0.48203720172599707,8
3157,30.7623915695,58.8290276735,0.592318058013916,0.4923781773497284,8
3158,-87.7376036905,47.4373614625,0.425173074007034,0.48021496860589086,8
3159,-60.7042714385,50.3290280135,0.443892449140549,0.45314150785332963,8
3160,-133.8709351785,58.5040276865,0.430088937282562,0.4868568472045012,9
3161,-111.4959360735,38.6540284805,0.392515927553177,0.43152237275939903,9
3162,-105.4042696505,47.2706948025,0.581285715103149,0.4557235677087853,9
3163,-99.6876032125,32.5206953925,0.634026527404785,0.6767809001736261,9
3164,-103.7626030495,48.0290281055,0.581285715103149,0.4785517956556046,9
3165,-1.4126071435,41.6373616945,0.606798827648163,0.6254099404712524,9
3166,-0.429273849499992,41.0873617165,0.606798827648163,0.6223953748248988,9
3167,-2.2209404445,37.7290285175,0.613296866416931,0.6214609646957501,9
3168,-109.8709361385,40.2623617495,0.418509840965271,0.5136614550257563,9
3169,6.44572587549999,46.8873614845,0.539202868938446,0.5168974118962439,9
3170,12.5040589665,51.1040279825,0.566551327705383,0.5631615632730067,9
3171,4.94572593550001,46.8373614865,0.615331768989563,0.580291770098987,9
3172,7.27905917550001,47.6290281215,0.638320505619049,0.5844381564842883,9
3173,6.6040592025,53.2956945615,0.580103754997253,0.5300048347603769,9
3174,1.2707260825,44.0540282645,0.396124988794327,0.5931932251906576,9
3175,-121.2459356835,45.4456948755,0.658333361148834,0.5448071844116489,9
3176,-118.6542691205,44.5623615775,0.529453635215759,0.4426910652651412,9
3177,-104.8709363385,44.4290282495,0.453842848539352,0.45885984967698945,9
3178,-110.7876027685,34.6040286425,0.514618456363678,0.537338311731812,9
3179,-122.3876023045,41.8040283545,0.512682497501373,0.5561614476354931,9
3180,-97.4626033015,27.4123622635,0.724089205265045,0.6803401035136002,9
3181,-99.7459365435,34.1040286625,0.591992318630219,0.6413834683184596,9
3182,-103.0792697435,42.4623616615,0.408438384532928,0.47780553973086876,9
3183,-104.3042696945,44.0873615965,0.440121561288834,0.45731240814850477,9
3184,-101.2876031485,41.1873617125,0.407692849636078,0.48818140202156524,9
3185,-3.07094041050001,41.2123617115,0.477901041507721,0.5767190223669035,9
3186,-118.1376024745,34.3790286515,0.487552911043167,0.5748155477716007,9
3187,1.4623927415,41.5790283635,0.612751722335815,0.6425394881648872,9
3188,-1.5292738055,37.6290285215,0.606798827648163,0.6288374704576986,9
3189,-3.4459403955,36.8706952185,0.606798827648163,0.6236803009936408,9
3190,-15.4959399135,27.9706955745,0.753520011901855,0.616145076220664,9
3191,-2.70427375849999,42.4873616605,0.399835050106049,0.620062159745624,9
3192,-113.5792693235,38.4123618235,0.51074481010437,0.5031396018758225,9
3193,-119.9459357355,41.8290283535,0.509938538074493,0.46947873961046604,9
3194,-118.5042691265,43.1123616355,0.512682497501373,0.4782643769824108,9
3195,-117.0876025165,36.9290285495,0.491808652877808,0.5191634117450509,9
3196,-114.6042692825,41.8123616875,0.509938538074493,0.490153102914977,9
3197,-119.9292690695,41.3373617065,0.509938538074493,0.47590009540960343,9
3198,-118.3542691325,41.8373616865,0.392515927553177,0.4836326990069733,9
3199,-85.2959371215,10.5373629385,0.553707122802734,0.5802798987685909,9
3200,-91.4959368735,14.2540294565,0.446526050567627,0.5665151419509882,9
3201,-105.0709363305,19.9623625615,0.513276994228363,0.6349422696341818,9
3202,4.94572593550001,48.4623614215,0.701584756374359,0.6086303865825257,9
3203,-73.9959375735,42.1123616755,0.588207304477692,0.5366315307054464,9
3204,28.2957250015,58.2456943635,0.477901041507721,0.5028581023067857,9
3205,24.6790584795,58.8790276715,0.475716590881348,0.5059679573965907,9
3206,9.70405907849999,51.8040279545,0.675813376903534,0.5792072727475129,9
3207,29.6623916135,57.5373610585,0.581611394882202,0.49951622678691915,9
3208,-78.4292707295,43.1706949665,0.5714231133461,0.5396797939576998,9
3209,6.93739252250001,47.2456948035,0.654212415218353,0.5256175690680381,9
3210,1.47072607449999,43.1040283025,0.633949518203735,0.6144052986075177,9
3211,-95.8792700315,47.0456948115,0.594123721122742,0.5114798191190951,9
3212,8.30405913449999,52.1040279425,0.572109937667847,0.554060964627618,9
3213,-85.6709371065,39.7206951045,0.61976021528244,0.5666932698822985,9
3214,-94.9292700695,45.8540281925,0.509557604789734,0.5035156108607939,9
3215,-91.7292701975,43.2790282955,0.565478146076202,0.5443039163598452,9
3216,-105.5542696445,32.9540287085,0.503495812416077,0.5188810759699356,9
3217,-113.9376026425,43.7540282765,0.457249969244003,0.42747934571437496,9
3218,-105.4292696495,42.0540283445,0.440121561288834,0.46934603348769316,9
3219,-109.7042694785,33.9290286695,0.413231402635574,0.46769530421746186,9
3220,-114.1709359665,47.0873614765,0.429150760173798,0.44929974648531484,9
3221,-100.3376031865,29.8456954995,0.668015658855438,0.6539867618594266,9
3222,-95.8126033675,35.4206952765,0.613179504871368,0.605255776488435,9
3223,-111.6376027345,45.8706948585,0.446131765842438,0.4617879230070146,9
3224,-96.6209366685,34.9540286285,0.703027606010437,0.618359355401915,9
3225,-97.8626032855,34.3873619845,0.692046761512756,0.6528159065985307,9
3226,-91.3542702125,39.1706951265,0.614229738712311,0.5754816618430266,9
3227,-96.5876033365,46.1706948465,0.471561640501022,0.52239326973288,9
3228,-89.4209369565,39.7623617695,0.576195359230042,0.5720077889366824,9
3229,-96.7792699955,47.2290281375,0.462737113237381,0.5236890238905141,9
3230,-99.9959365335,45.0706948905,0.499592185020447,0.5159989696287424,9
3231,-98.0876032765,48.8373614065,0.41880390048027,0.43700173618704247,9
3232,-97.4209366365,47.5290281255,0.497101843357086,0.5105996512377253,9
3233,-91.8292701935,42.8373616465,0.469889491796494,0.5468105727238005,9
3234,-99.0709365705,40.7623617295,0.601448774337769,0.5164766452360242,9
3235,-93.3376034665,40.0623617575,0.569556713104248,0.5736823835458711,9
3236,-90.1126035955,39.5790284435,0.588301122188568,0.5608735408999155,9
3237,-97.5209366325,38.9873618005,0.446631640195847,0.5504230925019886,9
3238,-97.3626033055,39.8373617665,0.559938788414001,0.5384946045887891,9
3239,-95.9209366965,44.9873615605,0.546640336513519,0.5297820474224317,9
3240,-95.4209367165,40.4873617405,0.515521824359894,0.5736573100450169,9
3241,-94.6376034145,37.7873618485,0.568173766136169,0.5889244105695668,9
3242,-86.4459370755,41.2790283755,0.629999995231628,0.5445702625929877,9
3243,-98.7292699175,44.0123615995,0.500695586204529,0.5264489953944882,9
3244,-90.9459368955,40.4206950765,0.578174769878387,0.5691544981820924,9
3245,-97.0626033175,45.4706948745,0.4505415558815,0.5265699964434092,9
3246,-93.0459368115,44.4956949135,0.557193994522095,0.5424509871384872,9
3247,-2.21260711150001,42.1706950065,0.614486873149872,0.6148898139503365,9
3248,-121.8042689945,36.5206952325,0.666599988937378,0.6401097559262701,9
3249,36.0790580235,35.3540286125,0.767705202102661,0.6322756938715562,9
3250,36.0290580255,34.4123619835,0.511049747467041,0.6519337418104033,9
3251,-105.8376029665,37.1290285415,0.567427396774292,0.48165251540882226,9
3252,-106.8459362595,42.9706949745,0.440121561288834,0.48044548841380036,9
3253,-97.4042699705,25.8873623245,0.724089205265045,0.6714920239970639,9
3254,-89.0292703055,18.0956959695,0.663789391517639,0.601311217326734,9
3255,165.4373861825,-21.2293024575,0.566185832023621,0.609262025181253,9
3256,-74.6959375455,6.10402978249999,0.55267471075058,0.581733766058633,9
3257,-88.7459369835,15.5040294065,0.398333340883255,0.5517850986106146,9
3258,-73.1292709415,10.3706962785,0.560819327831268,0.595974146737379,9
3259,-91.9959368535,15.5040294065,0.337919533252716,0.5735617778504222,9
3260,-90.8959368975,47.7790281155,0.440537840127945,0.4366359265917969,9
3261,18.7207253845,43.3040282945,0.590346574783325,0.5130368575490895,9
3262,174.7957191415,-39.6376350545,0.620007216930389,0.6144099390167184,9
3263,127.4040543705,37.7040285185,0.483753591775894,0.563810503413413,9
3264,149.8290534735,-37.1876351525,0.708038091659546,0.6547650025467495,9
3265,118.4707213945,41.3540283725,0.426161825656891,0.4520509646730499,9
3266,12.2373923105,55.8206944605,0.615073502063751,0.5110342908625468,9
3267,-86.5126037395,35.7206952645,0.576259315013885,0.5629089428632134,9
3268,3.1540593405,47.0623614775,0.701584756374359,0.6005366955465301,9
3269,-91.3959368775,47.2540281365,0.431390762329102,0.4417854834650683,9
3270,15.0540588645,53.8790278715,0.421947866678238,0.5046720009521175,9
3271,-90.6209369085,34.2290286575,0.491113066673279,0.5563254926294998,9
3272,4.2623926295,48.5040280865,0.442448019981384,0.593809235357441,9
3273,0.279059455500004,47.8373614465,0.560481488704681,0.592173335004715,9
3274,-0.429273849499992,46.1706948465,0.654902160167694,0.5747370737563212,9
3275,-87.1709370465,39.5040284465,0.472878128290176,0.5631563600729641,9
3276,126.2457210835,33.2706953625,0.564579427242279,0.5489578401589003,9
3277,0.479059447499992,45.3790282115,0.582797288894653,0.5923274852192247,9
3278,-89.8709369385,44.2873615885,0.590391755104065,0.5048643930270093,9
3279,0.554059444499984,43.6540282805,0.641279220581055,0.6096192164997267,9
3280,9.0457257715,46.0373615185,0.665757298469543,0.562740339746899,9
3281,-126.3959354775,54.6040278425,0.405075907707214,0.43352159287883146,9
3282,-121.5209356725,43.1623616335,0.427060097455978,0.45012230343177717,9
3283,-110.3209361205,40.9956950535,0.399460464715958,0.4245002407119506,9
3284,11.3790590115,46.0206948525,0.572432339191437,0.5726425551650886,9
3285,-97.5709366305,28.2790288955,0.610960781574249,0.6838663068109825,9
3286,-99.4959365535,43.4206949565,0.462638378143311,0.5165117092877171,9
3287,-101.0292698255,43.1373616345,0.538604855537415,0.4837579239052146,9
3288,-95.4959367135,33.7206953445,0.682043373584747,0.5731809968618872,9
3289,-100.3292698535,42.9206949765,0.485916674137115,0.47939335687049583,9
3290,-91.7292701975,38.5290284855,0.557874321937561,0.5831990819169057,9
3291,-97.6626032935,33.8206953405,0.692046761512756,0.6471282776485934,9
3292,-96.6626033335,31.4373621025,0.724089205265045,0.6553455618300372,9
3293,-92.5209368325,44.7873615685,0.564053595066071,0.5185995153692685,9
3294,6.1373925545,60.4373609425,0.593007445335388,0.49370882263254146,9
3295,-118.7126024515,36.1040285825,0.408989489078522,0.5475045639226409,9
3296,8.14572580749999,44.7456949035,0.399804413318634,0.5873771252194382,9
3297,16.0373921585,40.6290284015,0.776201784610748,0.6290840745307624,9
3298,-72.8959376175,-3.2959698415,0.600736498832703,0.5891119804712203,9
3299,-79.7459373435,9.17069632649999,0.538343191146851,0.569188495494219,9
3300,15.7207255045,2.5873632565,0.499526143074036,0.6143956232322271,9
3301,-64.7376046105,-16.4793026475,0.482986360788345,0.5710479511064,9
3302,-72.7876042885,-8.87930295150001,0.562400817871094,0.5847775273749082,9
3303,-65.6626045735,-9.8293029135,0.572636425495148,0.5767731701657326,9
3304,-78.3626040655,-3.44596983550001,0.555070996284485,0.5631690705252964,9
3305,95.4790556475,27.2040289385,0.777593612670898,0.5584791974899775,9
3306,107.3623885055,15.7706960625,0.562390208244324,0.5688199306712397,9
3307,91.7790557955,24.3290290535,0.474296063184738,0.5549978573950227,9
3308,108.2623884695,15.1956960855,0.371580809354782,0.5753497681244485,9
3309,-66.2542712165,18.2456959635,0.468361645936966,0.5506618231180331,9
3310,-80.8209373005,37.3540285325,0.56761246919632,0.5654572905087015,9
3311,-87.0376037185,31.6790287595,0.493900388479233,0.538146584293263,9
3312,-0.037607198500012,42.5706949905,0.51172798871994,0.5179673374324538,9
3313,-83.1126038755,38.5790284835,0.58365660905838,0.5525850035233314,9
3314,-81.9959372535,37.8790285115,0.464356064796448,0.5516942957332278,9
3315,-73.1542709405,-39.7543017165,0.572000026702881,0.54289670622748,9
3316,-79.9459373355,39.9456950955,0.505645334720612,0.5730280300488699,9
3317,14.5707255505,48.8456947395,0.568251729011536,0.5052001811917501,9
3318,-78.6626040535,40.4040284105,0.593963742256165,0.5415393372785632,9
3319,14.0040589065,52.7040279185,0.58757096529007,0.5110458977362619,9
3320,-84.9959371335,37.4540285285,0.684872329235077,0.5659961119159377,9
3321,-85.5292704455,37.7790285155,0.55519300699234,0.5704725651357409,9
3322,-81.5959372695,42.6040283225,0.460741072893143,0.5494104230701471,9
3323,-78.9959373735,44.2040282585,0.444060355424881,0.5263106736018878,9
3324,-82.8292705535,32.0873620765,0.501206517219543,0.5392388541380676,9
3325,-92.5876034965,32.4373620625,0.493268758058548,0.5239731199097061,9
3326,-124.0209355725,42.1706950065,0.468267500400543,0.539148481841096,9
3327,-123.3126022675,38.6706951465,0.488785624504089,0.5947083562473157,9
3328,-93.7792701155,34.0623619975,0.511257350444794,0.554092220192072,9
3329,-129.3959353575,56.4040277705,0.347506016492844,0.43803767938013755,9
3330,10.8790590315,64.8790274315,0.591212034225464,0.5230157170348516,9
3331,-93.0209368125,30.7623621295,0.487085372209549,0.5267592631553945,9
3332,-81.1042706225,33.8623620055,0.578345239162445,0.5337332303048062,9
3333,-86.2626037495,31.2956954415,0.507739245891571,0.5352818334925115,9
3334,-82.3292705735,28.6873622125,0.632099151611328,0.5428071799867655,9
3335,-83.8876038445,31.3873621045,0.492126941680908,0.5319607592020583,9
3336,-79.3209373605,34.9373619625,0.532341480255127,0.5196992161985059,9
3337,-71.9959376535,48.4123614235,0.426089495420456,0.4573997179385538,9
3338,34.3540580925,58.6123610155,0.422950655221939,0.49096285066529843,9
3339,145.6707203065,-18.6043025625,0.758604049682617,0.6821454248458999,9
3340,-102.7459364235,40.8540283925,0.408438384532928,0.49281376801553656,9
3341,-98.3709365985,42.2123616715,0.53404700756073,0.5114705041904831,9
3342,36.2207246845,7.1206964085,0.476572215557098,0.5760933599338506,9
3343,-149.0209345725,61.0123609195,0.398832499980927,0.5036534202788573,9
3344,-131.7542685965,56.3540277725,0.449999988079071,0.4909990881149015,9
3345,9.79572574150001,44.2623615895,0.616405665874481,0.5829921646619664,9
3346,-6.62094026849999,41.6206950285,0.771317541599274,0.6111888817624871,9
3347,-73.4959375935,-3.7793031555,0.646129131317139,0.5918313559394155,9
3348,-2.6959404255,5.2623631495,0.692517638206482,0.6180588493517527,9
3349,-93.9376034425,34.9456952955,0.527241587638855,0.5407142913413195,9
3350,-82.7126038915,36.0623619175,0.464639216661453,0.5296289440767507,9
3351,-81.5292706055,38.4790284875,0.768145978450775,0.5406375134719791,9
3352,-82.5959372295,38.7790284755,0.518060147762299,0.5535434082716437,9
3353,-82.3959372375,45.8040281945,0.340107142925262,0.4959669446041524,9
3354,-93.6459367875,35.5956952695,0.563639581203461,0.5545004892363472,9
3355,-85.3626037855,33.0456953715,0.625326633453369,0.5241399802988057,9
3356,-92.8626034855,48.1873614325,0.400402396917343,0.4344723764460484,9
3357,-80.0209373325,36.2123619115,0.477686196565628,0.5253424926411162,9
3358,-79.0626040375,36.2540285765,0.54103696346283,0.5327592715711353,9
3359,-118.2042691385,45.0373615585,0.489732682704926,0.43608556155354666,9
3360,-105.4042696505,39.9706950945,0.438828229904175,0.452028870298383,9
3361,-109.4709361545,45.1956948855,0.451438724994659,0.4183651243054292,9
3362,-105.4459363155,36.0540285845,0.624875247478485,0.45238972344132095,9
3363,-123.7126022515,44.6623615735,0.459385186433792,0.49718848212810257,9
3364,-123.7959355815,56.6040277625,0.412172019481659,0.42662782275256694,9
3365,-88.6876036525,30.5123621395,0.547954142093658,0.5139144548619555,9
3366,-103.3959363975,52.5206945925,0.402010470628738,0.42215479299738795,9
3367,9.1623924335,62.0540275445,0.490086495876312,0.5105030414890849,9
3368,-118.2042691385,54.7706945025,0.396169692277908,0.42389030953951173,9
3369,-71.6876043325,-46.0543014645,0.515999972820282,0.5081940362306232,9
3370,-7.80427355450001,40.2040284185,0.50644713640213,0.5534771305460046,9
3371,-52.9376050825,5.2706964825,0.68391615152359,0.5779267764488949,9
3372,-49.5876052165,-28.7043021585,0.55835348367691,0.5772000822480474,9
3373,-78.1542707405,41.8290283535,0.542533218860626,0.5279526435423436,9
3374,-79.8959373375,41.4290283695,0.535189032554626,0.5513080399695754,9
3375,-86.3376037465,33.4540286885,0.518586456775665,0.5266693962621116,9
3376,-65.3959379175,47.6040281225,0.459727615118027,0.4832572334120518,9
3377,-84.3042704945,33.4706953545,0.501343309879303,0.5227448282219369,9
3378,-89.2626036295,33.6123620155,0.493870288133621,0.5425567349129651,9
3379,-83.9126038435,35.6956952655,0.545345783233643,0.545817093535662,9
3380,-82.5792705635,43.3873616245,0.564867198467255,0.5388181981016981,9
3381,-121.2542690165,40.5290284055,0.40747395157814,0.4387424837553752,9
3382,-111.0126027595,44.5706949105,0.427060097455978,0.4217561641084578,9
3383,-122.6542689605,41.2956950415,0.400343924760818,0.44541474703895806,9
3384,5.21239259149999,60.0290276255,0.476936161518097,0.5134878298146252,9
3385,-120.1959357255,52.6040279225,0.437512308359146,0.42976227280756113,9
3386,-119.5959357495,50.2040280185,0.439795911312103,0.44146504866143194,9
3387,-117.3542691725,59.2956943215,0.423310339450836,0.4285524276238638,9
3388,-114.5959359495,60.4040276105,0.422428846359253,0.43825110869788053,9
3389,-113.0709360105,45.8290281935,0.452332377433777,0.4394835050925489,9
3390,12.4123923035,65.4373607425,0.434456080198288,0.5143494011549546,9
3391,-79.2209373645,41.5873616965,0.578977882862091,0.5327571448505473,9
3392,-69.9459377355,46.9790281475,0.352864503860474,0.4866650616294633,9
3393,-71.1126043555,44.6956949055,0.412967830896378,0.4834293858272085,9
3394,-72.4126043035,43.3373616265,0.670026063919067,0.5429066402135994,9
3395,-88.7709369825,45.9623615215,0.480548441410065,0.4621619763942247,9
3396,-72.4709376345,44.4206949165,0.434791624546051,0.5102036075586832,9
3397,-73.2209376045,48.8373614065,0.455234795808792,0.45351076932896006,9
3398,-83.4459371955,44.4206949165,0.525386810302734,0.4849849703561941,9
3399,-67.4959378335,44.7540282365,0.496443688869476,0.48996289845826935,9
3400,-70.2709377225,47.6623614535,0.435150146484375,0.4765825745725535,9
3401,-75.1626041935,46.4540281685,0.618685007095337,0.48834289102454553,9
3402,171.6707192665,-41.9459682955,0.57753574848175,0.6045791229251105,9
3403,-65.7959379015,44.0040282665,0.445793837308884,0.4755032933800608,9
3404,-66.9959378535,46.2040281785,0.704172492027283,0.4942846525443399,9
3405,11.9290589895,46.7206948245,0.440104126930237,0.48872332075640906,9
3406,-116.9959358535,50.6040280025,0.420054376125336,0.4343662297072055,9
3407,-121.7959356615,54.4040278505,0.397850841283798,0.41979731193259734,9
3408,-79.6876040125,33.8956953375,0.509916484355927,0.5232557528977438,9
3409,-81.1626039535,33.0040287065,0.494764447212219,0.523452176456832,9
3410,-76.8209374605,35.5123619395,0.492338091135025,0.5114344658306169,9
3411,8.15405914050001,58.6373610145,0.480575144290924,0.4940568517533879,9
3412,-69.0292711055,49.6456947075,0.456900328397751,0.45364975751733405,9
3413,-104.2542696965,54.6123611755,0.422528356313705,0.43443102918495663,9
3414,-104.9792696675,54.4206945165,0.425157606601715,0.43685967874851866,9
3415,-68.1542711405,50.6040280025,0.455753415822983,0.45768221188786473,9
3416,-114.7126026115,55.6123611355,0.396992027759552,0.41829775711378503,9
3417,-72.1292709815,50.2956946815,0.451006263494492,0.45125912567870713,9
3418,-90.9959368935,52.2040279385,0.458860605955124,0.4486653406706995,9
3419,-91.9959368535,51.6040279625,0.418818563222885,0.4491180977651873,9
3420,-84.5959371495,49.2040280585,0.386814206838608,0.4375660377138367,9
3421,-56.5959382695,48.8040280745,0.4568832218647,0.46209503909407035,9
3422,-53.9959383735,48.0040281065,0.458860605955124,0.4881005686362998,9
3423,-108.3959361975,54.4040278505,0.392515927553177,0.41721090816401457,9
3424,170.7707193025,-43.0126349195,0.686267197132111,0.5473383464167243,9
3425,-72.1626043135,42.8873616445,0.522846519947052,0.5074277362308685,9
3426,167.4623861015,-45.8543014725,0.577499091625214,0.5847973958764346,9
3427,167.6623860935,-44.8543015125,0.715996742248535,0.5286967404468196,9
3428,-91.2626035495,46.3790281715,0.634875655174255,0.4552362154839954,9
3429,6.92072585649998,48.0956947695,0.498591363430023,0.506903561681673,9
3430,17.0540587845,52.1540279405,0.631430447101593,0.49585095624145725,9
3431,-94.2542700965,33.8373620065,0.577148735523224,0.5513815384028059,9
3432,-99.7959365415,54.6040278425,0.497082591056824,0.4399740884227088,9
3433,-94.9959367335,55.6040278025,0.458860605955124,0.4473103752247053,9
3434,-80.9459372955,26.2456956435,0.395999997854233,0.553198583487474,9
3435,-77.9626040815,1.13736331449999,0.55567592382431,0.555807235309549,9
3436,-74.2376042305,47.6206947885,0.465061902999878,0.46318022960264,9
3437,-70.8126043675,42.1790283395,0.497784227132797,0.5083059199603177,9
3438,-79.9959373335,44.2040282585,0.549761354923248,0.5084813171059099,9
3439,-122.4709356345,44.6206949085,0.454610109329224,0.46110697580399657,9
3440,-122.8126022875,47.1290281415,0.446898549795151,0.5072682366220767,9
3441,-151.7792677955,59.7456943035,0.420473158359528,0.4916491614606824,9
3442,-152.6292677615,58.1290277015,0.390979200601578,0.4598986335040004,9
3443,-63.9542713085,52.1706946065,0.458860605955124,0.44985464974622463,9
3444,-150.4042678505,60.6623609335,0.458860605955124,0.4602107798136903,9
3445,-65.8626045655,51.9623612815,0.459617286920547,0.4560242772038995,9
3446,32.5540581645,67.5956939895,0.459993541240692,0.48205232904775136,9
3447,29.0707249705,69.1040272625,0.477901041507721,0.5092943206678416,9
3448,-65.5376045785,49.2373613905,0.702430546283722,0.4861386696019927,9
3449,-69.5959377495,52.1040279425,0.447578519582748,0.4566649348965158,9
3450,-100.0292698655,56.1706944465,0.421508193016052,0.440058167089122,9
3451,-71.4959376735,51.8373612865,0.458052545785904,0.45425142450490474,9
3452,-96.5959366695,54.0040278665,0.452319175004959,0.4461976834519889,9
3453,-8.7626068495,37.7873618485,0.599763691425323,0.6375229932428718,9
3454,7.45405916850001,48.9206947365,0.476422637701035,0.5267610324796269,9
3455,174.0457191715,-39.2209684045,0.56384664773941,0.5801056727986879,9
3456,-77.9126040835,47.4956947935,0.429446786642075,0.449738661489541,9
3457,-120.4959357135,48.8290280735,0.370543748140335,0.4295821598586939,9
3458,-121.9626023215,48.7290280775,0.422826379537582,0.44930065615130044,9
3459,-114.8959359375,47.1206948085,0.447099179029465,0.4458099858044152,9
3460,-116.3126025475,53.7456945435,0.45746898651123,0.42154400082282717,9
3461,-107.3959362375,55.0040278265,0.44171354174614,0.4260783531357615,9
3462,-79.2376040305,49.9540280285,0.474744409322739,0.44371395939374675,9
3463,-73.4709375945,51.9456946155,0.44324603676796,0.45045335775797346,9
3464,100.2540554565,38.5290284855,0.410287916660309,0.4239520429702749,9
3465,-85.8626037655,30.3123621475,0.506496727466583,0.5218525816184227,9
3466,29.0623916375,60.6956942655,0.477901041507721,0.4960968039307606,9
3467,32.6707248265,61.8290275535,0.477901041507721,0.4841156011529612,9
3468,31.0707248905,68.1873606325,0.43574982881546,0.5081604449872749,9
3469,-111.4542694085,57.1206944085,0.419999986886978,0.42901295739710377,9
3470,30.3040582545,68.7623606095,0.466985940933228,0.512534489100576,9
3471,153.1707200065,-25.1626356335,0.731345176696777,0.6630352947917815,9
3472,-124.5959355495,49.0040280665,0.444016635417938,0.4753121836072556,9
3473,-133.1626018735,56.7456944235,0.432319819927216,0.45845175836824326,9
3474,8.72905911749999,63.5873608165,0.477901041507721,0.5214115574921727,9
3475,-129.7959353415,66.8040273545,0.447478771209717,0.4508240654929398,9
3476,-124.3959355575,66.4040273705,0.428472995758057,0.4482016178487794,9
3477,-125.3959355175,67.4040273305,0.445777058601379,0.4494970468355856,9
3478,34.9290580695,68.1206939685,0.436751335859299,0.5049757033644977,9
3479,35.3540580525,63.1956941655,0.42874151468277,0.4793572146593251,9
3480,35.0790580635,59.7456943035,0.477901041507721,0.47576904216895205,9
3481,-92.2209368445,48.3206947605,0.428695827722549,0.43559244149816073,9
3482,-75.8376041665,49.5706947105,0.459471762180328,0.4462270209133368,9
3483,-61.1959380855,53.0040279065,0.455708384513855,0.4548334003235316,9
